# Configuracion:
# Concentracion g/m^3_=_23900.0
# C_Vs_to_Am_M_A/Vsm_=_59384043850.047264
# pendiente_HvsI_1/m_=_3716.3
# ordenada_HvsI_A/m_=_1297.0
# frecuencia_ref_Hz_=_301130.0845868243
# 
Resultados:
# tau_ns_=_(2.05+/-0.11)e+02
# dphi_rad_=_6.65+/-0.02
# SAR_W/g_=_705.80+/-84.72
# Hc_kA/m_=_17.65+/-0.98
# Mr_A/m_=_445.15+/-57.19
# Magnetizacion_max_=_983.29+/-64.81
# Suceptibilidad_a_M=0_=_(3.433+/-0.478)e-02

Nombre_archivo	Time_m_(s)	Temperatura_(ºC)	Mr_(A/m)	Hc_(kA/m)	Campo_max_(A/m)	Mag_max_(A/m)	f0	mag0	dphi0	SAR_(W/g)	Tau_(ns)	N	xi_M_0
300kHz_100dA_100Mss_bobN1M17-0010.txt	4.72	22.94	331.54	15.29	38460.00	862.38	3.010753e+05	6.476846e+01	6.607440e+00	532.91	177.659867	4650	2.599e-02
300kHz_100dA_100Mss_bobN1M17-0011.txt	5.16	23.84	341.41	15.54	38460.00	873.33	3.011400e+05	6.564474e+01	6.612801e+00	548.84	180.818577	4649	2.671e-02
300kHz_100dA_100Mss_bobN1M17-0012.txt	5.65	24.86	348.47	15.73	38460.00	880.05	3.011400e+05	6.623534e+01	6.616520e+00	559.80	183.018544	4649	2.696e-02
300kHz_100dA_100Mss_bobN1M17-0013.txt	6.13	25.89	353.92	15.89	38460.00	884.67	3.011400e+05	6.666257e+01	6.619585e+00	568.39	184.833545	4649	2.733e-02
300kHz_100dA_100Mss_bobN1M17-0014.txt	6.57	26.85	360.17	16.03	38460.00	892.36	3.011400e+05	6.730845e+01	6.622178e+00	578.15	186.373122	4649	2.762e-02
300kHz_100dA_100Mss_bobN1M17-0015.txt	7.03	27.90	365.64	16.18	38460.00	896.45	3.011400e+05	6.768278e+01	6.625017e+00	586.05	188.062002	4649	2.815e-02
300kHz_100dA_100Mss_bobN1M17-0016.txt	7.55	29.62	370.09	16.30	38460.00	901.47	3.011400e+05	6.814309e+01	6.627135e+00	593.54	189.323961	4649	2.843e-02
300kHz_100dA_100Mss_bobN1M17-0017.txt	8.0	31.10	374.14	16.41	38460.00	904.07	3.011400e+05	6.835420e+01	6.629782e+00	599.78	190.904579	4649	2.853e-02
300kHz_100dA_100Mss_bobN1M17-0018.txt	8.45	31.10	377.75	16.51	38460.00	907.38	3.011400e+05	6.867641e+01	6.631353e+00	605.23	191.843664	4649	2.871e-02
300kHz_100dA_100Mss_bobN1M17-0019.txt	9.36	31.89	387.96	16.70	38460.00	918.70	3.011400e+05	6.961734e+01	6.635693e+00	620.85	194.443462	4649	2.946e-02
300kHz_100dA_100Mss_bobN1M17-0020.txt	9.8	32.86	390.80	16.80	38460.00	920.51	3.011400e+05	6.984352e+01	6.637545e+00	626.00	195.556173	4649	2.991e-02
300kHz_100dA_100Mss_bobN1M17-0021.txt	10.29	33.94	394.93	16.91	38460.00	923.27	3.011400e+05	7.008021e+01	6.639972e+00	632.24	197.015226	4649	3.019e-02
300kHz_100dA_100Mss_bobN1M17-0022.txt	10.73	34.91	399.21	16.99	38460.00	929.82	3.011400e+05	7.064167e+01	6.640774e+00	638.68	197.500689	4649	3.036e-02
300kHz_100dA_100Mss_bobN1M17-0023.txt	11.21	35.98	403.17	17.07	38460.00	933.02	3.011400e+05	7.095260e+01	6.642685e+00	644.77	198.651051	4649	3.051e-02
300kHz_100dA_100Mss_bobN1M17-0024.txt	11.65	36.99	407.87	17.12	38460.00	939.72	3.011400e+05	7.150516e+01	6.643455e+00	651.12	199.116762	4649	3.073e-02
300kHz_100dA_100Mss_bobN1M17-0025.txt	12.1	38.02	410.51	17.22	38460.00	941.16	3.011400e+05	7.162748e+01	6.645597e+00	655.94	200.410736	4649	3.073e-02
300kHz_100dA_100Mss_bobN1M17-0026.txt	12.54	38.99	415.88	17.28	38460.00	947.35	3.011400e+05	7.216663e+01	6.646805e+00	662.98	201.139565	4649	3.154e-02
300kHz_100dA_100Mss_bobN1M17-0027.txt	12.98	39.96	419.02	17.37	38460.00	950.61	3.011400e+05	7.246589e+01	6.648371e+00	668.47	202.088530	4649	3.180e-02
300kHz_100dA_100Mss_bobN1M17-0028.txt	13.5	41.15	422.81	17.46	38460.00	954.66	3.011400e+05	7.283560e+01	6.650246e+00	675.18	203.226553	4649	3.229e-02
300kHz_100dA_100Mss_bobN1M17-0029.txt	13.97	42.23	426.11	17.55	38460.00	956.19	3.011400e+05	7.299198e+01	6.652495e+00	680.58	204.591019	4649	3.234e-02
300kHz_100dA_100Mss_bobN1M17-0030.txt	14.42	43.22	431.81	17.63	38460.00	962.39	3.011400e+05	7.361515e+01	6.653219e+00	687.68	205.032258	4649	3.283e-02
300kHz_100dA_100Mss_bobN1M17-0031.txt	14.88	44.24	435.82	17.68	38460.00	968.09	3.011400e+05	7.405548e+01	6.654305e+00	693.72	205.692356	4649	3.303e-02
300kHz_100dA_100Mss_bobN1M17-0032.txt	15.32	45.24	439.29	17.74	38460.00	973.63	3.011400e+05	7.453131e+01	6.654626e+00	698.76	205.888521	4649	3.329e-02
300kHz_100dA_100Mss_bobN1M17-0033.txt	15.81	46.36	442.51	17.80	38460.00	975.97	3.011400e+05	7.473751e+01	6.656725e+00	704.47	207.166162	4649	3.326e-02
300kHz_100dA_100Mss_bobN1M17-0034.txt	16.25	47.38	445.63	17.85	38460.00	979.66	3.011400e+05	7.502710e+01	6.657759e+00	709.06	207.798201	4649	3.345e-02
300kHz_100dA_100Mss_bobN1M17-0035.txt	16.73	48.48	450.55	17.93	38460.00	984.82	3.011400e+05	7.552230e+01	6.658947e+00	715.90	208.522701	4649	3.443e-02
300kHz_100dA_100Mss_bobN1M17-0036.txt	17.18	49.50	454.64	18.00	38460.00	989.08	3.011400e+05	7.592144e+01	6.660073e+00	721.73	209.211670	4649	3.475e-02
300kHz_100dA_100Mss_bobN1M17-0037.txt	17.66	50.55	456.74	18.03	38460.00	993.73	3.011400e+05	7.628733e+01	6.660367e+00	725.75	209.391177	4649	3.482e-02
300kHz_100dA_100Mss_bobN1M17-0038.txt	18.62	52.66	465.93	18.12	38460.00	1005.62	3.011400e+05	7.732387e+01	6.661965e+00	738.58	210.369121	4649	3.555e-02
300kHz_100dA_100Mss_bobN1M17-0039.txt	19.09	53.71	468.70	18.17	38460.00	1007.39	3.011400e+05	7.747559e+01	6.663310e+00	742.53	211.194063	4649	3.619e-02
300kHz_100dA_100Mss_bobN1M17-0040.txt	19.53	54.72	471.37	18.24	38460.00	1010.40	3.011400e+05	7.776647e+01	6.664545e+00	747.62	211.951854	4649	3.644e-02
300kHz_100dA_100Mss_bobN1M17-0041.txt	19.99	55.78	474.75	18.28	38460.00	1013.47	3.010753e+05	7.807797e+01	6.665231e+00	751.74	212.372858	4650	3.699e-02
300kHz_100dA_100Mss_bobN1M17-0042.txt	20.5	56.90	478.95	18.33	38460.00	1019.66	3.011400e+05	7.858436e+01	6.665751e+00	757.75	212.691769	4649	3.693e-02
300kHz_100dA_100Mss_bobN1M17-0043.txt	20.95	57.89	483.38	18.38	38460.00	1024.02	3.011400e+05	7.899775e+01	6.666675e+00	763.49	213.259248	4649	3.718e-02
300kHz_100dA_100Mss_bobN1M17-0044.txt	21.4	58.88	486.28	18.42	38460.00	1027.74	3.011400e+05	7.934413e+01	6.667319e+00	768.06	213.655635	4649	3.740e-02
300kHz_100dA_100Mss_bobN1M17-0045.txt	21.85	59.87	489.19	18.44	38460.00	1032.43	3.011400e+05	7.968553e+01	6.667706e+00	772.10	213.892849	4649	3.746e-02
300kHz_100dA_100Mss_bobN1M17-0046.txt	22.3	60.89	493.38	18.48	38460.00	1036.72	3.011400e+05	8.010219e+01	6.668581e+00	777.82	214.431600	4649	3.794e-02
300kHz_100dA_100Mss_bobN1M17-0047.txt	22.75	61.92	495.49	18.53	38460.00	1037.51	3.011400e+05	8.017935e+01	6.669742e+00	780.79	215.147255	4649	3.805e-02
300kHz_100dA_100Mss_bobN1M17-0048.txt	23.21	62.98	498.74	18.55	38460.00	1043.86	3.011400e+05	8.072350e+01	6.669306e+00	785.25	214.877948	4649	3.852e-02
300kHz_100dA_100Mss_bobN1M17-0049.txt	23.66	64.02	501.83	18.58	38460.00	1047.05	3.011400e+05	8.100305e+01	6.670368e+00	790.03	215.533413	4649	3.867e-02
300kHz_100dA_100Mss_bobN1M17-0050.txt	24.11	65.05	505.12	18.60	38460.00	1052.17	3.011400e+05	8.147227e+01	6.670237e+00	794.35	215.451301	4649	3.964e-02
300kHz_100dA_100Mss_bobN1M17-0051.txt	24.56	66.09	507.97	18.62	38460.00	1056.02	3.011400e+05	8.178335e+01	6.670667e+00	798.22	215.717939	4649	3.972e-02
300kHz_100dA_100Mss_bobN1M17-0052.txt	25.04	67.19	512.12	18.61	38460.00	1063.34	3.011400e+05	8.240568e+01	6.669712e+00	802.42	215.130248	4649	3.967e-02
300kHz_100dA_100Mss_bobN1M17-0053.txt	25.48	68.16	514.04	18.66	38460.00	1064.78	3.011400e+05	8.256199e+01	6.670693e+00	805.88	215.734085	4649	4.046e-02
300kHz_100dA_100Mss_bobN1M17-0054.txt	25.92	69.12	516.47	18.67	38460.00	1069.67	3.011400e+05	8.297617e+01	6.670683e+00	809.90	215.728008	4649	4.073e-02
300kHz_100dA_100Mss_bobN1M17-0055.txt	26.39	70.24	518.85	18.70	38460.00	1071.88	3.011400e+05	8.316600e+01	6.671385e+00	813.15	216.159602	4649	4.124e-02
300kHz_100dA_100Mss_bobN1M17-0056.txt	26.84	71.32	522.66	18.72	38460.00	1075.57	3.011400e+05	8.352892e+01	6.671810e+00	817.55	216.422376	4649	4.131e-02
300kHz_100dA_100Mss_bobN1M17-0057.txt	27.74	73.40	528.19	18.78	38460.00	1082.29	3.011400e+05	8.413522e+01	6.672772e+00	825.41	217.016771	4649	4.254e-02
300kHz_100dA_100Mss_bobN1M17-0058.txt	28.19	74.42	531.63	18.76	38460.00	1088.50	3.011400e+05	8.464404e+01	6.672012e+00	828.87	216.548232	4649	4.253e-02
300kHz_100dA_100Mss_bobN1M17-0059.txt	28.67	75.47	533.89	18.80	38460.00	1089.68	3.011400e+05	8.478208e+01	6.672851e+00	831.92	217.066363	4649	4.299e-02
