# Temperatura_=_47.80153846153845
# Concentracion g/m^3_=_23900.0
# C_Vs_to_Am_M_A/Vsm_=_59384043850.047264
# pendiente_HvsI_1/m_=_3716.3
# ordenada_HvsI_A/m_=_1297.0
# frecuencia_Hz_=_301340.4293947948
# Promedio de 13 ciclos

Tiempo_(s)	Campo_(V.s)	Magnetizacion_(V.s)	Campo_(kA/m)	Magnetizacion_(A/m)
0.000000e+00	-6.679367e-09	-2.529677e-08	-4.769797e+01	-1.501424e+03
1.000000e-08	-6.677365e-09	-2.529764e-08	-4.768367e+01	-1.501528e+03
2.000000e-08	-6.673038e-09	-2.529601e-08	-4.765277e+01	-1.501563e+03
3.000000e-08	-6.666624e-09	-2.529708e-08	-4.760697e+01	-1.501499e+03
4.000000e-08	-6.658113e-09	-2.529726e-08	-4.754619e+01	-1.501292e+03
5.000000e-08	-6.647277e-09	-2.529152e-08	-4.746881e+01	-1.500898e+03
6.000000e-08	-6.634011e-09	-2.527815e-08	-4.737407e+01	-1.500296e+03
7.000000e-08	-6.618301e-09	-2.527059e-08	-4.726189e+01	-1.499491e+03
8.000000e-08	-6.600236e-09	-2.526990e-08	-4.713288e+01	-1.498514e+03
9.000000e-08	-6.579911e-09	-2.523167e-08	-4.698774e+01	-1.497415e+03
1.000000e-07	-6.557088e-09	-2.518366e-08	-4.682476e+01	-1.496243e+03
1.100000e-07	-6.531565e-09	-2.516543e-08	-4.664249e+01	-1.495035e+03
1.200000e-07	-6.503564e-09	-2.515916e-08	-4.644253e+01	-1.493801e+03
1.300000e-07	-6.473592e-09	-2.516414e-08	-4.622850e+01	-1.492525e+03
1.400000e-07	-6.441990e-09	-2.517497e-08	-4.600282e+01	-1.491174e+03
1.500000e-07	-6.408482e-09	-2.511357e-08	-4.576355e+01	-1.489711e+03
1.600000e-07	-6.372668e-09	-2.506242e-08	-4.550779e+01	-1.488107e+03
1.700000e-07	-6.334800e-09	-2.509663e-08	-4.523737e+01	-1.486353e+03
1.800000e-07	-6.294800e-09	-2.499758e-08	-4.495173e+01	-1.484461e+03
1.900000e-07	-6.252333e-09	-2.492464e-08	-4.464847e+01	-1.482457e+03
2.000000e-07	-6.207664e-09	-2.493629e-08	-4.432948e+01	-1.480371e+03
2.100000e-07	-6.160804e-09	-2.489917e-08	-4.399484e+01	-1.478223e+03
2.200000e-07	-6.111480e-09	-2.491039e-08	-4.364262e+01	-1.476016e+03
2.300000e-07	-6.059598e-09	-2.485422e-08	-4.327212e+01	-1.473734e+03
2.400000e-07	-6.005219e-09	-2.477925e-08	-4.288380e+01	-1.471349e+03
2.500000e-07	-5.948605e-09	-2.475850e-08	-4.247951e+01	-1.468832e+03
2.600000e-07	-5.889813e-09	-2.469764e-08	-4.205967e+01	-1.466165e+03
2.700000e-07	-5.828890e-09	-2.464095e-08	-4.162461e+01	-1.463346e+03
2.800000e-07	-5.766000e-09	-2.459452e-08	-4.117551e+01	-1.460394e+03
2.900000e-07	-5.701058e-09	-2.456763e-08	-4.071175e+01	-1.457340e+03
3.000000e-07	-5.633943e-09	-2.452858e-08	-4.023247e+01	-1.454212e+03
3.100000e-07	-5.564682e-09	-2.446098e-08	-3.973788e+01	-1.451031e+03
3.200000e-07	-5.493446e-09	-2.440288e-08	-3.922917e+01	-1.447796e+03
3.300000e-07	-5.420261e-09	-2.432603e-08	-3.870655e+01	-1.444489e+03
3.400000e-07	-5.344957e-09	-2.428297e-08	-3.816880e+01	-1.441079e+03
3.500000e-07	-5.267527e-09	-2.422870e-08	-3.761586e+01	-1.437533e+03
3.600000e-07	-5.187949e-09	-2.416003e-08	-3.704759e+01	-1.433831e+03
3.700000e-07	-5.106338e-09	-2.410935e-08	-3.646480e+01	-1.429971e+03
3.800000e-07	-5.022993e-09	-2.403655e-08	-3.586962e+01	-1.425970e+03
3.900000e-07	-4.938037e-09	-2.396363e-08	-3.526294e+01	-1.421857e+03
4.000000e-07	-4.851505e-09	-2.388455e-08	-3.464501e+01	-1.417664e+03
4.100000e-07	-4.763383e-09	-2.381882e-08	-3.401572e+01	-1.413407e+03
4.200000e-07	-4.673538e-09	-2.374988e-08	-3.337413e+01	-1.409087e+03
4.300000e-07	-4.581901e-09	-2.367933e-08	-3.271974e+01	-1.404681e+03
4.400000e-07	-4.488605e-09	-2.360918e-08	-3.205351e+01	-1.400156e+03
4.500000e-07	-4.393754e-09	-2.352313e-08	-3.137616e+01	-1.395479e+03
4.600000e-07	-4.297340e-09	-2.343951e-08	-3.068766e+01	-1.390628e+03
4.700000e-07	-4.199334e-09	-2.335155e-08	-2.998779e+01	-1.385601e+03
4.800000e-07	-4.099739e-09	-2.326765e-08	-2.927657e+01	-1.380418e+03
4.900000e-07	-3.998689e-09	-2.318115e-08	-2.855497e+01	-1.375111e+03
5.000000e-07	-3.896285e-09	-2.309310e-08	-2.782369e+01	-1.369712e+03
5.100000e-07	-3.792514e-09	-2.300458e-08	-2.708266e+01	-1.364239e+03
5.200000e-07	-3.687353e-09	-2.290842e-08	-2.633169e+01	-1.358689e+03
5.300000e-07	-3.580796e-09	-2.280873e-08	-2.557075e+01	-1.353036e+03
5.400000e-07	-3.472912e-09	-2.270665e-08	-2.480034e+01	-1.347241e+03
5.500000e-07	-3.363805e-09	-2.260870e-08	-2.402120e+01	-1.341268e+03
5.600000e-07	-3.253582e-09	-2.250792e-08	-2.323409e+01	-1.335093e+03
5.700000e-07	-3.142241e-09	-2.240115e-08	-2.243899e+01	-1.328717e+03
5.800000e-07	-3.029723e-09	-2.228925e-08	-2.163549e+01	-1.322166e+03
5.900000e-07	-2.916033e-09	-2.217543e-08	-2.082362e+01	-1.315477e+03
6.000000e-07	-2.801176e-09	-2.206188e-08	-2.000342e+01	-1.308689e+03
6.100000e-07	-2.685176e-09	-2.194557e-08	-1.917505e+01	-1.301822e+03
6.200000e-07	-2.568096e-09	-2.182825e-08	-1.833897e+01	-1.294868e+03
6.300000e-07	-2.450073e-09	-2.171145e-08	-1.749616e+01	-1.287797e+03
6.400000e-07	-2.331221e-09	-2.159215e-08	-1.664742e+01	-1.280559e+03
6.500000e-07	-2.211554e-09	-2.146299e-08	-1.579287e+01	-1.273105e+03
6.600000e-07	-2.091087e-09	-2.132801e-08	-1.493261e+01	-1.265404e+03
6.700000e-07	-1.969868e-09	-2.119382e-08	-1.406697e+01	-1.257450e+03
6.800000e-07	-1.847930e-09	-2.105886e-08	-1.319620e+01	-1.249267e+03
6.900000e-07	-1.725290e-09	-2.091878e-08	-1.232041e+01	-1.240894e+03
7.000000e-07	-1.601976e-09	-2.077604e-08	-1.143982e+01	-1.232367e+03
7.100000e-07	-1.478032e-09	-2.063251e-08	-1.055472e+01	-1.223704e+03
7.200000e-07	-1.353541e-09	-2.048374e-08	-9.665718e+00	-1.214893e+03
7.300000e-07	-1.228595e-09	-2.032844e-08	-8.773469e+00	-1.205892e+03
7.400000e-07	-1.103264e-09	-2.017068e-08	-7.878466e+00	-1.196643e+03
7.500000e-07	-9.775927e-10	-2.001182e-08	-6.981038e+00	-1.187090e+03
7.600000e-07	-8.516017e-10	-1.984667e-08	-6.081325e+00	-1.177199e+03
7.700000e-07	-7.253408e-10	-1.967322e-08	-5.179683e+00	-1.166967e+03
7.800000e-07	-5.988649e-10	-1.949543e-08	-4.276507e+00	-1.156420e+03
7.900000e-07	-4.722109e-10	-1.931605e-08	-3.372059e+00	-1.145597e+03
8.000000e-07	-3.454132e-10	-1.912969e-08	-2.466584e+00	-1.134521e+03
8.100000e-07	-2.184968e-10	-1.893498e-08	-1.560262e+00	-1.123180e+03
8.200000e-07	-9.149735e-11	-1.873682e-08	-6.533461e-01	-1.111510e+03
8.300000e-07	3.552651e-11	-1.853601e-08	2.537436e-01	-1.099396e+03
8.400000e-07	1.625261e-10	-1.832309e-08	1.160660e+00	-1.086698e+03
8.500000e-07	2.894688e-10	-1.809449e-08	2.067171e+00	-1.073276e+03
8.600000e-07	4.163107e-10	-1.785636e-08	2.972961e+00	-1.059027e+03
8.700000e-07	5.430047e-10	-1.760736e-08	3.877695e+00	-1.043909e+03
8.800000e-07	6.695169e-10	-1.733990e-08	4.781131e+00	-1.027950e+03
8.900000e-07	7.958034e-10	-1.705455e-08	5.682954e+00	-1.011237e+03
9.000000e-07	9.218259e-10	-1.675988e-08	6.582893e+00	-9.938871e+02
9.100000e-07	1.047558e-09	-1.646028e-08	7.480755e+00	-9.760139e+02
9.200000e-07	1.172961e-09	-1.615211e-08	8.376272e+00	-9.576977e+02
9.300000e-07	1.298001e-09	-1.583511e-08	9.269193e+00	-9.389667e+02
9.400000e-07	1.422635e-09	-1.551476e-08	1.015922e+01	-9.197949e+02
9.500000e-07	1.546774e-09	-1.518757e-08	1.104571e+01	-9.001142e+02
9.600000e-07	1.670318e-09	-1.484629e-08	1.192795e+01	-8.798328e+02
9.700000e-07	1.793224e-09	-1.448882e-08	1.280563e+01	-8.588525e+02
9.800000e-07	1.915464e-09	-1.412144e-08	1.367855e+01	-8.370766e+02
9.900000e-07	2.036988e-09	-1.374226e-08	1.454636e+01	-8.144066e+02
1.000000e-06	2.157728e-09	-1.334208e-08	1.540858e+01	-7.907295e+02
1.010000e-06	2.277639e-09	-1.291954e-08	1.626488e+01	-7.659028e+02
1.020000e-06	2.396729e-09	-1.247682e-08	1.711531e+01	-7.397430e+02
1.030000e-06	2.514980e-09	-1.201109e-08	1.795975e+01	-7.120239e+02
1.040000e-06	2.632329e-09	-1.151177e-08	1.879775e+01	-6.824833e+02
1.050000e-06	2.748661e-09	-1.097514e-08	1.962849e+01	-6.508329e+02
1.060000e-06	2.863860e-09	-1.039869e-08	2.045113e+01	-6.167659e+02
1.070000e-06	2.977873e-09	-9.776337e-09	2.126531e+01	-5.799536e+02
1.080000e-06	3.090688e-09	-9.097931e-09	2.207093e+01	-5.400306e+02
1.090000e-06	3.202331e-09	-8.358414e-09	2.286818e+01	-4.965737e+02
1.100000e-06	3.312880e-09	-7.551681e-09	2.365762e+01	-4.490852e+02
1.110000e-06	3.422374e-09	-6.668610e-09	2.443953e+01	-3.969956e+02
1.120000e-06	3.530765e-09	-5.697443e-09	2.521356e+01	-3.396978e+02
1.130000e-06	3.637926e-09	-4.626724e-09	2.597880e+01	-2.766180e+02
1.140000e-06	3.743710e-09	-3.449763e-09	2.673422e+01	-2.073162e+02
1.150000e-06	3.848032e-09	-2.164045e-09	2.747919e+01	-1.316005e+02
1.160000e-06	3.950930e-09	-7.722447e-10	2.821399e+01	-4.962987e+01
1.170000e-06	4.052484e-09	7.167850e-10	2.893920e+01	3.801947e+01
1.180000e-06	4.152654e-09	2.282933e-09	2.965452e+01	1.303446e+02
1.190000e-06	4.251286e-09	3.902177e-09	3.035886e+01	2.259702e+02
1.200000e-06	4.348253e-09	5.546856e-09	3.105131e+01	3.232601e+02
1.210000e-06	4.443614e-09	7.188281e-09	3.173229e+01	4.204662e+02
1.220000e-06	4.537487e-09	8.797102e-09	3.240264e+01	5.158879e+02
1.230000e-06	4.629899e-09	1.034893e-08	3.306257e+01	6.080121e+02
1.240000e-06	4.720701e-09	1.182218e-08	3.371099e+01	6.956134e+02
1.250000e-06	4.809691e-09	1.320361e-08	3.434648e+01	7.778022e+02
1.260000e-06	4.896904e-09	1.448352e-08	3.496927e+01	8.540243e+02
1.270000e-06	4.982479e-09	1.565753e-08	3.558037e+01	9.240213e+02
1.280000e-06	5.066451e-09	1.672572e-08	3.618002e+01	9.877714e+02
1.290000e-06	5.148668e-09	1.769115e-08	3.676714e+01	1.045427e+03
1.300000e-06	5.228960e-09	1.855762e-08	3.734051e+01	1.097259e+03
1.310000e-06	5.307336e-09	1.933064e-08	3.790020e+01	1.143619e+03
1.320000e-06	5.383773e-09	2.001883e-08	3.844604e+01	1.184911e+03
1.330000e-06	5.458106e-09	2.063031e-08	3.897686e+01	1.221573e+03
1.340000e-06	5.530330e-09	2.117303e-08	3.949262e+01	1.254059e+03
1.350000e-06	5.600604e-09	2.165371e-08	3.999445e+01	1.282823e+03
1.360000e-06	5.668986e-09	2.207930e-08	4.048278e+01	1.308295e+03
1.370000e-06	5.735306e-09	2.245520e-08	4.095637e+01	1.330870e+03
1.380000e-06	5.799483e-09	2.278822e-08	4.141466e+01	1.350891e+03
1.390000e-06	5.861677e-09	2.308250e-08	4.185880e+01	1.368650e+03
1.400000e-06	5.921973e-09	2.334379e-08	4.228937e+01	1.384395e+03
1.410000e-06	5.980144e-09	2.357580e-08	4.270477e+01	1.398343e+03
1.420000e-06	6.036071e-09	2.378011e-08	4.310416e+01	1.410692e+03
1.430000e-06	6.089813e-09	2.396150e-08	4.348793e+01	1.421632e+03
1.440000e-06	6.141110e-09	2.412317e-08	4.385425e+01	1.431345e+03
1.450000e-06	6.189838e-09	2.426739e-08	4.420221e+01	1.440003e+03
1.460000e-06	6.236275e-09	2.439632e-08	4.453382e+01	1.447754e+03
1.470000e-06	6.280656e-09	2.451098e-08	4.485075e+01	1.454715e+03
1.480000e-06	6.322773e-09	2.461419e-08	4.515151e+01	1.460970e+03
1.490000e-06	6.362505e-09	2.470633e-08	4.543524e+01	1.466572e+03
1.500000e-06	6.400109e-09	2.478725e-08	4.570377e+01	1.471561e+03
1.510000e-06	6.435584e-09	2.485973e-08	4.595711e+01	1.475970e+03
1.520000e-06	6.468687e-09	2.492472e-08	4.619350e+01	1.479848e+03
1.530000e-06	6.499474e-09	2.498203e-08	4.641334e+01	1.483254e+03
1.540000e-06	6.528160e-09	2.503107e-08	4.661820e+01	1.486262e+03
1.550000e-06	6.554507e-09	2.507463e-08	4.680634e+01	1.488943e+03
1.560000e-06	6.578346e-09	2.511442e-08	4.697658e+01	1.491357e+03
1.570000e-06	6.599940e-09	2.515015e-08	4.713078e+01	1.493538e+03
1.580000e-06	6.619382e-09	2.518078e-08	4.726962e+01	1.495490e+03
1.590000e-06	6.636440e-09	2.520748e-08	4.739143e+01	1.497196e+03
1.600000e-06	6.651020e-09	2.523115e-08	4.749554e+01	1.498630e+03
1.610000e-06	6.663089e-09	2.524909e-08	4.758173e+01	1.499776e+03
1.620000e-06	6.672518e-09	2.526166e-08	4.764906e+01	1.500636e+03
1.630000e-06	6.679489e-09	2.527116e-08	4.769884e+01	1.501241e+03
1.640000e-06	6.684260e-09	2.527878e-08	4.773291e+01	1.501643e+03
1.650000e-06	6.686691e-09	2.528328e-08	4.775027e+01	1.501902e+03
1.660000e-06	6.686697e-09	2.528316e-08	4.775031e+01	1.502069e+03
1.670000e-06	6.684527e-09	2.528467e-08	4.773482e+01	1.502171e+03
1.680000e-06	6.680229e-09	2.528475e-08	4.770413e+01	1.502203e+03
1.690000e-06	6.673625e-09	2.528229e-08	4.765696e+01	1.502135e+03
1.700000e-06	6.664803e-09	2.527822e-08	4.759396e+01	1.501922e+03
1.710000e-06	6.653880e-09	2.526887e-08	4.751596e+01	1.501521e+03
1.720000e-06	6.640631e-09	2.525521e-08	4.742135e+01	1.500912e+03
1.730000e-06	6.625084e-09	2.522452e-08	4.731033e+01	1.500100e+03
1.740000e-06	6.607488e-09	2.521558e-08	4.718467e+01	1.499117e+03
1.750000e-06	6.587359e-09	2.523639e-08	4.704092e+01	1.498015e+03
1.760000e-06	6.563944e-09	2.522394e-08	4.687371e+01	1.496842e+03
1.770000e-06	6.537583e-09	2.519879e-08	4.668547e+01	1.495633e+03
1.780000e-06	6.509004e-09	2.515223e-08	4.648138e+01	1.494397e+03
1.790000e-06	6.478562e-09	2.505867e-08	4.626399e+01	1.493119e+03
1.800000e-06	6.446642e-09	2.508914e-08	4.603605e+01	1.491765e+03
1.810000e-06	6.412929e-09	2.509818e-08	4.579529e+01	1.490298e+03
1.820000e-06	6.376948e-09	2.499782e-08	4.553835e+01	1.488688e+03
1.830000e-06	6.338841e-09	2.504886e-08	4.526623e+01	1.486929e+03
1.840000e-06	6.298329e-09	2.501126e-08	4.497692e+01	1.485032e+03
1.850000e-06	6.255507e-09	2.497313e-08	4.467113e+01	1.483025e+03
1.860000e-06	6.210665e-09	2.498245e-08	4.435091e+01	1.480937e+03
1.870000e-06	6.163439e-09	2.481025e-08	4.401366e+01	1.478787e+03
1.880000e-06	6.114024e-09	2.480797e-08	4.366078e+01	1.476578e+03
1.890000e-06	6.062258e-09	2.483963e-08	4.329112e+01	1.474293e+03
1.900000e-06	6.007872e-09	2.478371e-08	4.290274e+01	1.471904e+03
1.910000e-06	5.951303e-09	2.475181e-08	4.249878e+01	1.469382e+03
1.920000e-06	5.892593e-09	2.464462e-08	4.207952e+01	1.466709e+03
1.930000e-06	5.831762e-09	2.467019e-08	4.164512e+01	1.463885e+03
1.940000e-06	5.768792e-09	2.461620e-08	4.119544e+01	1.460929e+03
1.950000e-06	5.703716e-09	2.447228e-08	4.073073e+01	1.457872e+03
1.960000e-06	5.636660e-09	2.444611e-08	4.025187e+01	1.454742e+03
1.970000e-06	5.567340e-09	2.443016e-08	3.975686e+01	1.451559e+03
1.980000e-06	5.495888e-09	2.444878e-08	3.924661e+01	1.448322e+03
1.990000e-06	5.422464e-09	2.429733e-08	3.872228e+01	1.445012e+03
2.000000e-06	5.346993e-09	2.420942e-08	3.818334e+01	1.441597e+03
2.010000e-06	5.269424e-09	2.422414e-08	3.762941e+01	1.438046e+03
2.020000e-06	5.189799e-09	2.414777e-08	3.706080e+01	1.434339e+03
2.030000e-06	5.108405e-09	2.405780e-08	3.647955e+01	1.430473e+03
2.040000e-06	5.025234e-09	2.394595e-08	3.588562e+01	1.426468e+03
2.050000e-06	4.940225e-09	2.396983e-08	3.527857e+01	1.422352e+03
2.060000e-06	4.853361e-09	2.391700e-08	3.465826e+01	1.418156e+03
2.070000e-06	4.764780e-09	2.376982e-08	3.402570e+01	1.413897e+03
2.080000e-06	4.674629e-09	2.366920e-08	3.338192e+01	1.409574e+03
2.090000e-06	4.582863e-09	2.363868e-08	3.272660e+01	1.405165e+03
2.100000e-06	4.489429e-09	2.361308e-08	3.205939e+01	1.400636e+03
2.110000e-06	4.394276e-09	2.346207e-08	3.137989e+01	1.395952e+03
2.120000e-06	4.297558e-09	2.336958e-08	3.068921e+01	1.391095e+03
2.130000e-06	4.199409e-09	2.333666e-08	2.998832e+01	1.386062e+03
2.140000e-06	4.099840e-09	2.327264e-08	2.927729e+01	1.380874e+03
2.150000e-06	3.998747e-09	2.312139e-08	2.855537e+01	1.375564e+03
2.160000e-06	3.896066e-09	2.299776e-08	2.782212e+01	1.370162e+03
2.170000e-06	3.791919e-09	2.296947e-08	2.707840e+01	1.364686e+03
2.180000e-06	3.686486e-09	2.290060e-08	2.632549e+01	1.359133e+03
2.190000e-06	3.579907e-09	2.275908e-08	2.556440e+01	1.353476e+03
2.200000e-06	3.472120e-09	2.263111e-08	2.479468e+01	1.347675e+03
2.210000e-06	3.363111e-09	2.258529e-08	2.401624e+01	1.341695e+03
2.220000e-06	3.252851e-09	2.250159e-08	2.322886e+01	1.335513e+03
2.230000e-06	3.141345e-09	2.234249e-08	2.243259e+01	1.329131e+03
2.240000e-06	3.028648e-09	2.220741e-08	2.162780e+01	1.322574e+03
2.250000e-06	2.914797e-09	2.214927e-08	2.081479e+01	1.315881e+03
2.260000e-06	2.799841e-09	2.206008e-08	1.999387e+01	1.309090e+03
2.270000e-06	2.683762e-09	2.189465e-08	1.916494e+01	1.302219e+03
2.280000e-06	2.566589e-09	2.175257e-08	1.832820e+01	1.295263e+03
2.290000e-06	2.448358e-09	2.167687e-08	1.748390e+01	1.288187e+03
2.300000e-06	2.329179e-09	2.158110e-08	1.663283e+01	1.280942e+03
2.310000e-06	2.209154e-09	2.141083e-08	1.577572e+01	1.273479e+03
2.320000e-06	2.088348e-09	2.126253e-08	1.491303e+01	1.265769e+03
2.330000e-06	1.966851e-09	2.116871e-08	1.404541e+01	1.257807e+03
2.340000e-06	1.844749e-09	2.105198e-08	1.317348e+01	1.249616e+03
2.350000e-06	1.722039e-09	2.086910e-08	1.229719e+01	1.241237e+03
2.360000e-06	1.598706e-09	2.070596e-08	1.141645e+01	1.232705e+03
2.370000e-06	1.474768e-09	2.059980e-08	1.053140e+01	1.224037e+03
2.380000e-06	1.350284e-09	2.047015e-08	9.642454e+00	1.215221e+03
2.390000e-06	1.225336e-09	2.028325e-08	8.750187e+00	1.206212e+03
2.400000e-06	1.099965e-09	2.010786e-08	7.854903e+00	1.196953e+03
2.410000e-06	9.742036e-10	1.998021e-08	6.956829e+00	1.187388e+03
2.420000e-06	8.480676e-10	1.982791e-08	6.056081e+00	1.177485e+03
2.430000e-06	7.216068e-10	1.962242e-08	5.153014e+00	1.167241e+03
2.440000e-06	5.948603e-10	1.943092e-08	4.247906e+00	1.156684e+03
2.450000e-06	4.678773e-10	1.928335e-08	3.341108e+00	1.145852e+03
2.460000e-06	3.407265e-10	1.911490e-08	2.433113e+00	1.134767e+03
2.470000e-06	2.134431e-10	1.889282e-08	1.524170e+00	1.123416e+03
2.480000e-06	8.606400e-11	1.867847e-08	6.145441e-01	1.111731e+03
2.490000e-06	-4.136308e-11	1.849914e-08	-2.954250e-01	1.099600e+03
2.500000e-06	-1.687690e-10	1.829649e-08	-1.205243e+00	1.086878e+03
2.510000e-06	-2.960869e-10	1.804347e-08	-2.114432e+00	1.073428e+03
2.520000e-06	-4.232696e-10	1.779059e-08	-3.022656e+00	1.059148e+03
2.530000e-06	-5.502660e-10	1.756333e-08	-3.929549e+00	1.043999e+03
2.540000e-06	-6.770449e-10	1.730932e-08	-4.834888e+00	1.028012e+03
2.550000e-06	-8.035536e-10	1.700358e-08	-5.738298e+00	1.011274e+03
2.560000e-06	-9.297300e-10	1.669596e-08	-6.639334e+00	9.939038e+02
2.570000e-06	-1.055555e-09	1.641332e-08	-7.537864e+00	9.760138e+02
2.580000e-06	-1.181007e-09	1.611538e-08	-8.433726e+00	9.576827e+02
2.590000e-06	-1.306039e-09	1.578009e-08	-9.326585e+00	9.389368e+02
2.600000e-06	-1.430588e-09	1.544620e-08	-1.021600e+01	9.197483e+02
2.610000e-06	-1.554585e-09	1.513399e-08	-1.110148e+01	9.000478e+02
2.620000e-06	-1.677975e-09	1.480289e-08	-1.198261e+01	8.797432e+02
2.630000e-06	-1.800716e-09	1.443187e-08	-1.285912e+01	8.587362e+02
2.640000e-06	-1.922787e-09	1.405551e-08	-1.373084e+01	8.369302e+02
2.650000e-06	-2.044205e-09	1.369006e-08	-1.459790e+01	8.142264e+02
2.660000e-06	-2.164973e-09	1.330040e-08	-1.546031e+01	7.905110e+02
2.670000e-06	-2.284991e-09	1.286631e-08	-1.631737e+01	7.656401e+02
2.680000e-06	-2.404132e-09	1.241693e-08	-1.716817e+01	7.394288e+02
2.690000e-06	-2.522327e-09	1.196596e-08	-1.801221e+01	7.116495e+02
2.700000e-06	-2.639519e-09	1.147939e-08	-1.884908e+01	6.820387e+02
2.710000e-06	-2.755640e-09	1.093569e-08	-1.967832e+01	6.503075e+02
2.720000e-06	-2.870626e-09	1.035747e-08	-2.049944e+01	6.161483e+02
2.730000e-06	-2.984425e-09	9.753134e-09	-2.131209e+01	5.792315e+02
2.740000e-06	-3.097008e-09	9.090531e-09	-2.211605e+01	5.391901e+02
2.750000e-06	-3.208348e-09	8.349104e-09	-2.291114e+01	4.955983e+02
2.760000e-06	-3.318402e-09	7.545400e-09	-2.369705e+01	4.479557e+02
2.770000e-06	-3.427265e-09	6.682729e-09	-2.447445e+01	3.956906e+02
2.780000e-06	-3.535065e-09	5.729520e-09	-2.524426e+01	3.381958e+02
2.790000e-06	-3.641767e-09	4.664583e-09	-2.600622e+01	2.749003e+02
2.800000e-06	-3.747288e-09	3.499812e-09	-2.675976e+01	2.053710e+02
2.810000e-06	-3.851517e-09	2.242229e-09	-2.750407e+01	1.294269e+02
2.820000e-06	-3.954292e-09	8.746350e-10	-2.823799e+01	4.724108e+01
2.830000e-06	-4.055515e-09	-6.037276e-10	-2.896084e+01	-4.059490e+01
2.840000e-06	-4.155231e-09	-2.158408e-09	-2.967292e+01	-1.330635e+02
2.850000e-06	-4.253550e-09	-3.756125e-09	-3.037502e+01	-2.287778e+02
2.860000e-06	-4.350501e-09	-5.384619e-09	-3.106735e+01	-3.260948e+02
2.870000e-06	-4.445965e-09	-7.023666e-09	-3.174907e+01	-4.232657e+02
2.880000e-06	-4.539778e-09	-8.629718e-09	-3.241900e+01	-5.185941e+02
2.890000e-06	-4.631921e-09	-1.016980e-08	-3.307700e+01	-6.105759e+02
2.900000e-06	-4.722488e-09	-1.163942e-08	-3.372375e+01	-6.979971e+02
2.910000e-06	-4.811446e-09	-1.303184e-08	-3.435900e+01	-7.799804e+02
2.920000e-06	-4.898656e-09	-1.432325e-08	-3.498178e+01	-8.559830e+02
2.930000e-06	-4.984009e-09	-1.549869e-08	-3.559129e+01	-9.257559e+02
2.940000e-06	-5.067578e-09	-1.656940e-08	-3.618807e+01	-9.892848e+02
2.950000e-06	-5.149504e-09	-1.754691e-08	-3.677311e+01	-1.046727e+03
2.960000e-06	-5.229737e-09	-1.842538e-08	-3.734605e+01	-1.098357e+03
2.970000e-06	-5.307989e-09	-1.920256e-08	-3.790486e+01	-1.144528e+03
2.980000e-06	-5.384010e-09	-1.989552e-08	-3.844773e+01	-1.185648e+03
2.990000e-06	-5.457944e-09	-2.052001e-08	-3.897570e+01	-1.222153e+03
3.000000e-06	-5.529978e-09	-2.107496e-08	-3.949010e+01	-1.254498e+03
3.010000e-06	-5.599977e-09	-2.155964e-08	-3.998997e+01	-1.283137e+03
3.020000e-06	-5.667871e-09	-2.198780e-08	-4.047480e+01	-1.308499e+03
3.030000e-06	-5.733792e-09	-2.237361e-08	-4.094555e+01	-1.330977e+03
3.040000e-06	-5.797799e-09	-2.271596e-08	-4.140263e+01	-1.350912e+03
3.050000e-06	-5.859727e-09	-2.301296e-08	-4.184487e+01	-1.368596e+03
3.060000e-06	-5.919458e-09	-2.327607e-08	-4.227141e+01	-1.384273e+03
3.070000e-06	-5.977093e-09	-2.351515e-08	-4.268299e+01	-1.398160e+03
3.080000e-06	-6.032692e-09	-2.372750e-08	-4.308002e+01	-1.410455e+03
3.090000e-06	-6.086009e-09	-2.391146e-08	-4.346076e+01	-1.421348e+03
3.100000e-06	-6.136813e-09	-2.407570e-08	-4.382356e+01	-1.431021e+03
3.110000e-06	-6.185046e-09	-2.422701e-08	-4.416799e+01	-1.439645e+03
3.120000e-06	-6.230933e-09	-2.436306e-08	-4.449567e+01	-1.447365e+03
3.130000e-06	-6.274876e-09	-2.447958e-08	-4.480948e+01	-1.454300e+03
3.140000e-06	-6.316861e-09	-2.458161e-08	-4.510929e+01	-1.460530e+03
3.150000e-06	-6.356768e-09	-2.467641e-08	-4.539427e+01	-1.466110e+03
3.160000e-06	-6.394400e-09	-2.476334e-08	-4.566300e+01	-1.471077e+03
3.170000e-06	-6.429714e-09	-2.483778e-08	-4.591518e+01	-1.475467e+03
3.180000e-06	-6.462837e-09	-2.490332e-08	-4.615172e+01	-1.479326e+03
3.190000e-06	-6.493644e-09	-2.496494e-08	-4.637172e+01	-1.482717e+03
3.200000e-06	-6.522047e-09	-2.502027e-08	-4.657454e+01	-1.485711e+03
3.210000e-06	-6.548160e-09	-2.506542e-08	-4.676101e+01	-1.488382e+03
3.220000e-06	-6.572046e-09	-2.510379e-08	-4.693159e+01	-1.490788e+03
3.230000e-06	-6.593531e-09	-2.514115e-08	-4.708501e+01	-1.492960e+03
3.240000e-06	-6.612644e-09	-2.517570e-08	-4.722150e+01	-1.494903e+03
3.250000e-06	-6.629562e-09	-2.520387e-08	-4.734231e+01	-1.496600e+03
3.260000e-06	-6.644020e-09	-2.522794e-08	-4.744556e+01	-1.498025e+03
3.270000e-06	-6.655819e-09	-2.525127e-08	-4.752982e+01	-1.499160e+03
3.280000e-06	-6.665182e-09	-2.526958e-08	-4.759667e+01	-1.500010e+03
3.290000e-06	-6.672205e-09	-2.527932e-08	-4.764682e+01	-1.500606e+03
3.300000e-06	-6.676815e-09	-2.528397e-08	-4.767975e+01	-1.501002e+03
3.310000e-06	-6.679127e-09	-2.528949e-08	-4.769626e+01	-1.501257e+03
