# Temperatura_=_48.53339999999999
# Concentracion g/m^3_=_23900.0
# C_Vs_to_Am_M_A/Vsm_=_59384043850.047264
# pendiente_HvsI_1/m_=_3716.3
# ordenada_HvsI_A/m_=_1297.0
# frecuencia_Hz_=_301130.0845868243
# Promedio de 50 ciclos

Tiempo_(s)	Campo_(V.s)	Magnetizacion_(V.s)	Campo_(kA/m)	Magnetizacion_(A/m)
0.000000e+00	-5.386006e-09	-1.649910e-08	-3.823091e+01	-9.776902e+02
1.000000e-08	-5.383403e-09	-1.650453e-08	-3.821244e+01	-9.779407e+02
2.000000e-08	-5.378956e-09	-1.650511e-08	-3.818087e+01	-9.779796e+02
3.000000e-08	-5.372893e-09	-1.649859e-08	-3.813783e+01	-9.778162e+02
4.000000e-08	-5.365226e-09	-1.649139e-08	-3.808341e+01	-9.774403e+02
5.000000e-08	-5.355763e-09	-1.648421e-08	-3.801624e+01	-9.768279e+02
6.000000e-08	-5.344244e-09	-1.647435e-08	-3.793448e+01	-9.759523e+02
7.000000e-08	-5.330771e-09	-1.646152e-08	-3.783884e+01	-9.747981e+02
8.000000e-08	-5.315182e-09	-1.642431e-08	-3.772819e+01	-9.733705e+02
9.000000e-08	-5.297223e-09	-1.637049e-08	-3.760071e+01	-9.716994e+02
1.000000e-07	-5.277157e-09	-1.634248e-08	-3.745828e+01	-9.698341e+02
1.100000e-07	-5.255248e-09	-1.632552e-08	-3.730277e+01	-9.678304e+02
1.200000e-07	-5.231738e-09	-1.631697e-08	-3.713589e+01	-9.657352e+02
1.300000e-07	-5.206929e-09	-1.630309e-08	-3.695979e+01	-9.635715e+02
1.400000e-07	-5.180512e-09	-1.620435e-08	-3.677228e+01	-9.613317e+02
1.500000e-07	-5.152170e-09	-1.615657e-08	-3.657110e+01	-9.589793e+02
1.600000e-07	-5.122226e-09	-1.616384e-08	-3.635856e+01	-9.564600e+02
1.700000e-07	-5.090668e-09	-1.606996e-08	-3.613455e+01	-9.537189e+02
1.800000e-07	-5.057080e-09	-1.599959e-08	-3.589614e+01	-9.507165e+02
1.900000e-07	-5.021666e-09	-1.595248e-08	-3.564476e+01	-9.474412e+02
2.000000e-07	-4.984705e-09	-1.589211e-08	-3.538240e+01	-9.439111e+02
2.100000e-07	-4.945975e-09	-1.587729e-08	-3.510749e+01	-9.401670e+02
2.200000e-07	-4.905538e-09	-1.579891e-08	-3.482046e+01	-9.362588e+02
2.300000e-07	-4.863216e-09	-1.568272e-08	-3.452005e+01	-9.322290e+02
2.400000e-07	-4.818889e-09	-1.562965e-08	-3.420541e+01	-9.281005e+02
2.500000e-07	-4.772818e-09	-1.556783e-08	-3.387839e+01	-9.238712e+02
2.600000e-07	-4.725009e-09	-1.549815e-08	-3.353903e+01	-9.195176e+02
2.700000e-07	-4.675353e-09	-1.540366e-08	-3.318656e+01	-9.150058e+02
2.800000e-07	-4.623611e-09	-1.531382e-08	-3.281929e+01	-9.103043e+02
2.900000e-07	-4.569857e-09	-1.526775e-08	-3.243774e+01	-9.053959e+02
3.000000e-07	-4.514475e-09	-1.517587e-08	-3.204462e+01	-9.002829e+02
3.100000e-07	-4.457580e-09	-1.504977e-08	-3.164077e+01	-8.949852e+02
3.200000e-07	-4.398970e-09	-1.494964e-08	-3.122474e+01	-8.895319e+02
3.300000e-07	-4.338678e-09	-1.488592e-08	-3.079678e+01	-8.839508e+02
3.400000e-07	-4.276965e-09	-1.479875e-08	-3.035873e+01	-8.782582e+02
3.500000e-07	-4.213884e-09	-1.467814e-08	-2.991097e+01	-8.724552e+02
3.600000e-07	-4.149349e-09	-1.458127e-08	-2.945289e+01	-8.665290e+02
3.700000e-07	-4.083137e-09	-1.449046e-08	-2.898290e+01	-8.604600e+02
3.800000e-07	-4.015230e-09	-1.438767e-08	-2.850089e+01	-8.542312e+02
3.900000e-07	-3.945909e-09	-1.427131e-08	-2.800883e+01	-8.478353e+02
4.000000e-07	-3.875321e-09	-1.415103e-08	-2.750779e+01	-8.412781e+02
4.100000e-07	-3.803476e-09	-1.405355e-08	-2.699781e+01	-8.345759e+02
4.200000e-07	-3.730268e-09	-1.394673e-08	-2.647817e+01	-8.277486e+02
4.300000e-07	-3.655454e-09	-1.382058e-08	-2.594713e+01	-8.208111e+02
4.400000e-07	-3.579033e-09	-1.369379e-08	-2.540467e+01	-8.137676e+02
4.500000e-07	-3.501186e-09	-1.357766e-08	-2.485210e+01	-8.066096e+02
4.600000e-07	-3.421925e-09	-1.346522e-08	-2.428949e+01	-7.993192e+02
4.700000e-07	-3.341275e-09	-1.333292e-08	-2.371702e+01	-7.918769e+02
4.800000e-07	-3.259368e-09	-1.320077e-08	-2.313563e+01	-7.842699e+02
4.900000e-07	-3.176350e-09	-1.307461e-08	-2.254635e+01	-7.764975e+02
5.000000e-07	-3.092350e-09	-1.294498e-08	-2.195011e+01	-7.685726e+02
5.100000e-07	-3.007457e-09	-1.280501e-08	-2.134752e+01	-7.605172e+02
5.200000e-07	-2.921613e-09	-1.266183e-08	-2.073818e+01	-7.523546e+02
5.300000e-07	-2.834793e-09	-1.252716e-08	-2.012192e+01	-7.441008e+02
5.400000e-07	-2.747111e-09	-1.239105e-08	-1.949954e+01	-7.357583e+02
5.500000e-07	-2.658553e-09	-1.224668e-08	-1.887093e+01	-7.273156e+02
5.600000e-07	-2.568925e-09	-1.209709e-08	-1.823474e+01	-7.187510e+02
5.700000e-07	-2.478128e-09	-1.195083e-08	-1.759024e+01	-7.100410e+02
5.800000e-07	-2.386341e-09	-1.180534e-08	-1.693872e+01	-7.011689e+02
5.900000e-07	-2.293812e-09	-1.165223e-08	-1.628193e+01	-6.921310e+02
6.000000e-07	-2.200588e-09	-1.149418e-08	-1.562021e+01	-6.829374e+02
6.100000e-07	-2.106610e-09	-1.133841e-08	-1.495314e+01	-6.736082e+02
6.200000e-07	-2.011882e-09	-1.118018e-08	-1.428073e+01	-6.641657e+02
6.300000e-07	-1.916486e-09	-1.101434e-08	-1.360360e+01	-6.546259e+02
6.400000e-07	-1.820452e-09	-1.084755e-08	-1.292193e+01	-6.449927e+02
6.500000e-07	-1.723722e-09	-1.068544e-08	-1.223532e+01	-6.352565e+02
6.600000e-07	-1.626259e-09	-1.052443e-08	-1.154351e+01	-6.253981e+02
6.700000e-07	-1.528083e-09	-1.035832e-08	-1.084664e+01	-6.153960e+02
6.800000e-07	-1.429247e-09	-1.018792e-08	-1.014508e+01	-6.052339e+02
6.900000e-07	-1.329813e-09	-1.001514e-08	-9.439282e+00	-5.949061e+02
7.000000e-07	-1.229893e-09	-9.836413e-09	-8.730028e+00	-5.844179e+02
7.100000e-07	-1.129598e-09	-9.652159e-09	-8.018116e+00	-5.737820e+02
7.200000e-07	-1.028984e-09	-9.466813e-09	-7.303937e+00	-5.630109e+02
7.300000e-07	-9.280699e-10	-9.283418e-09	-6.587628e+00	-5.521098e+02
7.400000e-07	-8.268549e-10	-9.100709e-09	-5.869185e+00	-5.410720e+02
7.500000e-07	-7.253418e-10	-8.915507e-09	-5.148625e+00	-5.298786e+02
7.600000e-07	-6.235567e-10	-8.725456e-09	-4.426135e+00	-5.185032e+02
7.700000e-07	-5.215411e-10	-8.530484e-09	-3.702009e+00	-5.069189e+02
7.800000e-07	-4.193430e-10	-8.331348e-09	-2.976587e+00	-4.951055e+02
7.900000e-07	-3.169978e-10	-8.126872e-09	-2.250121e+00	-4.830526e+02
8.000000e-07	-2.145426e-10	-7.916539e-09	-1.522874e+00	-4.707582e+02
8.100000e-07	-1.120080e-10	-7.703183e-09	-7.950638e-01	-4.582224e+02
8.200000e-07	-9.416730e-12	-7.487784e-09	-6.685084e-02	-4.454379e+02
8.300000e-07	9.317899e-11	-7.269789e-09	6.613934e-01	-4.323823e+02
8.400000e-07	1.957288e-10	-7.047841e-09	1.389312e+00	-4.190141e+02
8.500000e-07	2.982079e-10	-6.816613e-09	2.116728e+00	-4.052758e+02
8.600000e-07	4.005923e-10	-6.576975e-09	2.843472e+00	-3.911042e+02
8.700000e-07	5.028385e-10	-6.331631e-09	3.569236e+00	-3.764437e+02
8.800000e-07	6.048987e-10	-6.077433e-09	4.293679e+00	-3.612612e+02
8.900000e-07	7.067349e-10	-5.810389e-09	5.016532e+00	-3.455560e+02
9.000000e-07	8.083090e-10	-5.534025e-09	5.737524e+00	-3.293626e+02
9.100000e-07	9.095869e-10	-5.253955e-09	6.456415e+00	-3.127441e+02
9.200000e-07	1.010555e-09	-4.969551e-09	7.173109e+00	-2.957793e+02
9.300000e-07	1.111225e-09	-4.680318e-09	7.887681e+00	-2.785453e+02
9.400000e-07	1.211587e-09	-4.388291e-09	8.600069e+00	-2.611018e+02
9.500000e-07	1.311579e-09	-4.095229e-09	9.309836e+00	-2.434808e+02
9.600000e-07	1.411110e-09	-3.798788e-09	1.001632e+01	-2.256838e+02
9.700000e-07	1.510067e-09	-3.494459e-09	1.071874e+01	-2.076868e+02
9.800000e-07	1.608341e-09	-3.182742e-09	1.141630e+01	-1.894510e+02
9.900000e-07	1.705880e-09	-2.868104e-09	1.210866e+01	-1.709347e+02
1.000000e-06	1.802711e-09	-2.552001e-09	1.279598e+01	-1.521037e+02
1.010000e-06	1.898869e-09	-2.230680e-09	1.347853e+01	-1.329364e+02
1.020000e-06	1.994361e-09	-1.902137e-09	1.415635e+01	-1.134226e+02
1.030000e-06	2.089185e-09	-1.570143e-09	1.482943e+01	-9.355901e+01
1.040000e-06	2.183325e-09	-1.233726e-09	1.549766e+01	-7.334122e+01
1.050000e-06	2.276754e-09	-8.866169e-10	1.616083e+01	-5.275766e+01
1.060000e-06	2.369493e-09	-5.299572e-10	1.681911e+01	-3.178640e+01
1.070000e-06	2.461550e-09	-1.684711e-10	1.747255e+01	-1.039612e+01
1.080000e-06	2.552744e-09	1.980871e-10	1.811986e+01	1.144948e+01
1.090000e-06	2.642823e-09	5.738700e-10	1.875926e+01	3.378591e+01
1.100000e-06	2.731773e-09	9.598968e-10	1.939064e+01	5.664298e+01
1.110000e-06	2.819736e-09	1.353352e-09	2.001503e+01	8.004257e+01
1.120000e-06	2.906771e-09	1.756052e-09	2.063282e+01	1.039995e+02
1.130000e-06	2.992851e-09	2.171404e-09	2.124383e+01	1.285247e+02
1.140000e-06	3.077963e-09	2.598126e-09	2.184797e+01	1.536290e+02
1.150000e-06	3.162154e-09	3.032268e-09	2.244557e+01	1.793248e+02
1.160000e-06	3.245324e-09	3.473126e-09	2.303593e+01	2.056249e+02
1.170000e-06	3.327275e-09	3.925501e-09	2.361763e+01	2.325377e+02
1.180000e-06	3.407972e-09	4.391746e-09	2.419044e+01	2.600602e+02
1.190000e-06	3.487425e-09	4.868307e-09	2.475441e+01	2.881697e+02
1.200000e-06	3.565619e-09	5.352101e-09	2.530945e+01	3.168180e+02
1.210000e-06	3.642567e-09	5.844397e-09	2.585564e+01	3.459291e+02
1.220000e-06	3.718168e-09	6.344511e-09	2.639227e+01	3.754005e+02
1.230000e-06	3.792188e-09	6.846745e-09	2.691768e+01	4.051086e+02
1.240000e-06	3.864664e-09	7.347214e-09	2.743212e+01	4.349155e+02
1.250000e-06	3.935781e-09	7.847108e-09	2.793693e+01	4.646761e+02
1.260000e-06	4.005544e-09	8.346296e-09	2.843212e+01	4.942430e+02
1.270000e-06	4.074009e-09	8.840928e-09	2.891810e+01	5.234696e+02
1.280000e-06	4.141060e-09	9.326408e-09	2.939404e+01	5.522117e+02
1.290000e-06	4.206458e-09	9.800376e-09	2.985825e+01	5.803279e+02
1.300000e-06	4.270303e-09	1.026199e-08	3.031143e+01	6.076822e+02
1.310000e-06	4.332743e-09	1.070611e-08	3.075464e+01	6.341469e+02
1.320000e-06	4.393816e-09	1.113053e-08	3.118815e+01	6.596091e+02
1.330000e-06	4.453522e-09	1.153600e-08	3.161196e+01	6.839765e+02
1.340000e-06	4.511553e-09	1.192400e-08	3.202387e+01	7.071830e+02
1.350000e-06	4.567791e-09	1.229454e-08	3.242306e+01	7.291906e+02
1.360000e-06	4.622415e-09	1.264483e-08	3.281079e+01	7.499888e+02
1.370000e-06	4.675355e-09	1.297451e-08	3.318657e+01	7.695887e+02
1.380000e-06	4.726324e-09	1.328376e-08	3.354836e+01	7.880161e+02
1.390000e-06	4.775262e-09	1.357190e-08	3.389573e+01	8.053037e+02
1.400000e-06	4.822426e-09	1.383969e-08	3.423051e+01	8.214852e+02
1.410000e-06	4.867991e-09	1.409016e-08	3.455394e+01	8.365931e+02
1.420000e-06	4.911983e-09	1.432458e-08	3.486620e+01	8.506589e+02
1.430000e-06	4.954122e-09	1.454269e-08	3.516531e+01	8.637166e+02
1.440000e-06	4.994372e-09	1.474501e-08	3.545102e+01	8.758059e+02
1.450000e-06	5.032954e-09	1.493222e-08	3.572488e+01	8.869736e+02
1.460000e-06	5.069911e-09	1.510361e-08	3.598721e+01	8.972734e+02
1.470000e-06	5.105124e-09	1.526010e-08	3.623715e+01	9.067618e+02
1.480000e-06	5.138375e-09	1.540345e-08	3.647317e+01	9.154936e+02
1.490000e-06	5.169784e-09	1.553431e-08	3.669612e+01	9.235173e+02
1.500000e-06	5.199526e-09	1.565411e-08	3.690724e+01	9.308734e+02
1.510000e-06	5.227580e-09	1.576385e-08	3.710637e+01	9.375949e+02
1.520000e-06	5.253655e-09	1.586465e-08	3.729146e+01	9.437113e+02
1.530000e-06	5.277666e-09	1.595723e-08	3.746189e+01	9.492534e+02
1.540000e-06	5.299880e-09	1.604215e-08	3.761957e+01	9.542568e+02
1.550000e-06	5.320428e-09	1.611710e-08	3.776542e+01	9.587624e+02
1.560000e-06	5.339192e-09	1.618268e-08	3.789861e+01	9.628139e+02
1.570000e-06	5.355963e-09	1.624214e-08	3.801766e+01	9.664524e+02
1.580000e-06	5.370756e-09	1.629590e-08	3.812266e+01	9.697096e+02
1.590000e-06	5.383567e-09	1.634364e-08	3.821360e+01	9.726042e+02
1.600000e-06	5.394190e-09	1.638514e-08	3.828900e+01	9.751415e+02
1.610000e-06	5.402686e-09	1.642095e-08	3.834931e+01	9.773178e+02
1.620000e-06	5.409327e-09	1.645031e-08	3.839645e+01	9.791282e+02
1.630000e-06	5.414230e-09	1.647374e-08	3.843125e+01	9.805750e+02
1.640000e-06	5.417258e-09	1.649147e-08	3.845275e+01	9.816740e+02
1.650000e-06	5.418258e-09	1.650315e-08	3.845984e+01	9.824547e+02
1.660000e-06	5.417408e-09	1.651364e-08	3.845381e+01	9.829561e+02
1.670000e-06	5.414892e-09	1.652167e-08	3.843595e+01	9.832169e+02
1.680000e-06	5.410699e-09	1.652019e-08	3.840619e+01	9.832652e+02
1.690000e-06	5.404609e-09	1.651234e-08	3.836296e+01	9.831114e+02
1.700000e-06	5.396678e-09	1.650525e-08	3.830666e+01	9.827458e+02
1.710000e-06	5.387155e-09	1.649722e-08	3.823907e+01	9.821446e+02
1.720000e-06	5.375936e-09	1.647553e-08	3.815944e+01	9.812814e+02
1.730000e-06	5.362756e-09	1.645073e-08	3.806588e+01	9.801397e+02
1.740000e-06	5.347519e-09	1.646288e-08	3.795772e+01	9.787241e+02
1.750000e-06	5.330012e-09	1.645452e-08	3.783346e+01	9.770635e+02
1.760000e-06	5.309822e-09	1.640697e-08	3.769015e+01	9.752065e+02
1.770000e-06	5.287199e-09	1.633636e-08	3.752956e+01	9.732091e+02
1.780000e-06	5.263080e-09	1.625058e-08	3.735836e+01	9.711186e+02
1.790000e-06	5.238152e-09	1.628087e-08	3.718142e+01	9.689594e+02
1.800000e-06	5.211960e-09	1.627682e-08	3.699550e+01	9.667249e+02
1.810000e-06	5.183626e-09	1.617005e-08	3.679438e+01	9.643795e+02
1.820000e-06	5.153457e-09	1.618207e-08	3.658024e+01	9.618696e+02
1.830000e-06	5.121646e-09	1.616210e-08	3.635443e+01	9.591397e+02
1.840000e-06	5.087757e-09	1.608823e-08	3.611389e+01	9.561496e+02
1.850000e-06	5.052231e-09	1.606322e-08	3.586171e+01	9.528864e+02
1.860000e-06	5.015016e-09	1.593621e-08	3.559756e+01	9.493672e+02
1.870000e-06	4.975837e-09	1.586737e-08	3.531946e+01	9.456322e+02
1.880000e-06	4.935038e-09	1.588134e-08	3.502986e+01	9.417312e+02
1.890000e-06	4.892521e-09	1.578723e-08	3.472806e+01	9.377074e+02
1.900000e-06	4.848423e-09	1.571251e-08	3.441505e+01	9.335844e+02
1.910000e-06	4.802622e-09	1.563070e-08	3.408995e+01	9.293612e+02
1.920000e-06	4.754685e-09	1.556939e-08	3.374968e+01	9.250149e+02
1.930000e-06	4.705058e-09	1.553748e-08	3.339742e+01	9.205118e+02
1.940000e-06	4.653795e-09	1.538164e-08	3.303354e+01	9.158199e+02
1.950000e-06	4.600529e-09	1.530628e-08	3.265545e+01	9.109214e+02
1.960000e-06	4.545357e-09	1.528331e-08	3.226383e+01	9.058178e+02
1.970000e-06	4.488468e-09	1.518570e-08	3.186002e+01	9.005285e+02
1.980000e-06	4.430154e-09	1.507710e-08	3.144609e+01	8.950824e+02
1.990000e-06	4.370326e-09	1.495556e-08	3.102142e+01	8.895076e+02
2.000000e-06	4.308761e-09	1.490539e-08	3.058442e+01	8.838210e+02
2.010000e-06	4.245601e-09	1.481129e-08	3.013610e+01	8.780244e+02
2.020000e-06	4.180971e-09	1.467222e-08	2.967735e+01	8.721052e+02
2.030000e-06	4.114944e-09	1.458433e-08	2.920868e+01	8.660440e+02
2.040000e-06	4.047439e-09	1.448305e-08	2.872951e+01	8.598235e+02
2.050000e-06	3.978386e-09	1.439877e-08	2.823936e+01	8.534359e+02
2.060000e-06	3.907805e-09	1.425965e-08	2.773836e+01	8.468865e+02
2.070000e-06	3.835770e-09	1.412960e-08	2.722704e+01	8.401913e+02
2.080000e-06	3.762384e-09	1.404703e-08	2.670613e+01	8.333702e+02
2.090000e-06	3.687629e-09	1.393242e-08	2.617551e+01	8.264387e+02
2.100000e-06	3.611466e-09	1.381373e-08	2.563489e+01	8.194012e+02
2.110000e-06	3.533704e-09	1.367150e-08	2.508292e+01	8.122498e+02
2.120000e-06	3.454462e-09	1.356119e-08	2.452045e+01	8.049668e+02
2.130000e-06	3.374063e-09	1.344570e-08	2.394976e+01	7.975326e+02
2.140000e-06	3.292563e-09	1.329875e-08	2.337126e+01	7.899339e+02
2.150000e-06	3.210018e-09	1.316775e-08	2.278534e+01	7.821697e+02
2.160000e-06	3.126413e-09	1.304307e-08	2.219189e+01	7.742521e+02
2.170000e-06	3.041674e-09	1.292471e-08	2.159040e+01	7.662031e+02
2.180000e-06	2.955667e-09	1.277790e-08	2.097990e+01	7.580462e+02
2.190000e-06	2.868470e-09	1.262615e-08	2.036096e+01	7.497975e+02
2.200000e-06	2.780302e-09	1.248995e-08	1.973513e+01	7.414605e+02
2.210000e-06	2.691230e-09	1.235485e-08	1.910287e+01	7.330238e+02
2.220000e-06	2.601321e-09	1.220733e-08	1.846469e+01	7.244663e+02
2.230000e-06	2.510577e-09	1.205241e-08	1.782057e+01	7.157642e+02
2.240000e-06	2.419054e-09	1.191207e-08	1.717092e+01	7.069004e+02
2.250000e-06	2.326727e-09	1.177014e-08	1.651557e+01	6.978707e+02
2.260000e-06	2.233461e-09	1.161219e-08	1.585355e+01	6.886846e+02
2.270000e-06	2.139193e-09	1.144408e-08	1.518442e+01	6.793621e+02
2.280000e-06	2.044027e-09	1.128974e-08	1.450891e+01	6.699254e+02
2.290000e-06	1.948238e-09	1.113889e-08	1.382898e+01	6.603911e+02
2.300000e-06	1.851898e-09	1.097346e-08	1.314513e+01	6.507634e+02
2.310000e-06	1.754893e-09	1.080179e-08	1.245658e+01	6.410333e+02
2.320000e-06	1.657235e-09	1.063687e-08	1.176338e+01	6.311820e+02
2.330000e-06	1.559096e-09	1.047785e-08	1.106678e+01	6.211877e+02
2.340000e-06	1.460558e-09	1.030408e-08	1.036733e+01	6.110339e+02
2.350000e-06	1.361555e-09	1.012427e-08	9.664587e+00	6.007142e+02
2.360000e-06	1.262074e-09	9.950698e-09	8.958456e+00	5.902339e+02
2.370000e-06	1.162215e-09	9.778304e-09	8.249631e+00	5.796052e+02
2.380000e-06	1.062022e-09	9.596973e-09	7.538445e+00	5.688409e+02
2.390000e-06	9.614526e-10	9.406504e-09	6.824584e+00	5.579467e+02
2.400000e-06	8.604569e-10	9.221435e-09	6.107697e+00	5.469162e+02
2.410000e-06	7.590335e-10	9.039397e-09	5.387775e+00	5.357310e+02
2.420000e-06	6.572590e-10	8.847421e-09	4.665360e+00	5.243649e+02
2.430000e-06	5.552102e-10	8.648120e-09	3.940999e+00	5.127910e+02
2.440000e-06	4.529308e-10	8.450251e-09	3.215000e+00	5.009884e+02
2.450000e-06	3.504506e-10	8.251419e-09	2.487575e+00	4.889466e+02
2.460000e-06	2.478205e-10	8.044196e-09	1.759087e+00	4.766632e+02
2.470000e-06	1.450950e-10	7.827728e-09	1.029922e+00	4.641384e+02
2.480000e-06	4.230297e-11	7.612237e-09	3.002841e-01	4.513654e+02
2.490000e-06	-6.049766e-11	7.396611e-09	-4.294147e-01	4.383223e+02
2.500000e-06	-1.632275e-10	7.173454e-09	-1.158611e+00	4.249686e+02
2.510000e-06	-2.658440e-10	6.940789e-09	-1.887003e+00	4.112472e+02
2.520000e-06	-3.683383e-10	6.700138e-09	-2.614527e+00	3.970947e+02
2.530000e-06	-4.706768e-10	6.456429e-09	-3.340945e+00	3.824552e+02
2.540000e-06	-5.727802e-10	6.202810e-09	-4.065695e+00	3.672944e+02
2.550000e-06	-6.745635e-10	5.935112e-09	-4.788172e+00	3.516104e+02
2.560000e-06	-7.759961e-10	5.659405e-09	-5.508160e+00	3.354362e+02
2.570000e-06	-8.770897e-10	5.380653e-09	-6.225742e+00	3.188342e+02
2.580000e-06	-9.778136e-10	5.098145e-09	-6.940699e+00	3.018829e+02
2.590000e-06	-1.078117e-09	4.807171e-09	-7.652668e+00	2.846596e+02
2.600000e-06	-1.177995e-09	4.511511e-09	-8.361623e+00	2.672252e+02
2.610000e-06	-1.277480e-09	4.215844e-09	-9.067786e+00	2.496126e+02
2.620000e-06	-1.376559e-09	3.916668e-09	-9.771073e+00	2.318245e+02
2.630000e-06	-1.475184e-09	3.611711e-09	-1.047113e+01	2.138376e+02
2.640000e-06	-1.573322e-09	3.301778e-09	-1.116773e+01	1.956135e+02
2.650000e-06	-1.670946e-09	2.991533e-09	-1.186069e+01	1.771103e+02
2.660000e-06	-1.767995e-09	2.678482e-09	-1.254956e+01	1.582935e+02
2.670000e-06	-1.864452e-09	2.355512e-09	-1.323423e+01	1.391407e+02
2.680000e-06	-1.960366e-09	2.025328e-09	-1.391505e+01	1.196418e+02
2.690000e-06	-2.055734e-09	1.691920e-09	-1.459199e+01	9.979310e+01
2.700000e-06	-2.150395e-09	1.354381e-09	-1.526391e+01	7.959050e+01
2.710000e-06	-2.244132e-09	1.008308e-09	-1.592927e+01	5.902277e+01
2.720000e-06	-2.336866e-09	6.520760e-10	-1.658752e+01	3.806837e+01
2.730000e-06	-2.428674e-09	2.901403e-10	-1.723919e+01	1.669627e+01
2.740000e-06	-2.519610e-09	-7.597340e-11	-1.788467e+01	-5.129780e+00
2.750000e-06	-2.609639e-09	-4.512097e-10	-1.852372e+01	-2.744545e+01
2.760000e-06	-2.698724e-09	-8.369312e-10	-1.915605e+01	-5.028084e+01
2.770000e-06	-2.786913e-09	-1.229007e-09	-1.978204e+01	-7.365815e+01
2.780000e-06	-2.874263e-09	-1.627440e-09	-2.040207e+01	-9.759239e+01
2.790000e-06	-2.960627e-09	-2.037841e-09	-2.101509e+01	-1.220946e+02
2.800000e-06	-3.045766e-09	-2.462629e-09	-2.161943e+01	-1.471754e+02
2.810000e-06	-3.129702e-09	-2.897108e-09	-2.221522e+01	-1.728472e+02
2.820000e-06	-3.212564e-09	-3.338212e-09	-2.280339e+01	-1.991227e+02
2.830000e-06	-3.294367e-09	-3.788469e-09	-2.338404e+01	-2.260109e+02
2.840000e-06	-3.375085e-09	-4.251008e-09	-2.395700e+01	-2.535090e+02
2.850000e-06	-3.454714e-09	-4.721536e-09	-2.452222e+01	-2.815953e+02
2.860000e-06	-3.533062e-09	-5.198325e-09	-2.507835e+01	-3.102228e+02
2.870000e-06	-3.609866e-09	-5.685746e-09	-2.562352e+01	-3.393163e+02
2.880000e-06	-3.685164e-09	-6.183468e-09	-2.615800e+01	-3.687744e+02
2.890000e-06	-3.759072e-09	-6.685617e-09	-2.668261e+01	-3.984740e+02
2.900000e-06	-3.831659e-09	-7.185550e-09	-2.719785e+01	-4.282778e+02
2.910000e-06	-3.902976e-09	-7.684111e-09	-2.770407e+01	-4.580405e+02
2.920000e-06	-3.972812e-09	-8.181628e-09	-2.819978e+01	-4.876148e+02
2.930000e-06	-4.041043e-09	-8.672131e-09	-2.868410e+01	-5.168542e+02
2.940000e-06	-4.107862e-09	-9.153277e-09	-2.915839e+01	-5.456143e+02
2.950000e-06	-4.173323e-09	-9.627247e-09	-2.962305e+01	-5.737538e+02
2.960000e-06	-4.237421e-09	-1.009298e-08	-3.007803e+01	-6.011361e+02
2.970000e-06	-4.300058e-09	-1.054396e-08	-3.052264e+01	-6.276335e+02
2.980000e-06	-4.360974e-09	-1.097366e-08	-3.095503e+01	-6.531324e+02
2.990000e-06	-4.420238e-09	-1.138378e-08	-3.137570e+01	-6.775395e+02
3.000000e-06	-4.478048e-09	-1.177785e-08	-3.178604e+01	-7.007875e+02
3.010000e-06	-4.534379e-09	-1.215218e-08	-3.218589e+01	-7.228377e+02
3.020000e-06	-4.589039e-09	-1.250323e-08	-3.257388e+01	-7.436784e+02
3.030000e-06	-4.641743e-09	-1.283435e-08	-3.294799e+01	-7.633200e+02
3.040000e-06	-4.692528e-09	-1.315016e-08	-3.330847e+01	-7.817880e+02
3.050000e-06	-4.741428e-09	-1.344724e-08	-3.365557e+01	-7.991150e+02
3.060000e-06	-4.788336e-09	-1.372116e-08	-3.398853e+01	-8.153348e+02
3.070000e-06	-4.833527e-09	-1.397529e-08	-3.430930e+01	-8.304798e+02
3.080000e-06	-4.877256e-09	-1.421517e-08	-3.461970e+01	-8.445816e+02
3.090000e-06	-4.919493e-09	-1.443946e-08	-3.491951e+01	-8.576741e+02
3.100000e-06	-4.960182e-09	-1.464521e-08	-3.520832e+01	-8.697965e+02
3.110000e-06	-4.999219e-09	-1.483477e-08	-3.548542e+01	-8.809955e+02
3.120000e-06	-5.036353e-09	-1.501277e-08	-3.574901e+01	-8.913245e+02
3.130000e-06	-5.071600e-09	-1.517865e-08	-3.599920e+01	-9.008399e+02
3.140000e-06	-5.105156e-09	-1.532866e-08	-3.623738e+01	-9.095967e+02
3.150000e-06	-5.136990e-09	-1.546440e-08	-3.646334e+01	-9.176438e+02
3.160000e-06	-5.166873e-09	-1.559241e-08	-3.667546e+01	-9.250220e+02
3.170000e-06	-5.194802e-09	-1.571152e-08	-3.687370e+01	-9.317644e+02
3.180000e-06	-5.220967e-09	-1.581715e-08	-3.705943e+01	-9.379009e+02
3.190000e-06	-5.245362e-09	-1.590972e-08	-3.723259e+01	-9.434618e+02
3.200000e-06	-5.267859e-09	-1.599514e-08	-3.739228e+01	-9.484826e+02
3.210000e-06	-5.288366e-09	-1.607615e-08	-3.753784e+01	-9.530039e+02
3.220000e-06	-5.307044e-09	-1.614731e-08	-3.767042e+01	-9.570696e+02
3.230000e-06	-5.323999e-09	-1.620751e-08	-3.779077e+01	-9.607206e+02
3.240000e-06	-5.339044e-09	-1.626240e-08	-3.789756e+01	-9.639894e+02
3.250000e-06	-5.351890e-09	-1.631391e-08	-3.798875e+01	-9.668952e+02
3.260000e-06	-5.362606e-09	-1.635697e-08	-3.806481e+01	-9.694437e+02
3.270000e-06	-5.371466e-09	-1.639191e-08	-3.812771e+01	-9.716315e+02
3.280000e-06	-5.378462e-09	-1.642376e-08	-3.817737e+01	-9.734535e+02
3.290000e-06	-5.383445e-09	-1.645305e-08	-3.821274e+01	-9.749118e+02
3.300000e-06	-5.386539e-09	-1.647490e-08	-3.823469e+01	-9.760213e+02
3.310000e-06	-5.387892e-09	-1.648848e-08	-3.824430e+01	-9.768112e+02
3.320000e-06	-5.387453e-09	-1.649547e-08	-3.824119e+01	-9.773202e+02
