# Configuracion:
# Concentracion g/m^3_=_23900.0
# C_Vs_to_Am_M_A/Vsm_=_59384043850.047264
# pendiente_HvsI_1/m_=_3716.3
# ordenada_HvsI_A/m_=_1297.0
# frecuencia_ref_Hz_=_301326.4073219301
# 
Resultados:
# tau_ns_=_(2.98+/-0.06)e+02
# dphi_rad_=_6.80+/-0.01
# SAR_W/g_=_2058.02+/-26.46
# Hc_kA/m_=_28.30+/-0.52
# Mr_A/m_=_1096.87+/-38.10
# Magnetizacion_max_=_1550.04+/-25.32
# Suceptibilidad_a_M=0_=_(1.208+/-0.124)e-01

Nombre_archivo	Time_m_(s)	Temperatura_(ºC)	Mr_(A/m)	Hc_(kA/m)	Campo_max_(A/m)	Mag_max_(A/m)	f0	mag0	dphi0	SAR_(W/g)	Tau_(ns)	N	xi_M_0
300kHz_125dA_100Mss_bobN1M17-0011.txt	6.57	27.56	1019.06	29.04	47750.75	1497.66	3.012696e+05	1.238881e+02	6.807789e+00	1990.88	305.674655	4647	1.012e-01
300kHz_125dA_100Mss_bobN1M17-0012.txt	7.02	31.48	1040.13	28.86	47750.75	1516.03	3.012696e+05	1.258882e+02	6.804658e+00	2012.06	303.471060	4647	1.060e-01
300kHz_125dA_100Mss_bobN1M17-0013.txt	7.66	37.24	1055.10	28.93	47750.75	1521.79	3.012696e+05	1.267512e+02	6.808207e+00	2038.35	305.969840	4647	1.027e-01
300kHz_125dA_100Mss_bobN1M17-0014.txt	8.12	41.39	1066.97	28.84	47750.75	1528.92	3.012696e+05	1.276742e+02	6.807646e+00	2051.21	305.575753	4647	1.070e-01
300kHz_125dA_100Mss_bobN1M17-0015.txt	8.61	45.85	1081.10	28.55	47750.75	1540.60	3.012696e+05	1.291291e+02	6.801431e+00	2052.25	301.205565	4647	1.151e-01
300kHz_125dA_100Mss_bobN1M17-0016.txt	9.06	49.93	1089.29	28.63	47750.75	1543.06	3.012696e+05	1.295182e+02	6.804638e+00	2070.01	303.457605	4647	1.163e-01
300kHz_125dA_100Mss_bobN1M17-0017.txt	9.55	54.30	1100.20	28.42	47750.75	1551.50	3.012696e+05	1.306082e+02	6.800502e+00	2072.38	300.558523	4647	1.225e-01
300kHz_125dA_100Mss_bobN1M17-0018.txt	10.07	58.90	1108.62	28.27	47750.75	1558.31	3.012696e+05	1.314405e+02	6.797589e+00	2074.90	298.524735	4647	1.271e-01
300kHz_125dA_100Mss_bobN1M17-0019.txt	10.99	66.81	1121.59	28.12	47750.75	1562.94	3.012696e+05	1.322920e+02	6.796071e+00	2082.73	297.468614	4647	1.236e-01
300kHz_125dA_100Mss_bobN1M17-0020.txt	11.43	70.51	1126.96	27.96	47750.75	1572.44	3.012696e+05	1.331568e+02	6.792035e+00	2081.30	294.666755	4647	1.282e-01
300kHz_125dA_100Mss_bobN1M17-0021.txt	11.89	74.38	1131.35	27.82	47750.75	1571.86	3.012696e+05	1.334192e+02	6.789607e+00	2076.32	292.988196	4647	1.327e-01
300kHz_125dA_100Mss_bobN1M17-0022.txt	12.38	78.34	1134.96	27.79	47750.75	1573.42	3.012696e+05	1.337005e+02	6.789052e+00	2078.62	292.606771	4647	1.366e-01
300kHz_125dA_100Mss_bobN1M17-0023.txt	12.85	82.10	1138.80	27.59	47750.75	1578.83	3.012696e+05	1.342674e+02	6.784665e+00	2070.88	289.583217	4647	1.393e-01
300kHz_125dA_100Mss_bobN1M17-0024.txt	13.3	84.74	1142.06	27.38	47750.75	1583.20	3.012696e+05	1.348618e+02	6.779492e+00	2060.40	286.039927	4647	1.331e-01
