# Temperatura_=_54.22076923076922
# Concentracion g/m^3_=_23900.0
# C_Vs_to_Am_M_A/Vsm_=_59384043850.047264
# pendiente_HvsI_1/m_=_3716.3
# ordenada_HvsI_A/m_=_1297.0
# frecuencia_Hz_=_301555.10089533945
# Promedio de 13 ciclos

Tiempo_(s)	Campo_(V.s)	Magnetizacion_(V.s)	Campo_(kA/m)	Magnetizacion_(A/m)
0.000000e+00	-8.075868e-09	-2.861777e-08	-5.684628e+01	-1.699877e+03
1.000000e-08	-8.071733e-09	-2.861510e-08	-5.681717e+01	-1.699473e+03
2.000000e-08	-8.065033e-09	-2.861274e-08	-5.677000e+01	-1.698977e+03
3.000000e-08	-8.055634e-09	-2.860730e-08	-5.670383e+01	-1.698440e+03
4.000000e-08	-8.043376e-09	-2.860128e-08	-5.661753e+01	-1.697888e+03
5.000000e-08	-8.028197e-09	-2.859414e-08	-5.651068e+01	-1.697304e+03
6.000000e-08	-8.010241e-09	-2.858759e-08	-5.638428e+01	-1.696639e+03
7.000000e-08	-7.989869e-09	-2.857718e-08	-5.624088e+01	-1.695829e+03
8.000000e-08	-7.966869e-09	-2.852498e-08	-5.607898e+01	-1.694828e+03
9.000000e-08	-7.940679e-09	-2.848812e-08	-5.589461e+01	-1.693625e+03
1.000000e-07	-7.911271e-09	-2.849524e-08	-5.568760e+01	-1.692254e+03
1.100000e-07	-7.878960e-09	-2.849396e-08	-5.546015e+01	-1.690783e+03
1.200000e-07	-7.843887e-09	-2.846725e-08	-5.521326e+01	-1.689281e+03
1.300000e-07	-7.806321e-09	-2.844000e-08	-5.494883e+01	-1.687798e+03
1.400000e-07	-7.766556e-09	-2.844902e-08	-5.466892e+01	-1.686337e+03
1.500000e-07	-7.724339e-09	-2.839382e-08	-5.437174e+01	-1.684855e+03
1.600000e-07	-7.679312e-09	-2.836136e-08	-5.405479e+01	-1.683279e+03
1.700000e-07	-7.631624e-09	-2.832622e-08	-5.371910e+01	-1.681536e+03
1.800000e-07	-7.581043e-09	-2.825188e-08	-5.336305e+01	-1.679579e+03
1.900000e-07	-7.527360e-09	-2.826110e-08	-5.298517e+01	-1.677408e+03
2.000000e-07	-7.470915e-09	-2.823034e-08	-5.258785e+01	-1.675062e+03
2.100000e-07	-7.411775e-09	-2.818612e-08	-5.217155e+01	-1.672609e+03
2.200000e-07	-7.350013e-09	-2.814071e-08	-5.173679e+01	-1.670107e+03
2.300000e-07	-7.285567e-09	-2.810115e-08	-5.128315e+01	-1.667585e+03
2.400000e-07	-7.218311e-09	-2.807985e-08	-5.080972e+01	-1.665027e+03
2.500000e-07	-7.148441e-09	-2.799298e-08	-5.031790e+01	-1.662382e+03
2.600000e-07	-7.075938e-09	-2.793628e-08	-4.980755e+01	-1.659585e+03
2.700000e-07	-7.000644e-09	-2.791382e-08	-4.927754e+01	-1.656588e+03
2.800000e-07	-6.922582e-09	-2.787757e-08	-4.872805e+01	-1.653376e+03
2.900000e-07	-6.841848e-09	-2.780607e-08	-4.815976e+01	-1.649980e+03
3.000000e-07	-6.758671e-09	-2.773432e-08	-4.757426e+01	-1.646456e+03
3.100000e-07	-6.673232e-09	-2.770160e-08	-4.697285e+01	-1.642867e+03
3.200000e-07	-6.585523e-09	-2.763600e-08	-4.635546e+01	-1.639250e+03
3.300000e-07	-6.495485e-09	-2.756611e-08	-4.572167e+01	-1.635604e+03
3.400000e-07	-6.403132e-09	-2.749689e-08	-4.507159e+01	-1.631884e+03
3.500000e-07	-6.308481e-09	-2.743922e-08	-4.440533e+01	-1.628029e+03
3.600000e-07	-6.211484e-09	-2.738244e-08	-4.372256e+01	-1.623979e+03
3.700000e-07	-6.112195e-09	-2.729996e-08	-4.302366e+01	-1.619709e+03
3.800000e-07	-6.010739e-09	-2.722243e-08	-4.230950e+01	-1.615235e+03
3.900000e-07	-5.907101e-09	-2.714977e-08	-4.157998e+01	-1.610609e+03
4.000000e-07	-5.801278e-09	-2.708545e-08	-4.083508e+01	-1.605898e+03
4.100000e-07	-5.693392e-09	-2.699995e-08	-4.007566e+01	-1.601151e+03
4.200000e-07	-5.583531e-09	-2.691414e-08	-3.930235e+01	-1.596378e+03
4.300000e-07	-5.471646e-09	-2.683571e-08	-3.851478e+01	-1.591546e+03
4.400000e-07	-5.357611e-09	-2.675684e-08	-3.771207e+01	-1.586590e+03
4.500000e-07	-5.241443e-09	-2.666685e-08	-3.689436e+01	-1.581441e+03
4.600000e-07	-5.123274e-09	-2.656963e-08	-3.606256e+01	-1.576053e+03
4.700000e-07	-5.003212e-09	-2.648413e-08	-3.521743e+01	-1.570423e+03
4.800000e-07	-4.881326e-09	-2.639391e-08	-3.435947e+01	-1.564593e+03
4.900000e-07	-4.757665e-09	-2.629490e-08	-3.348901e+01	-1.558627e+03
5.000000e-07	-4.632305e-09	-2.618649e-08	-3.260659e+01	-1.552586e+03
5.100000e-07	-4.505291e-09	-2.608547e-08	-3.171253e+01	-1.546498e+03
5.200000e-07	-4.376622e-09	-2.598496e-08	-3.080682e+01	-1.540344e+03
5.300000e-07	-4.246404e-09	-2.587934e-08	-2.989021e+01	-1.534066e+03
5.400000e-07	-4.114677e-09	-2.576742e-08	-2.896298e+01	-1.527588e+03
5.500000e-07	-3.981466e-09	-2.565597e-08	-2.802530e+01	-1.520849e+03
5.600000e-07	-3.846777e-09	-2.554398e-08	-2.707721e+01	-1.513827e+03
5.700000e-07	-3.710658e-09	-2.542015e-08	-2.611906e+01	-1.506547e+03
5.800000e-07	-3.573209e-09	-2.529070e-08	-2.515155e+01	-1.499070e+03
5.900000e-07	-3.434412e-09	-2.516355e-08	-2.417455e+01	-1.491465e+03
6.000000e-07	-3.294143e-09	-2.504023e-08	-2.318719e+01	-1.483778e+03
6.100000e-07	-3.152476e-09	-2.490878e-08	-2.218999e+01	-1.476007e+03
6.200000e-07	-3.009624e-09	-2.477263e-08	-2.118445e+01	-1.468106e+03
6.300000e-07	-2.865650e-09	-2.463710e-08	-2.017101e+01	-1.459996e+03
6.400000e-07	-2.720619e-09	-2.450120e-08	-1.915013e+01	-1.451600e+03
6.500000e-07	-2.574602e-09	-2.435668e-08	-1.812231e+01	-1.442877e+03
6.600000e-07	-2.427700e-09	-2.420190e-08	-1.708826e+01	-1.433830e+03
6.700000e-07	-2.279994e-09	-2.404815e-08	-1.604855e+01	-1.424509e+03
6.800000e-07	-2.131521e-09	-2.389494e-08	-1.500343e+01	-1.414987e+03
6.900000e-07	-1.982338e-09	-2.373367e-08	-1.395333e+01	-1.405320e+03
7.000000e-07	-1.832497e-09	-2.356362e-08	-1.289859e+01	-1.395524e+03
7.100000e-07	-1.682017e-09	-2.339487e-08	-1.183935e+01	-1.385561e+03
7.200000e-07	-1.530926e-09	-2.322726e-08	-1.077582e+01	-1.375352e+03
7.300000e-07	-1.379269e-09	-2.305333e-08	-9.708304e+00	-1.364804e+03
7.400000e-07	-1.227094e-09	-2.287119e-08	-8.637139e+00	-1.353850e+03
7.500000e-07	-1.074456e-09	-2.268354e-08	-7.562715e+00	-1.342471e+03
7.600000e-07	-9.214043e-10	-2.248866e-08	-6.485379e+00	-1.330699e+03
7.700000e-07	-7.680138e-10	-2.228304e-08	-5.405658e+00	-1.318598e+03
7.800000e-07	-6.143682e-10	-2.207064e-08	-4.324142e+00	-1.306221e+03
7.900000e-07	-4.605184e-10	-2.185589e-08	-3.241187e+00	-1.293576e+03
8.000000e-07	-3.065097e-10	-2.163951e-08	-2.157115e+00	-1.280594e+03
8.100000e-07	-1.523838e-10	-2.141540e-08	-1.072217e+00	-1.267136e+03
8.200000e-07	1.801524e-12	-2.117775e-08	1.309821e-02	-1.253019e+03
8.300000e-07	1.559818e-10	-2.092481e-08	1.098378e+00	-1.238064e+03
8.400000e-07	3.101142e-10	-2.065728e-08	2.183320e+00	-1.222137e+03
8.500000e-07	4.641251e-10	-2.037355e-08	3.267408e+00	-1.205178e+03
8.600000e-07	6.179619e-10	-2.007018e-08	4.350269e+00	-1.187193e+03
8.700000e-07	7.715869e-10	-1.974944e-08	5.431640e+00	-1.168226e+03
8.800000e-07	9.249264e-10	-1.941516e-08	6.511000e+00	-1.148310e+03
8.900000e-07	1.077926e-09	-1.906506e-08	7.587966e+00	-1.127421e+03
9.000000e-07	1.230525e-09	-1.869272e-08	8.662115e+00	-1.105456e+03
9.100000e-07	1.382641e-09	-1.829774e-08	9.732861e+00	-1.082244e+03
9.200000e-07	1.534255e-09	-1.788026e-08	1.080007e+01	-1.057576e+03
9.300000e-07	1.685345e-09	-1.743645e-08	1.186360e+01	-1.031252e+03
9.400000e-07	1.835822e-09	-1.696337e-08	1.292281e+01	-1.003113e+03
9.500000e-07	1.985620e-09	-1.645832e-08	1.397724e+01	-9.730410e+02
9.600000e-07	2.134695e-09	-1.591891e-08	1.502658e+01	-9.409141e+02
9.700000e-07	2.283003e-09	-1.533941e-08	1.607053e+01	-9.065245e+02
9.800000e-07	2.430492e-09	-1.470904e-08	1.710870e+01	-8.694768e+02
9.900000e-07	2.577121e-09	-1.401722e-08	1.814083e+01	-8.290956e+02
1.000000e-06	2.722859e-09	-1.325114e-08	1.916668e+01	-7.843703e+02
1.010000e-06	2.867630e-09	-1.239092e-08	2.018573e+01	-7.339637e+02
1.020000e-06	3.011352e-09	-1.141344e-08	2.119738e+01	-6.762901e+02
1.030000e-06	3.153949e-09	-1.029360e-08	2.220113e+01	-6.096626e+02
1.040000e-06	3.295336e-09	-8.998705e-09	2.319635e+01	-5.324895e+02
1.050000e-06	3.435418e-09	-7.493122e-09	2.418239e+01	-4.434969e+02
1.060000e-06	3.574180e-09	-5.749540e-09	2.515913e+01	-3.419470e+02
1.070000e-06	3.711616e-09	-3.769525e-09	2.612655e+01	-2.278250e+02
1.080000e-06	3.847685e-09	-1.588599e-09	2.708434e+01	-1.019662e+02
1.090000e-06	3.982376e-09	7.382384e-10	2.803243e+01	3.389652e+01
1.100000e-06	4.115645e-09	3.155096e-09	2.897051e+01	1.771813e+02
1.110000e-06	4.247396e-09	5.627420e-09	2.989790e+01	3.246092e+02
1.120000e-06	4.377621e-09	8.130007e-09	3.081456e+01	4.724525e+02
1.130000e-06	4.506293e-09	1.060763e-08	3.172028e+01	6.168565e+02
1.140000e-06	4.633366e-09	1.297077e-08	3.261474e+01	7.541976e+02
1.150000e-06	4.758856e-09	1.513305e-08	3.349807e+01	8.814255e+02
1.160000e-06	4.882666e-09	1.704943e-08	3.436957e+01	9.963349e+02
1.170000e-06	5.004712e-09	1.871771e-08	3.522865e+01	1.097720e+03
1.180000e-06	5.124955e-09	2.015478e-08	3.607504e+01	1.185384e+03
1.190000e-06	5.243315e-09	2.138489e-08	3.690817e+01	1.260011e+03
1.200000e-06	5.359667e-09	2.243076e-08	3.772717e+01	1.322921e+03
1.210000e-06	5.473917e-09	2.331485e-08	3.853138e+01	1.375775e+03
1.220000e-06	5.586099e-09	2.406105e-08	3.932102e+01	1.420284e+03
1.230000e-06	5.696319e-09	2.469394e-08	4.009686e+01	1.457985e+03
1.240000e-06	5.804571e-09	2.522971e-08	4.085884e+01	1.490116e+03
1.250000e-06	5.910728e-09	2.568020e-08	4.160608e+01	1.517590e+03
1.260000e-06	6.014740e-09	2.606007e-08	4.233822e+01	1.541062e+03
1.270000e-06	6.116610e-09	2.638346e-08	4.305528e+01	1.561028e+03
1.280000e-06	6.216249e-09	2.666114e-08	4.375663e+01	1.577925e+03
1.290000e-06	6.313557e-09	2.689839e-08	4.444158e+01	1.592202e+03
1.300000e-06	6.408618e-09	2.710106e-08	4.511072e+01	1.604325e+03
1.310000e-06	6.501489e-09	2.727570e-08	4.576443e+01	1.614756e+03
1.320000e-06	6.592072e-09	2.742803e-08	4.640204e+01	1.623896e+03
1.330000e-06	6.680285e-09	2.756125e-08	4.702297e+01	1.632050e+03
1.340000e-06	6.766185e-09	2.767886e-08	4.762762e+01	1.639400e+03
1.350000e-06	6.849761e-09	2.778495e-08	4.821591e+01	1.646032e+03
1.360000e-06	6.930880e-09	2.788113e-08	4.878690e+01	1.651971e+03
1.370000e-06	7.009486e-09	2.796708e-08	4.934021e+01	1.657237e+03
1.380000e-06	7.085486e-09	2.804298e-08	4.987516e+01	1.661881e+03
1.390000e-06	7.158799e-09	2.811164e-08	5.039121e+01	1.665999e+03
1.400000e-06	7.229537e-09	2.817493e-08	5.088913e+01	1.669717e+03
1.410000e-06	7.297743e-09	2.823334e-08	5.136922e+01	1.673158e+03
1.420000e-06	7.363308e-09	2.828799e-08	5.183073e+01	1.676407e+03
1.430000e-06	7.426285e-09	2.833865e-08	5.227402e+01	1.679498e+03
1.440000e-06	7.486762e-09	2.838474e-08	5.269971e+01	1.682410e+03
1.450000e-06	7.544624e-09	2.842470e-08	5.310700e+01	1.685097e+03
1.460000e-06	7.599755e-09	2.845950e-08	5.349506e+01	1.687515e+03
1.470000e-06	7.651901e-09	2.849224e-08	5.386211e+01	1.689653e+03
1.480000e-06	7.700893e-09	2.852344e-08	5.420695e+01	1.691541e+03
1.490000e-06	7.747001e-09	2.855174e-08	5.453150e+01	1.693243e+03
1.500000e-06	7.790381e-09	2.857755e-08	5.483685e+01	1.694831e+03
1.510000e-06	7.830948e-09	2.860266e-08	5.512239e+01	1.696353e+03
1.520000e-06	7.868806e-09	2.862591e-08	5.538887e+01	1.697820e+03
1.530000e-06	7.903960e-09	2.864462e-08	5.563631e+01	1.699203e+03
1.540000e-06	7.936278e-09	2.865967e-08	5.586379e+01	1.700448e+03
1.550000e-06	7.965874e-09	2.867311e-08	5.607211e+01	1.701506e+03
1.560000e-06	7.992697e-09	2.868554e-08	5.626091e+01	1.702354e+03
1.570000e-06	8.016601e-09	2.869559e-08	5.642917e+01	1.703010e+03
1.580000e-06	8.037742e-09	2.870180e-08	5.657797e+01	1.703524e+03
1.590000e-06	8.056104e-09	2.870796e-08	5.670722e+01	1.703957e+03
1.600000e-06	8.071522e-09	2.871474e-08	5.681573e+01	1.704356e+03
1.610000e-06	8.083866e-09	2.871932e-08	5.690261e+01	1.704732e+03
1.620000e-06	8.093089e-09	2.872003e-08	5.696752e+01	1.705058e+03
1.630000e-06	8.099414e-09	2.871899e-08	5.701204e+01	1.705281e+03
1.640000e-06	8.102934e-09	2.871725e-08	5.703681e+01	1.705349e+03
1.650000e-06	8.103591e-09	2.871203e-08	5.704143e+01	1.705231e+03
1.660000e-06	8.101551e-09	2.870802e-08	5.702706e+01	1.704935e+03
1.670000e-06	8.096858e-09	2.870140e-08	5.699402e+01	1.704502e+03
1.680000e-06	8.089438e-09	2.869228e-08	5.694178e+01	1.703991e+03
1.690000e-06	8.079307e-09	2.868298e-08	5.687046e+01	1.703449e+03
1.700000e-06	8.066316e-09	2.867057e-08	5.677901e+01	1.702891e+03
1.710000e-06	8.050594e-09	2.865175e-08	5.666834e+01	1.702291e+03
1.720000e-06	8.032517e-09	2.862381e-08	5.654109e+01	1.701595e+03
1.730000e-06	8.011993e-09	2.863957e-08	5.639661e+01	1.700740e+03
1.740000e-06	7.988376e-09	2.864679e-08	5.623036e+01	1.699687e+03
1.750000e-06	7.961011e-09	2.860267e-08	5.603772e+01	1.698437e+03
1.760000e-06	7.930035e-09	2.856242e-08	5.581967e+01	1.697034e+03
1.770000e-06	7.896293e-09	2.853879e-08	5.558216e+01	1.695548e+03
1.780000e-06	7.860232e-09	2.849188e-08	5.532832e+01	1.694047e+03
1.790000e-06	7.821902e-09	2.845806e-08	5.505851e+01	1.692570e+03
1.800000e-06	7.781553e-09	2.847841e-08	5.477448e+01	1.691109e+03
1.810000e-06	7.738839e-09	2.840300e-08	5.447381e+01	1.689610e+03
1.820000e-06	7.693362e-09	2.840628e-08	5.415369e+01	1.687998e+03
1.830000e-06	7.645129e-09	2.840723e-08	5.381417e+01	1.686204e+03
1.840000e-06	7.593735e-09	2.833400e-08	5.345240e+01	1.684191e+03
1.850000e-06	7.539315e-09	2.832040e-08	5.306933e+01	1.681970e+03
1.860000e-06	7.482186e-09	2.822659e-08	5.266719e+01	1.679591e+03
1.870000e-06	7.422409e-09	2.822557e-08	5.224640e+01	1.677120e+03
1.880000e-06	7.360060e-09	2.818261e-08	5.180753e+01	1.674612e+03
1.890000e-06	7.294932e-09	2.811372e-08	5.134908e+01	1.672082e+03
1.900000e-06	7.227094e-09	2.811859e-08	5.087155e+01	1.669508e+03
1.910000e-06	7.156442e-09	2.804306e-08	5.037422e+01	1.666830e+03
1.920000e-06	7.083045e-09	2.799770e-08	4.985758e+01	1.663986e+03
1.930000e-06	7.006990e-09	2.791974e-08	4.932221e+01	1.660934e+03
1.940000e-06	6.928159e-09	2.787136e-08	4.876731e+01	1.657672e+03
1.950000e-06	6.846888e-09	2.782242e-08	4.819524e+01	1.654237e+03
1.960000e-06	6.763232e-09	2.775298e-08	4.760638e+01	1.650691e+03
1.970000e-06	6.677089e-09	2.772160e-08	4.700000e+01	1.647093e+03
1.980000e-06	6.588498e-09	2.763996e-08	4.637640e+01	1.643470e+03
1.990000e-06	6.497620e-09	2.758775e-08	4.573670e+01	1.639809e+03
2.000000e-06	6.404497e-09	2.750609e-08	4.508120e+01	1.636062e+03
2.010000e-06	6.309032e-09	2.743511e-08	4.440921e+01	1.632161e+03
2.020000e-06	6.211363e-09	2.736731e-08	4.372171e+01	1.628057e+03
2.030000e-06	6.111476e-09	2.729435e-08	4.301860e+01	1.623732e+03
2.040000e-06	6.009351e-09	2.722753e-08	4.229973e+01	1.619214e+03
2.050000e-06	5.905027e-09	2.714173e-08	4.156539e+01	1.614561e+03
2.060000e-06	5.798627e-09	2.707065e-08	4.081643e+01	1.609837e+03
2.070000e-06	5.690214e-09	2.698071e-08	4.005330e+01	1.605083e+03
2.080000e-06	5.579710e-09	2.690239e-08	3.927546e+01	1.600299e+03
2.090000e-06	5.467130e-09	2.680915e-08	3.848299e+01	1.595442e+03
2.100000e-06	5.352413e-09	2.673005e-08	3.767550e+01	1.590443e+03
2.110000e-06	5.235605e-09	2.664075e-08	3.685327e+01	1.585237e+03
2.120000e-06	5.116751e-09	2.654698e-08	3.601665e+01	1.579786e+03
2.130000e-06	4.996013e-09	2.645069e-08	3.516677e+01	1.574101e+03
2.140000e-06	4.873525e-09	2.635125e-08	3.430457e+01	1.568231e+03
2.150000e-06	4.749267e-09	2.625581e-08	3.342991e+01	1.562241e+03
2.160000e-06	4.623283e-09	2.614959e-08	3.254309e+01	1.556186e+03
2.170000e-06	4.495631e-09	2.604763e-08	3.164454e+01	1.550084e+03
2.180000e-06	4.366396e-09	2.593772e-08	3.073485e+01	1.543905e+03
2.190000e-06	4.235625e-09	2.583420e-08	2.981434e+01	1.537583e+03
2.200000e-06	4.103348e-09	2.571852e-08	2.888324e+01	1.531044e+03
2.210000e-06	3.969636e-09	2.560284e-08	2.794203e+01	1.524235e+03
2.220000e-06	3.834489e-09	2.548328e-08	2.699072e+01	1.517144e+03
2.230000e-06	3.697864e-09	2.536470e-08	2.602901e+01	1.509808e+03
2.240000e-06	3.559866e-09	2.523922e-08	2.505764e+01	1.502293e+03
2.250000e-06	3.420548e-09	2.510960e-08	2.407697e+01	1.494664e+03
2.260000e-06	3.279964e-09	2.497977e-08	2.308739e+01	1.486957e+03
2.270000e-06	3.138142e-09	2.484605e-08	2.208910e+01	1.479159e+03
2.280000e-06	2.995113e-09	2.471001e-08	2.108231e+01	1.471213e+03
2.290000e-06	2.850985e-09	2.456636e-08	2.006779e+01	1.463037e+03
2.300000e-06	2.705865e-09	2.442428e-08	1.904628e+01	1.454562e+03
2.310000e-06	2.559829e-09	2.427603e-08	1.801833e+01	1.445755e+03
2.320000e-06	2.412879e-09	2.412330e-08	1.698394e+01	1.436634e+03
2.330000e-06	2.265052e-09	2.396299e-08	1.594338e+01	1.427256e+03
2.340000e-06	2.116417e-09	2.380282e-08	1.489713e+01	1.417693e+03
2.350000e-06	1.967071e-09	2.363946e-08	1.384587e+01	1.407994e+03
2.360000e-06	1.817078e-09	2.347019e-08	1.279006e+01	1.398161e+03
2.370000e-06	1.666463e-09	2.329511e-08	1.172988e+01	1.388145e+03
2.380000e-06	1.515237e-09	2.311679e-08	1.066539e+01	1.377859e+03
2.390000e-06	1.363458e-09	2.293703e-08	9.597017e+00	1.367214e+03
2.400000e-06	1.211191e-09	2.275109e-08	8.525200e+00	1.356154e+03
2.410000e-06	1.058479e-09	2.255871e-08	7.450258e+00	1.344672e+03
2.420000e-06	9.053953e-10	2.236078e-08	6.372694e+00	1.332812e+03
2.430000e-06	7.520011e-10	2.215884e-08	5.292946e+00	1.320638e+03
2.440000e-06	5.983572e-10	2.194820e-08	4.211441e+00	1.308196e+03
2.450000e-06	4.445182e-10	2.172936e-08	3.128562e+00	1.295476e+03
2.460000e-06	2.905180e-10	2.150410e-08	2.044549e+00	1.282390e+03
2.470000e-06	1.363926e-10	2.127318e-08	9.596557e-01	1.268786e+03
2.480000e-06	-1.777873e-11	2.103137e-08	-1.255617e-01	1.254476e+03
2.490000e-06	-1.719154e-10	2.077608e-08	-1.210535e+00	1.239289e+03
2.500000e-06	-3.259498e-10	2.050690e-08	-2.294787e+00	1.223108e+03
2.510000e-06	-4.798520e-10	2.022232e-08	-3.378110e+00	1.205892e+03
2.520000e-06	-6.335838e-10	1.991824e-08	-4.460233e+00	1.187659e+03
2.530000e-06	-7.870725e-10	1.959265e-08	-5.540645e+00	1.168456e+03
2.540000e-06	-9.402600e-10	1.924981e-08	-6.618937e+00	1.148303e+03
2.550000e-06	-1.093081e-09	1.889052e-08	-7.694650e+00	1.127159e+03
2.560000e-06	-1.245464e-09	1.851234e-08	-8.767273e+00	1.104903e+03
2.570000e-06	-1.397346e-09	1.811286e-08	-9.836380e+00	1.081349e+03
2.580000e-06	-1.548693e-09	1.769178e-08	-1.090171e+01	1.056287e+03
2.590000e-06	-1.699482e-09	1.724639e-08	-1.196312e+01	1.029526e+03
2.600000e-06	-1.849661e-09	1.677170e-08	-1.302023e+01	1.000918e+03
2.610000e-06	-1.999169e-09	1.626361e-08	-1.407262e+01	9.703507e+02
2.620000e-06	-2.147979e-09	1.571937e-08	-1.512010e+01	9.376883e+02
2.630000e-06	-2.296036e-09	1.513365e-08	-1.616227e+01	9.026863e+02
2.640000e-06	-2.443271e-09	1.449600e-08	-1.719866e+01	8.648874e+02
2.650000e-06	-2.589647e-09	1.379389e-08	-1.822901e+01	8.235358e+02
2.660000e-06	-2.735123e-09	1.301494e-08	-1.925301e+01	7.775370e+02
2.670000e-06	-2.879622e-09	1.214228e-08	-2.027015e+01	7.254826e+02
2.680000e-06	-3.023040e-09	1.115368e-08	-2.127967e+01	6.657468e+02
2.690000e-06	-3.165270e-09	1.002095e-08	-2.228083e+01	5.966471e+02
2.700000e-06	-3.306283e-09	8.710810e-09	-2.327341e+01	5.166500e+02
2.710000e-06	-3.446041e-09	7.189240e-09	-2.425718e+01	4.245953e+02
2.720000e-06	-3.584504e-09	5.434103e-09	-2.523181e+01	3.199086e+02
2.730000e-06	-3.721652e-09	3.455712e-09	-2.619720e+01	2.027758e+02
2.740000e-06	-3.857410e-09	1.293944e-09	-2.715280e+01	7.425314e+01
2.750000e-06	-3.991733e-09	-1.000169e-09	-2.809830e+01	-6.370874e+01
2.760000e-06	-4.124634e-09	-3.374264e-09	-2.903379e+01	-2.083382e+02
2.770000e-06	-4.256081e-09	-5.788849e-09	-2.995904e+01	-3.562195e+02
2.780000e-06	-4.386040e-09	-8.221449e-09	-3.087383e+01	-5.035618e+02
2.790000e-06	-4.514459e-09	-1.063465e-08	-3.177777e+01	-6.465344e+02
2.800000e-06	-4.641260e-09	-1.294967e-08	-3.267032e+01	-7.816260e+02
2.810000e-06	-4.766415e-09	-1.507596e-08	-3.355129e+01	-9.059740e+02
2.820000e-06	-4.889883e-09	-1.696339e-08	-3.442037e+01	-1.017611e+03
2.830000e-06	-5.011599e-09	-1.860718e-08	-3.527714e+01	-1.115587e+03
2.840000e-06	-5.131458e-09	-2.002258e-08	-3.612082e+01	-1.199938e+03
2.850000e-06	-5.249338e-09	-2.123348e-08	-3.695058e+01	-1.271532e+03
2.860000e-06	-5.365139e-09	-2.226558e-08	-3.776570e+01	-1.331800e+03
2.870000e-06	-5.478758e-09	-2.314137e-08	-3.856546e+01	-1.382441e+03
2.880000e-06	-5.590209e-09	-2.388152e-08	-3.934995e+01	-1.425139e+03
2.890000e-06	-5.699597e-09	-2.450625e-08	-4.011994e+01	-1.461365e+03
2.900000e-06	-5.807021e-09	-2.503425e-08	-4.087610e+01	-1.492274e+03
2.910000e-06	-5.912478e-09	-2.548015e-08	-4.161840e+01	-1.518707e+03
2.920000e-06	-6.015796e-09	-2.585712e-08	-4.234565e+01	-1.541271e+03
2.930000e-06	-6.116882e-09	-2.617800e-08	-4.305720e+01	-1.560439e+03
2.940000e-06	-6.215807e-09	-2.645411e-08	-4.375352e+01	-1.576648e+03
2.950000e-06	-6.312597e-09	-2.669319e-08	-4.443483e+01	-1.590349e+03
2.960000e-06	-6.407161e-09	-2.689892e-08	-4.510046e+01	-1.602014e+03
2.970000e-06	-6.499422e-09	-2.707720e-08	-4.574988e+01	-1.612093e+03
2.980000e-06	-6.589431e-09	-2.723366e-08	-4.638345e+01	-1.620968e+03
2.990000e-06	-6.677138e-09	-2.737112e-08	-4.700082e+01	-1.628912e+03
3.000000e-06	-6.762407e-09	-2.749149e-08	-4.760103e+01	-1.636081e+03
3.010000e-06	-6.845258e-09	-2.759675e-08	-4.818421e+01	-1.642540e+03
3.020000e-06	-6.925723e-09	-2.769035e-08	-4.875060e+01	-1.648311e+03
3.030000e-06	-7.003613e-09	-2.777669e-08	-4.929886e+01	-1.653417e+03
3.040000e-06	-7.078792e-09	-2.785768e-08	-4.982805e+01	-1.657922e+03
3.050000e-06	-7.151345e-09	-2.793055e-08	-5.033874e+01	-1.661930e+03
3.060000e-06	-7.221295e-09	-2.799540e-08	-5.083111e+01	-1.665570e+03
3.070000e-06	-7.288652e-09	-2.805547e-08	-5.130523e+01	-1.668958e+03
3.080000e-06	-7.353498e-09	-2.811216e-08	-5.176168e+01	-1.672169e+03
3.090000e-06	-7.415754e-09	-2.816297e-08	-5.219989e+01	-1.675220e+03
3.100000e-06	-7.475328e-09	-2.820985e-08	-5.261923e+01	-1.678082e+03
3.110000e-06	-7.532226e-09	-2.825410e-08	-5.301973e+01	-1.680706e+03
3.120000e-06	-7.586329e-09	-2.829564e-08	-5.340055e+01	-1.683055e+03
3.130000e-06	-7.637462e-09	-2.833309e-08	-5.376047e+01	-1.685127e+03
3.140000e-06	-7.685514e-09	-2.836604e-08	-5.409870e+01	-1.686964e+03
3.150000e-06	-7.730733e-09	-2.839845e-08	-5.441700e+01	-1.688632e+03
3.160000e-06	-7.773463e-09	-2.843012e-08	-5.471776e+01	-1.690201e+03
3.170000e-06	-7.813617e-09	-2.845949e-08	-5.500040e+01	-1.691712e+03
3.180000e-06	-7.851001e-09	-2.848577e-08	-5.526354e+01	-1.693163e+03
3.190000e-06	-7.885636e-09	-2.850983e-08	-5.550733e+01	-1.694518e+03
3.200000e-06	-7.917479e-09	-2.853082e-08	-5.573147e+01	-1.695722e+03
3.210000e-06	-7.946394e-09	-2.854790e-08	-5.593499e+01	-1.696729e+03
3.220000e-06	-7.972501e-09	-2.856095e-08	-5.611875e+01	-1.697527e+03
3.230000e-06	-7.995828e-09	-2.857300e-08	-5.628295e+01	-1.698144e+03
3.240000e-06	-8.016273e-09	-2.858652e-08	-5.642685e+01	-1.698633e+03
3.250000e-06	-8.033935e-09	-2.860023e-08	-5.655116e+01	-1.699055e+03
3.260000e-06	-8.048687e-09	-2.861221e-08	-5.665500e+01	-1.699450e+03
3.270000e-06	-8.060316e-09	-2.862177e-08	-5.673684e+01	-1.699818e+03
3.280000e-06	-8.068967e-09	-2.862885e-08	-5.679773e+01	-1.700125e+03
3.290000e-06	-8.074730e-09	-2.863187e-08	-5.683829e+01	-1.700316e+03
3.300000e-06	-8.077673e-09	-2.863145e-08	-5.685900e+01	-1.700340e+03
3.310000e-06	-8.077872e-09	-2.862649e-08	-5.686039e+01	-1.700176e+03
