# Configuracion:
# Concentracion g/m^3_=_23900.0
# C_Vs_to_Am_M_A/Vsm_=_59384043850.047264
# pendiente_HvsI_1/m_=_3716.3
# ordenada_HvsI_A/m_=_1297.0
# frecuencia_ref_Hz_=_301123.0787834563
# 
Resultados:
# tau_ns_=_(2.07+/-0.14)e+02
# dphi_rad_=_6.66+/-0.02
# SAR_W/g_=_664.96+/-96.30
# Hc_kA/m_=_17.78+/-1.23
# Mr_A/m_=_415.90+/-64.53
# Magnetizacion_max_=_917.66+/-70.07
# Suceptibilidad_a_M=0_=_(3.209+/-0.533)e-02

Nombre_archivo	Time_m_(s)	Temperatura_(ºC)	Mr_(A/m)	Hc_(kA/m)	Campo_max_(A/m)	Mag_max_(A/m)	f0	mag0	dphi0	SAR_(W/g)	Tau_(ns)	N	xi_M_0
300kHz_100dA_100Mss_bobN1M17-0017.txt	7.57	18.68	283.80	14.62	38460.00	783.88	3.011400e+05	5.835210e+01	6.594596e+00	461.83	170.142478	4649	2.292e-02
300kHz_100dA_100Mss_bobN1M17-0018.txt	8.02	19.24	296.03	15.04	38460.00	793.77	3.011400e+05	5.924479e+01	6.603187e+00	481.39	175.167865	4649	2.364e-02
300kHz_100dA_100Mss_bobN1M17-0019.txt	9.0	21.20	309.30	15.45	38460.00	805.63	3.011400e+05	6.026084e+01	6.611299e+00	501.62	179.939467	4649	2.431e-02
300kHz_100dA_100Mss_bobN1M17-0020.txt	9.47	23.08	312.72	15.58	38460.00	809.10	3.011400e+05	6.057523e+01	6.614347e+00	508.74	181.739357	4649	2.445e-02
300kHz_100dA_100Mss_bobN1M17-0021.txt	9.91	24.84	318.20	15.73	38460.00	814.63	3.010753e+05	6.107831e+01	6.616924e+00	516.70	183.262644	4650	2.470e-02
300kHz_100dA_100Mss_bobN1M17-0022.txt	10.36	25.92	323.26	15.85	38460.00	820.39	3.011400e+05	6.154850e+01	6.619577e+00	524.77	184.836530	4649	2.490e-02
300kHz_100dA_100Mss_bobN1M17-0023.txt	10.81	26.82	326.80	15.96	38460.00	825.09	3.011400e+05	6.193718e+01	6.621175e+00	530.50	185.785833	4649	2.519e-02
300kHz_100dA_100Mss_bobN1M17-0024.txt	11.32	27.20	335.27	16.11	38460.00	835.29	3.011400e+05	6.280227e+01	6.624000e+00	542.23	187.463707	4649	2.590e-02
300kHz_100dA_100Mss_bobN1M17-0025.txt	11.79	27.20	335.62	16.25	38460.00	828.49	3.011400e+05	6.232659e+01	6.627879e+00	544.01	189.776179	4649	2.596e-02
300kHz_100dA_100Mss_bobN1M17-0026.txt	12.24	27.94	340.21	16.31	38460.00	837.42	3.011400e+05	6.304140e+01	6.628475e+00	551.16	190.132579	4649	2.624e-02
300kHz_100dA_100Mss_bobN1M17-0027.txt	12.7	29.37	342.09	16.43	38460.00	834.69	3.011400e+05	6.284397e+01	6.631552e+00	554.13	191.971796	4649	2.622e-02
300kHz_100dA_100Mss_bobN1M17-0028.txt	13.15	30.62	348.19	16.50	38460.00	846.72	3.011400e+05	6.385976e+01	6.631907e+00	563.64	192.184190	4649	2.657e-02
300kHz_100dA_100Mss_bobN1M17-0029.txt	13.61	31.58	351.07	16.59	38460.00	848.35	3.011400e+05	6.397394e+01	6.634167e+00	568.15	193.537856	4649	2.662e-02
300kHz_100dA_100Mss_bobN1M17-0030.txt	14.06	32.52	355.83	16.73	38460.00	851.16	3.011400e+05	6.427700e+01	6.636804e+00	574.95	195.120230	4649	2.707e-02
300kHz_100dA_100Mss_bobN1M17-0031.txt	14.69	33.78	360.43	16.83	38460.00	858.02	3.011400e+05	6.483080e+01	6.638615e+00	582.75	196.207709	4649	2.751e-02
300kHz_100dA_100Mss_bobN1M17-0032.txt	15.14	34.69	364.16	16.94	38460.00	860.43	3.011400e+05	6.507546e+01	6.641204e+00	589.03	197.766462	4649	2.774e-02
300kHz_100dA_100Mss_bobN1M17-0033.txt	15.58	35.62	368.14	17.02	38460.00	864.18	3.011400e+05	6.540134e+01	6.642852e+00	594.59	198.760612	4649	2.776e-02
300kHz_100dA_100Mss_bobN1M17-0034.txt	16.02	36.54	371.32	17.10	38460.00	867.77	3.011400e+05	6.571668e+01	6.644341e+00	599.82	199.659311	4649	2.800e-02
300kHz_100dA_100Mss_bobN1M17-0035.txt	16.51	37.57	376.38	17.26	38460.00	869.50	3.011400e+05	6.595453e+01	6.647661e+00	607.28	201.666396	4649	2.823e-02
300kHz_100dA_100Mss_bobN1M17-0036.txt	16.98	38.56	380.93	17.33	38460.00	877.15	3.011400e+05	6.657422e+01	6.648698e+00	614.65	202.295329	4649	2.882e-02
300kHz_100dA_100Mss_bobN1M17-0037.txt	17.46	39.61	383.92	17.41	38460.00	879.53	3.011400e+05	6.679986e+01	6.650239e+00	619.21	203.229895	4649	2.869e-02
300kHz_100dA_100Mss_bobN1M17-0038.txt	18.38	41.60	392.31	17.57	38460.00	889.05	3.011400e+05	6.763271e+01	6.653539e+00	632.31	205.234977	4649	2.957e-02
300kHz_100dA_100Mss_bobN1M17-0039.txt	18.83	42.54	394.50	17.64	38460.00	891.22	3.011400e+05	6.783226e+01	6.654894e+00	636.39	206.060409	4649	2.981e-02
300kHz_100dA_100Mss_bobN1M17-0040.txt	19.29	43.54	399.77	17.73	38460.00	895.32	3.011400e+05	6.822089e+01	6.657040e+00	643.56	207.367402	4649	2.993e-02
300kHz_100dA_100Mss_bobN1M17-0041.txt	19.73	44.51	402.97	17.77	38460.00	899.71	3.011400e+05	6.856415e+01	6.657758e+00	647.98	207.806885	4649	3.036e-02
300kHz_100dA_100Mss_bobN1M17-0042.txt	20.19	45.50	405.62	17.86	38460.00	901.72	3.011400e+05	6.877233e+01	6.659532e+00	652.88	208.888759	4649	3.039e-02
300kHz_100dA_100Mss_bobN1M17-0043.txt	20.65	46.46	408.93	17.93	38460.00	905.97	3.011400e+05	6.915392e+01	6.660770e+00	658.56	209.646931	4649	3.049e-02
300kHz_100dA_100Mss_bobN1M17-0044.txt	21.11	47.44	413.50	17.99	38460.00	911.41	3.011400e+05	6.960680e+01	6.661728e+00	664.47	210.232463	4649	3.085e-02
300kHz_100dA_100Mss_bobN1M17-0045.txt	21.55	48.41	417.49	18.08	38460.00	914.34	3.011400e+05	6.990807e+01	6.663839e+00	670.89	211.525852	4649	3.151e-02
300kHz_100dA_100Mss_bobN1M17-0046.txt	22.03	49.47	422.68	18.13	38460.00	921.57	3.011400e+05	7.054429e+01	6.664261e+00	677.71	211.785314	4649	3.188e-02
300kHz_100dA_100Mss_bobN1M17-0047.txt	22.5	50.50	425.94	18.18	38460.00	925.05	3.011400e+05	7.085330e+01	6.665822e+00	683.33	212.742976	4649	3.246e-02
300kHz_100dA_100Mss_bobN1M17-0048.txt	22.94	51.47	428.24	18.25	38460.00	927.14	3.011400e+05	7.106672e+01	6.666625e+00	686.75	213.236006	4649	3.261e-02
300kHz_100dA_100Mss_bobN1M17-0049.txt	23.42	52.48	432.31	18.32	38460.00	932.25	3.011400e+05	7.152348e+01	6.667637e+00	692.90	213.858733	4649	3.298e-02
300kHz_100dA_100Mss_bobN1M17-0050.txt	23.87	53.43	435.98	18.35	38460.00	936.95	3.011400e+05	7.190113e+01	6.668230e+00	697.58	214.223404	4649	3.339e-02
300kHz_100dA_100Mss_bobN1M17-0051.txt	24.33	54.43	437.85	18.43	38460.00	937.06	3.011400e+05	7.190259e+01	6.670165e+00	700.92	215.415138	4649	3.311e-02
300kHz_100dA_100Mss_bobN1M17-0052.txt	24.77	55.39	441.67	18.48	38460.00	941.15	3.011400e+05	7.230163e+01	6.671086e+00	706.41	215.983173	4649	3.340e-02
300kHz_100dA_100Mss_bobN1M17-0053.txt	25.23	56.41	445.18	18.53	38460.00	946.09	3.011400e+05	7.273084e+01	6.671507e+00	711.33	216.243671	4649	3.386e-02
300kHz_100dA_100Mss_bobN1M17-0054.txt	25.7	57.44	448.77	18.58	38460.00	949.50	3.011400e+05	7.307111e+01	6.672781e+00	716.88	217.031408	4649	3.404e-02
300kHz_100dA_100Mss_bobN1M17-0055.txt	26.15	58.43	451.97	18.60	38460.00	954.40	3.010753e+05	7.347581e+01	6.672788e+00	720.71	217.032576	4650	3.448e-02
300kHz_100dA_100Mss_bobN1M17-0056.txt	26.62	59.46	456.00	18.67	38460.00	958.36	3.011400e+05	7.381746e+01	6.674241e+00	726.78	217.930959	4649	3.485e-02
300kHz_100dA_100Mss_bobN1M17-0057.txt	27.5	61.40	461.87	18.75	38460.00	966.00	3.011400e+05	7.450789e+01	6.675249e+00	735.37	218.554360	4649	3.560e-02
300kHz_100dA_100Mss_bobN1M17-0058.txt	27.95	62.39	465.70	18.72	38460.00	974.09	3.010753e+05	7.518608e+01	6.674152e+00	739.94	217.876735	4650	3.619e-02
300kHz_100dA_100Mss_bobN1M17-0059.txt	28.41	63.40	468.74	18.77	38460.00	976.52	3.010753e+05	7.540417e+01	6.675189e+00	743.95	218.518840	4650	3.613e-02
300kHz_100dA_100Mss_bobN1M17-0060.txt	28.86	64.39	472.12	18.81	38460.00	979.98	3.011400e+05	7.571206e+01	6.675749e+00	748.16	218.865014	4649	3.708e-02
300kHz_100dA_100Mss_bobN1M17-0061.txt	29.31	65.41	473.96	18.87	38460.00	981.13	3.011400e+05	7.580078e+01	6.677330e+00	751.90	219.845269	4649	3.702e-02
300kHz_100dA_100Mss_bobN1M17-0062.txt	29.77	66.47	476.32	18.91	38460.00	983.23	3.010753e+05	7.603774e+01	6.678259e+00	755.77	220.421553	4650	3.696e-02
300kHz_100dA_100Mss_bobN1M17-0063.txt	30.22	67.48	481.07	18.91	38460.00	989.93	3.011400e+05	7.662764e+01	6.677682e+00	760.74	220.064354	4649	3.763e-02
300kHz_100dA_100Mss_bobN1M17-0064.txt	30.69	68.52	482.86	18.92	38460.00	993.95	3.011400e+05	7.695180e+01	6.677535e+00	763.69	219.971540	4649	3.788e-02
300kHz_100dA_100Mss_bobN1M17-0065.txt	31.18	69.63	486.01	18.95	38460.00	997.46	3.010753e+05	7.732803e+01	6.678028e+00	768.17	220.278263	4650	3.809e-02
300kHz_100dA_100Mss_bobN1M17-0066.txt	31.63	70.71	488.51	18.99	38460.00	999.81	3.011400e+05	7.751648e+01	6.678769e+00	771.57	220.739296	4649	3.842e-02
300kHz_100dA_100Mss_bobN1M17-0067.txt	32.07	71.76	491.19	19.00	38460.00	1003.30	3.010753e+05	7.782805e+01	6.678728e+00	774.43	220.713945	4650	3.851e-02
300kHz_100dA_100Mss_bobN1M17-0068.txt	32.52	72.80	493.74	19.03	38460.00	1006.60	3.011400e+05	7.813799e+01	6.679058e+00	778.30	220.919143	4649	3.901e-02
300kHz_100dA_100Mss_bobN1M17-0069.txt	32.97	73.83	496.81	19.04	38460.00	1010.82	3.011400e+05	7.852047e+01	6.678687e+00	781.41	220.688814	4649	3.950e-02
300kHz_100dA_100Mss_bobN1M17-0070.txt	33.42	75.62	499.45	19.06	38460.00	1013.97	3.011400e+05	7.878274e+01	6.679341e+00	785.25	221.095365	4649	3.948e-02
300kHz_100dA_100Mss_bobN1M17-0071.txt	33.88	77.51	505.37	19.21	38460.00	1016.46	3.010753e+05	7.907995e+01	6.683230e+00	795.37	223.512702	4650	4.021e-02
300kHz_100dA_100Mss_bobN1M17-0072.txt	34.34	78.65	508.60	19.23	38460.00	1021.33	3.011400e+05	7.948231e+01	6.683346e+00	799.80	223.586489	4649	4.025e-02
300kHz_100dA_100Mss_bobN1M17-0073.txt	34.79	79.50	511.03	19.25	38460.00	1024.66	3.011400e+05	7.976029e+01	6.683681e+00	803.24	223.794558	4649	4.040e-02
300kHz_100dA_100Mss_bobN1M17-0074.txt	35.25	80.40	513.76	19.28	38460.00	1027.18	3.011400e+05	8.002573e+01	6.684346e+00	807.18	224.209834	4649	4.135e-02
300kHz_100dA_100Mss_bobN1M17-0075.txt	35.72	81.34	515.46	19.34	38460.00	1026.01	3.010753e+05	8.002568e+01	6.685367e+00	808.94	224.846844	4650	4.236e-02
