# Temperatura_=_54.73615384615384
# Concentracion g/m^3_=_23900.0
# C_Vs_to_Am_M_A/Vsm_=_59384043850.047264
# pendiente_HvsI_1/m_=_3716.3
# ordenada_HvsI_A/m_=_1297.0
# frecuencia_Hz_=_301333.99409187614
# Promedio de 13 ciclos

Tiempo_(s)	Campo_(V.s)	Magnetizacion_(V.s)	Campo_(kA/m)	Magnetizacion_(A/m)
0.000000e+00	-6.670273e-09	-2.420863e-08	-4.769461e+01	-1.435977e+03
1.000000e-08	-6.668035e-09	-2.420496e-08	-4.767861e+01	-1.436015e+03
2.000000e-08	-6.663497e-09	-2.420536e-08	-4.764616e+01	-1.435986e+03
3.000000e-08	-6.656891e-09	-2.420482e-08	-4.759892e+01	-1.435875e+03
4.000000e-08	-6.648187e-09	-2.419916e-08	-4.753669e+01	-1.435645e+03
5.000000e-08	-6.637146e-09	-2.418956e-08	-4.745774e+01	-1.435253e+03
6.000000e-08	-6.623668e-09	-2.418231e-08	-4.736136e+01	-1.434668e+03
7.000000e-08	-6.607754e-09	-2.418383e-08	-4.724758e+01	-1.433884e+03
8.000000e-08	-6.589498e-09	-2.415467e-08	-4.711704e+01	-1.432924e+03
9.000000e-08	-6.568972e-09	-2.407999e-08	-4.697027e+01	-1.431831e+03
1.000000e-07	-6.545928e-09	-2.406237e-08	-4.680550e+01	-1.430655e+03
1.100000e-07	-6.520192e-09	-2.408866e-08	-4.662148e+01	-1.429435e+03
1.200000e-07	-6.492014e-09	-2.407501e-08	-4.641999e+01	-1.428189e+03
1.300000e-07	-6.461898e-09	-2.406696e-08	-4.620466e+01	-1.426905e+03
1.400000e-07	-6.430153e-09	-2.407229e-08	-4.597767e+01	-1.425553e+03
1.500000e-07	-6.396476e-09	-2.398038e-08	-4.573687e+01	-1.424094e+03
1.600000e-07	-6.360500e-09	-2.397735e-08	-4.547963e+01	-1.422495e+03
1.700000e-07	-6.322493e-09	-2.397218e-08	-4.520787e+01	-1.420740e+03
1.800000e-07	-6.282328e-09	-2.385021e-08	-4.492068e+01	-1.418834e+03
1.900000e-07	-6.239693e-09	-2.386999e-08	-4.461582e+01	-1.416800e+03
2.000000e-07	-6.194856e-09	-2.384192e-08	-4.429522e+01	-1.414668e+03
2.100000e-07	-6.147808e-09	-2.380930e-08	-4.395881e+01	-1.412462e+03
2.200000e-07	-6.098311e-09	-2.379464e-08	-4.360489e+01	-1.410196e+03
2.300000e-07	-6.046257e-09	-2.370333e-08	-4.323269e+01	-1.407865e+03
2.400000e-07	-5.991725e-09	-2.367822e-08	-4.284277e+01	-1.405452e+03
2.500000e-07	-5.934970e-09	-2.363664e-08	-4.243696e+01	-1.402936e+03
2.600000e-07	-5.876034e-09	-2.358196e-08	-4.201554e+01	-1.400296e+03
2.700000e-07	-5.814986e-09	-2.355458e-08	-4.157903e+01	-1.397521e+03
2.800000e-07	-5.751990e-09	-2.350789e-08	-4.112859e+01	-1.394614e+03
2.900000e-07	-5.686936e-09	-2.345897e-08	-4.066343e+01	-1.391583e+03
3.000000e-07	-5.619702e-09	-2.339025e-08	-4.018269e+01	-1.388447e+03
3.100000e-07	-5.550347e-09	-2.334273e-08	-3.968677e+01	-1.385218e+03
3.200000e-07	-5.479038e-09	-2.327680e-08	-3.917689e+01	-1.381905e+03
3.300000e-07	-5.405757e-09	-2.321435e-08	-3.865291e+01	-1.378508e+03
3.400000e-07	-5.330340e-09	-2.318993e-08	-3.811365e+01	-1.375020e+03
3.500000e-07	-5.252803e-09	-2.311716e-08	-3.755924e+01	-1.371431e+03
3.600000e-07	-5.173151e-09	-2.305470e-08	-3.698970e+01	-1.367728e+03
3.700000e-07	-5.091488e-09	-2.298386e-08	-3.640579e+01	-1.363905e+03
3.800000e-07	-5.008070e-09	-2.291116e-08	-3.580932e+01	-1.359957e+03
3.900000e-07	-4.923040e-09	-2.284228e-08	-3.520132e+01	-1.355886e+03
4.000000e-07	-4.836447e-09	-2.277189e-08	-3.458216e+01	-1.351695e+03
4.100000e-07	-4.748248e-09	-2.271227e-08	-3.395151e+01	-1.347391e+03
4.200000e-07	-4.658327e-09	-2.263746e-08	-3.330854e+01	-1.342975e+03
4.300000e-07	-4.566645e-09	-2.256745e-08	-3.265299e+01	-1.338451e+03
4.400000e-07	-4.473307e-09	-2.247932e-08	-3.198558e+01	-1.333815e+03
4.500000e-07	-4.378414e-09	-2.239488e-08	-3.130707e+01	-1.329064e+03
4.600000e-07	-4.281959e-09	-2.231275e-08	-3.061738e+01	-1.324189e+03
4.700000e-07	-4.183926e-09	-2.222975e-08	-2.991642e+01	-1.319183e+03
4.800000e-07	-4.084316e-09	-2.214953e-08	-2.920417e+01	-1.314042e+03
4.900000e-07	-3.983244e-09	-2.206197e-08	-2.848148e+01	-1.308762e+03
5.000000e-07	-3.880830e-09	-2.197375e-08	-2.774918e+01	-1.303347e+03
5.100000e-07	-3.777063e-09	-2.187689e-08	-2.700722e+01	-1.297803e+03
5.200000e-07	-3.671903e-09	-2.177936e-08	-2.625529e+01	-1.292141e+03
5.300000e-07	-3.565361e-09	-2.167901e-08	-2.549348e+01	-1.286368e+03
5.400000e-07	-3.457501e-09	-2.158008e-08	-2.472225e+01	-1.280490e+03
5.500000e-07	-3.348398e-09	-2.148282e-08	-2.394212e+01	-1.274504e+03
5.600000e-07	-3.238186e-09	-2.138273e-08	-2.315407e+01	-1.268402e+03
5.700000e-07	-3.126891e-09	-2.127756e-08	-2.235828e+01	-1.262167e+03
5.800000e-07	-3.014444e-09	-2.116688e-08	-2.155425e+01	-1.255783e+03
5.900000e-07	-2.900830e-09	-2.105460e-08	-2.074187e+01	-1.249234e+03
6.000000e-07	-2.786044e-09	-2.094134e-08	-1.992111e+01	-1.242514e+03
6.100000e-07	-2.670096e-09	-2.082671e-08	-1.909205e+01	-1.235622e+03
6.200000e-07	-2.553082e-09	-2.070939e-08	-1.825536e+01	-1.228567e+03
6.300000e-07	-2.435129e-09	-2.059156e-08	-1.741195e+01	-1.221361e+03
6.400000e-07	-2.316330e-09	-2.046896e-08	-1.656250e+01	-1.214012e+03
6.500000e-07	-2.196739e-09	-2.034154e-08	-1.570739e+01	-1.206523e+03
6.600000e-07	-2.076355e-09	-2.021059e-08	-1.484660e+01	-1.198886e+03
6.700000e-07	-1.955179e-09	-2.007836e-08	-1.398016e+01	-1.191086e+03
6.800000e-07	-1.833291e-09	-1.994358e-08	-1.310862e+01	-1.183104e+03
6.900000e-07	-1.710748e-09	-1.980702e-08	-1.223240e+01	-1.174925e+03
7.000000e-07	-1.587568e-09	-1.966876e-08	-1.135162e+01	-1.166537e+03
7.100000e-07	-1.463780e-09	-1.952465e-08	-1.046650e+01	-1.157940e+03
7.200000e-07	-1.339417e-09	-1.937536e-08	-9.577266e+00	-1.149134e+03
7.300000e-07	-1.214557e-09	-1.922228e-08	-8.684475e+00	-1.140122e+03
7.400000e-07	-1.089295e-09	-1.906670e-08	-7.788812e+00	-1.130901e+03
7.500000e-07	-9.637023e-10	-1.890784e-08	-6.890780e+00	-1.121459e+03
7.600000e-07	-8.378182e-10	-1.874570e-08	-5.990668e+00	-1.111776e+03
7.700000e-07	-7.116871e-10	-1.857971e-08	-5.088789e+00	-1.101828e+03
7.800000e-07	-5.853515e-10	-1.840871e-08	-4.185448e+00	-1.091587e+03
7.900000e-07	-4.588372e-10	-1.823129e-08	-3.280830e+00	-1.081033e+03
8.000000e-07	-3.321887e-10	-1.804706e-08	-2.375251e+00	-1.070144e+03
8.100000e-07	-2.054421e-10	-1.785657e-08	-1.468972e+00	-1.058897e+03
8.200000e-07	-7.861512e-11	-1.766029e-08	-5.621172e-01	-1.047261e+03
8.300000e-07	4.824640e-11	-1.745656e-08	3.449844e-01	-1.035188e+03
8.400000e-07	1.750779e-10	-1.724463e-08	1.251871e+00	-1.022614e+03
8.500000e-07	3.018428e-10	-1.702391e-08	2.158282e+00	-1.009460e+03
8.600000e-07	4.284991e-10	-1.679147e-08	3.063916e+00	-9.956514e+02
8.700000e-07	5.550137e-10	-1.654682e-08	3.968537e+00	-9.811311e+02
8.800000e-07	6.813573e-10	-1.629048e-08	4.871935e+00	-9.658763e+02
8.900000e-07	8.074787e-10	-1.602087e-08	5.773745e+00	-9.499072e+02
9.000000e-07	9.333570e-10	-1.573869e-08	6.673815e+00	-9.332841e+02
9.100000e-07	1.058971e-09	-1.544875e-08	7.571998e+00	-9.160924e+02
9.200000e-07	1.184266e-09	-1.515271e-08	8.467899e+00	-8.984182e+02
9.300000e-07	1.309169e-09	-1.484957e-08	9.360995e+00	-8.803231e+02
9.400000e-07	1.433598e-09	-1.453904e-08	1.025070e+01	-8.618234e+02
9.500000e-07	1.557470e-09	-1.422032e-08	1.113642e+01	-8.428815e+02
9.600000e-07	1.680726e-09	-1.389129e-08	1.201775e+01	-8.234095e+02
9.700000e-07	1.803350e-09	-1.355117e-08	1.289455e+01	-8.032848e+02
9.800000e-07	1.925332e-09	-1.319898e-08	1.376676e+01	-7.823690e+02
9.900000e-07	2.046623e-09	-1.283077e-08	1.463403e+01	-7.605242e+02
1.000000e-06	2.167138e-09	-1.244364e-08	1.549575e+01	-7.376208e+02
1.010000e-06	2.286810e-09	-1.203569e-08	1.635144e+01	-7.135341e+02
1.020000e-06	2.405644e-09	-1.160527e-08	1.720114e+01	-6.881309e+02
1.030000e-06	2.523662e-09	-1.114901e-08	1.804501e+01	-6.612523e+02
1.040000e-06	2.640784e-09	-1.066490e-08	1.888247e+01	-6.326976e+02
1.050000e-06	2.756844e-09	-1.014988e-08	1.971234e+01	-6.022136e+02
1.060000e-06	2.871740e-09	-9.597168e-09	2.053388e+01	-5.694901e+02
1.070000e-06	2.985457e-09	-8.998342e-09	2.134699e+01	-5.341613e+02
1.080000e-06	3.097994e-09	-8.346549e-09	2.215167e+01	-4.958090e+02
1.090000e-06	3.209394e-09	-7.635860e-09	2.294821e+01	-4.539666e+02
1.100000e-06	3.319715e-09	-6.857823e-09	2.373704e+01	-4.081262e+02
1.110000e-06	3.428969e-09	-6.003875e-09	2.451825e+01	-3.577536e+02
1.120000e-06	3.537089e-09	-5.062636e-09	2.529134e+01	-3.023193e+02
1.130000e-06	3.643947e-09	-4.026861e-09	2.605540e+01	-2.413502e+02
1.140000e-06	3.749462e-09	-2.891280e-09	2.680988e+01	-1.745040e+02
1.150000e-06	3.853538e-09	-1.653139e-09	2.755405e+01	-1.016574e+02
1.160000e-06	3.956174e-09	-3.161674e-10	2.828793e+01	-2.299300e+01
1.170000e-06	4.057486e-09	1.109046e-09	2.901235e+01	6.093640e+01
1.180000e-06	4.157375e-09	2.604987e-09	2.972658e+01	1.491859e+02
1.190000e-06	4.255665e-09	4.150026e-09	3.042938e+01	2.404535e+02
1.200000e-06	4.352319e-09	5.718375e-09	3.112050e+01	3.331723e+02
1.210000e-06	4.447412e-09	7.281112e-09	3.180044e+01	4.256491e+02
1.220000e-06	4.541045e-09	8.808551e-09	3.246994e+01	5.162227e+02
1.230000e-06	4.633194e-09	1.027667e-08	3.312884e+01	6.034146e+02
1.240000e-06	4.723689e-09	1.166608e-08	3.377591e+01	6.860430e+02
1.250000e-06	4.812390e-09	1.296353e-08	3.441015e+01	7.632816e+02
1.260000e-06	4.899338e-09	1.416037e-08	3.503186e+01	8.346601e+02
1.270000e-06	4.984675e-09	1.525514e-08	3.564204e+01	9.000158e+02
1.280000e-06	5.068403e-09	1.625051e-08	3.624073e+01	9.594166e+02
1.290000e-06	5.150318e-09	1.714873e-08	3.682645e+01	1.013079e+03
1.300000e-06	5.230283e-09	1.795350e-08	3.739822e+01	1.061300e+03
1.310000e-06	5.308352e-09	1.867208e-08	3.795644e+01	1.104417e+03
1.320000e-06	5.384469e-09	1.931181e-08	3.850070e+01	1.142790e+03
1.330000e-06	5.458487e-09	1.987819e-08	3.902995e+01	1.176799e+03
1.340000e-06	5.530443e-09	2.037865e-08	3.954446e+01	1.206850e+03
1.350000e-06	5.600469e-09	2.082059e-08	4.004517e+01	1.233370e+03
1.360000e-06	5.668575e-09	2.121096e-08	4.053215e+01	1.256793e+03
1.370000e-06	5.734584e-09	2.155484e-08	4.100414e+01	1.277531e+03
1.380000e-06	5.798471e-09	2.185958e-08	4.146095e+01	1.295951e+03
1.390000e-06	5.860422e-09	2.213228e-08	4.190392e+01	1.312355e+03
1.400000e-06	5.920440e-09	2.237607e-08	4.233307e+01	1.326976e+03
1.410000e-06	5.978313e-09	2.259117e-08	4.274688e+01	1.339990e+03
1.420000e-06	6.033972e-09	2.278206e-08	4.314485e+01	1.351538e+03
1.430000e-06	6.087406e-09	2.295192e-08	4.352692e+01	1.361754e+03
1.440000e-06	6.138347e-09	2.310141e-08	4.389117e+01	1.370780e+03
1.450000e-06	6.186752e-09	2.323206e-08	4.423728e+01	1.378772e+03
1.460000e-06	6.232933e-09	2.334705e-08	4.456749e+01	1.385891e+03
1.470000e-06	6.277040e-09	2.345190e-08	4.488287e+01	1.392281e+03
1.480000e-06	6.318843e-09	2.354718e-08	4.518177e+01	1.398058e+03
1.490000e-06	6.358290e-09	2.363339e-08	4.546383e+01	1.403294e+03
1.500000e-06	6.395641e-09	2.371137e-08	4.573090e+01	1.408021e+03
1.510000e-06	6.430823e-09	2.378194e-08	4.598246e+01	1.412248e+03
1.520000e-06	6.463611e-09	2.384341e-08	4.621691e+01	1.415979e+03
1.530000e-06	6.494120e-09	2.389520e-08	4.643506e+01	1.419235e+03
1.540000e-06	6.522508e-09	2.393893e-08	4.663804e+01	1.422058e+03
1.550000e-06	6.548533e-09	2.397824e-08	4.682413e+01	1.424516e+03
1.560000e-06	6.572089e-09	2.401495e-08	4.699256e+01	1.426682e+03
1.570000e-06	6.593447e-09	2.404776e-08	4.714527e+01	1.428620e+03
1.580000e-06	6.612635e-09	2.407586e-08	4.728248e+01	1.430368e+03
1.590000e-06	6.629415e-09	2.410020e-08	4.740246e+01	1.431934e+03
1.600000e-06	6.643728e-09	2.412163e-08	4.750480e+01	1.433296e+03
1.610000e-06	6.655510e-09	2.413733e-08	4.758905e+01	1.434427e+03
1.620000e-06	6.664668e-09	2.414758e-08	4.765453e+01	1.435306e+03
1.630000e-06	6.671405e-09	2.415574e-08	4.770270e+01	1.435933e+03
1.640000e-06	6.675933e-09	2.416289e-08	4.773508e+01	1.436340e+03
1.650000e-06	6.678117e-09	2.416566e-08	4.775069e+01	1.436574e+03
1.660000e-06	6.677888e-09	2.416718e-08	4.774905e+01	1.436689e+03
1.670000e-06	6.675514e-09	2.417246e-08	4.773208e+01	1.436724e+03
1.680000e-06	6.670999e-09	2.417459e-08	4.769980e+01	1.436693e+03
1.690000e-06	6.664180e-09	2.417071e-08	4.765104e+01	1.436578e+03
1.700000e-06	6.655174e-09	2.416181e-08	4.758664e+01	1.436342e+03
1.710000e-06	6.644008e-09	2.415041e-08	4.750680e+01	1.435943e+03
1.720000e-06	6.630488e-09	2.412992e-08	4.741013e+01	1.435349e+03
1.730000e-06	6.614738e-09	2.411143e-08	4.729751e+01	1.434557e+03
1.740000e-06	6.596939e-09	2.416153e-08	4.717025e+01	1.433591e+03
1.750000e-06	6.576509e-09	2.417022e-08	4.702416e+01	1.432493e+03
1.760000e-06	6.552796e-09	2.411026e-08	4.685460e+01	1.431315e+03
1.770000e-06	6.526235e-09	2.407656e-08	4.666468e+01	1.430095e+03
1.780000e-06	6.497482e-09	2.399616e-08	4.645910e+01	1.428848e+03
1.790000e-06	6.466910e-09	2.395963e-08	4.624049e+01	1.427562e+03
1.800000e-06	6.434885e-09	2.404862e-08	4.601150e+01	1.426206e+03
1.810000e-06	6.400996e-09	2.395076e-08	4.576919e+01	1.424742e+03
1.820000e-06	6.364829e-09	2.391383e-08	4.551058e+01	1.423136e+03
1.830000e-06	6.326526e-09	2.398448e-08	4.523670e+01	1.421375e+03
1.840000e-06	6.285809e-09	2.386883e-08	4.494556e+01	1.419463e+03
1.850000e-06	6.242841e-09	2.388348e-08	4.463833e+01	1.417425e+03
1.860000e-06	6.197821e-09	2.379477e-08	4.431642e+01	1.415289e+03
1.870000e-06	6.150400e-09	2.371284e-08	4.397735e+01	1.413081e+03
1.880000e-06	6.100814e-09	2.379396e-08	4.362279e+01	1.410812e+03
1.890000e-06	6.048845e-09	2.370558e-08	4.325119e+01	1.408478e+03
1.900000e-06	5.994284e-09	2.367864e-08	4.286106e+01	1.406062e+03
1.910000e-06	5.937560e-09	2.361866e-08	4.245546e+01	1.403541e+03
1.920000e-06	5.878683e-09	2.355535e-08	4.203448e+01	1.400896e+03
1.930000e-06	5.817695e-09	2.356267e-08	4.159840e+01	1.398115e+03
1.940000e-06	5.754575e-09	2.343386e-08	4.114707e+01	1.395202e+03
1.950000e-06	5.689384e-09	2.342467e-08	4.068093e+01	1.392168e+03
1.960000e-06	5.622200e-09	2.338717e-08	4.020054e+01	1.389027e+03
1.970000e-06	5.552748e-09	2.334482e-08	3.970393e+01	1.385795e+03
1.980000e-06	5.481195e-09	2.328417e-08	3.919231e+01	1.382479e+03
1.990000e-06	5.407675e-09	2.315548e-08	3.866662e+01	1.379078e+03
2.000000e-06	5.332087e-09	2.316800e-08	3.812614e+01	1.375587e+03
2.010000e-06	5.254391e-09	2.308206e-08	3.757059e+01	1.371993e+03
2.020000e-06	5.174671e-09	2.302050e-08	3.700056e+01	1.368285e+03
2.030000e-06	5.093196e-09	2.295443e-08	3.641799e+01	1.364457e+03
2.040000e-06	5.009950e-09	2.289899e-08	3.582276e+01	1.360504e+03
2.050000e-06	4.924865e-09	2.285879e-08	3.521437e+01	1.356427e+03
2.060000e-06	4.837934e-09	2.273171e-08	3.459278e+01	1.352232e+03
2.070000e-06	4.749306e-09	2.267189e-08	3.395906e+01	1.347923e+03
2.080000e-06	4.659116e-09	2.259527e-08	3.331417e+01	1.343504e+03
2.090000e-06	4.567310e-09	2.254530e-08	3.265773e+01	1.338975e+03
2.100000e-06	4.473820e-09	2.245052e-08	3.198925e+01	1.334335e+03
2.110000e-06	4.378620e-09	2.236396e-08	3.130854e+01	1.329578e+03
2.120000e-06	4.281874e-09	2.230568e-08	3.061677e+01	1.324698e+03
2.130000e-06	4.183727e-09	2.220575e-08	2.991499e+01	1.319687e+03
2.140000e-06	4.084167e-09	2.211122e-08	2.920311e+01	1.314539e+03
2.150000e-06	3.983045e-09	2.200500e-08	2.848005e+01	1.309254e+03
2.160000e-06	3.880342e-09	2.194017e-08	2.774569e+01	1.303834e+03
2.170000e-06	3.776201e-09	2.185242e-08	2.700104e+01	1.298285e+03
2.180000e-06	3.670805e-09	2.174964e-08	2.624743e+01	1.292618e+03
2.190000e-06	3.564257e-09	2.164471e-08	2.548558e+01	1.286841e+03
2.200000e-06	3.456494e-09	2.155258e-08	2.471503e+01	1.280959e+03
2.210000e-06	3.347502e-09	2.145710e-08	2.393571e+01	1.274968e+03
2.220000e-06	3.237217e-09	2.133905e-08	2.314714e+01	1.268861e+03
2.230000e-06	3.125698e-09	2.123095e-08	2.234974e+01	1.262621e+03
2.240000e-06	3.013018e-09	2.113467e-08	2.154404e+01	1.256230e+03
2.250000e-06	2.899216e-09	2.103547e-08	2.073032e+01	1.249674e+03
2.260000e-06	2.784311e-09	2.091033e-08	1.990871e+01	1.242946e+03
2.270000e-06	2.668261e-09	2.078960e-08	1.907892e+01	1.236048e+03
2.280000e-06	2.551103e-09	2.067499e-08	1.824120e+01	1.228987e+03
2.290000e-06	2.432905e-09	2.055976e-08	1.739605e+01	1.221775e+03
2.300000e-06	2.313804e-09	2.042462e-08	1.654444e+01	1.214420e+03
2.310000e-06	2.193863e-09	2.029350e-08	1.568682e+01	1.206925e+03
2.320000e-06	2.073117e-09	2.017272e-08	1.482345e+01	1.199282e+03
2.330000e-06	1.951672e-09	2.004593e-08	1.395507e+01	1.191474e+03
2.340000e-06	1.829646e-09	1.990561e-08	1.308255e+01	1.183485e+03
2.350000e-06	1.707041e-09	1.976107e-08	1.220589e+01	1.175297e+03
2.360000e-06	1.583798e-09	1.963069e-08	1.132466e+01	1.166901e+03
2.370000e-06	1.459954e-09	1.948965e-08	1.043913e+01	1.158295e+03
2.380000e-06	1.335590e-09	1.933516e-08	9.549890e+00	1.149480e+03
2.390000e-06	1.210748e-09	1.917514e-08	8.657234e+00	1.140460e+03
2.400000e-06	1.085470e-09	1.902387e-08	7.761450e+00	1.131230e+03
2.410000e-06	9.598047e-10	1.886949e-08	6.862904e+00	1.121779e+03
2.420000e-06	8.338042e-10	1.869892e-08	5.961960e+00	1.112086e+03
2.430000e-06	7.075169e-10	1.852791e-08	5.058966e+00	1.102126e+03
2.440000e-06	5.809634e-10	1.836189e-08	4.154068e+00	1.091873e+03
2.450000e-06	4.541918e-10	1.819189e-08	3.247610e+00	1.081305e+03
2.460000e-06	3.272510e-10	1.800403e-08	2.339943e+00	1.070401e+03
2.470000e-06	2.001802e-10	1.780689e-08	1.431346e+00	1.059140e+03
2.480000e-06	7.300724e-11	1.761241e-08	5.220187e-01	1.047487e+03
2.490000e-06	-5.421942e-11	1.741040e-08	-3.876930e-01	1.035395e+03
2.500000e-06	-1.814069e-10	1.719484e-08	-1.297124e+00	1.022798e+03
2.510000e-06	-3.085011e-10	1.697153e-08	-2.205889e+00	1.009618e+03
2.520000e-06	-4.354649e-10	1.674570e-08	-3.113721e+00	9.957812e+02
2.530000e-06	-5.622585e-10	1.650696e-08	-4.020336e+00	9.812306e+02
2.540000e-06	-6.888381e-10	1.624554e-08	-4.925420e+00	9.659456e+02
2.550000e-06	-8.151397e-10	1.597171e-08	-5.828517e+00	9.499481e+02
2.560000e-06	-9.411154e-10	1.569168e-08	-6.729284e+00	9.333001e+02
2.570000e-06	-1.066738e-09	1.540258e-08	-7.627526e+00	9.160871e+02
2.580000e-06	-1.191987e-09	1.510138e-08	-8.523097e+00	8.983948e+02
2.590000e-06	-1.316816e-09	1.479474e-08	-9.415660e+00	8.802833e+02
2.600000e-06	-1.441157e-09	1.448810e-08	-1.030474e+01	8.617665e+02
2.610000e-06	-1.564943e-09	1.417236e-08	-1.118985e+01	8.428045e+02
2.620000e-06	-1.688117e-09	1.384164e-08	-1.207058e+01	8.233079e+02
2.630000e-06	-1.810626e-09	1.349928e-08	-1.294657e+01	8.031530e+02
2.640000e-06	-1.932464e-09	1.314888e-08	-1.381774e+01	7.822011e+02
2.650000e-06	-2.053682e-09	1.278240e-08	-1.468449e+01	7.603148e+02
2.660000e-06	-2.174263e-09	1.239439e-08	-1.554669e+01	7.373649e+02
2.670000e-06	-2.294073e-09	1.198899e-08	-1.640337e+01	7.132263e+02
2.680000e-06	-2.412958e-09	1.156595e-08	-1.725343e+01	6.877651e+02
2.690000e-06	-2.530875e-09	1.111731e-08	-1.809658e+01	6.608211e+02
2.700000e-06	-2.647820e-09	1.063600e-08	-1.893277e+01	6.321913e+02
2.710000e-06	-2.763704e-09	1.012393e-08	-1.976138e+01	6.016202e+02
2.720000e-06	-2.878435e-09	9.577576e-09	-2.058174e+01	5.687953e+02
2.730000e-06	-2.991971e-09	8.985337e-09	-2.139356e+01	5.333486e+02
2.740000e-06	-3.104286e-09	8.338690e-09	-2.219665e+01	4.948598e+02
2.750000e-06	-3.215353e-09	7.634316e-09	-2.299081e+01	4.528604e+02
2.760000e-06	-3.325145e-09	6.867790e-09	-2.377586e+01	4.068409e+02
2.770000e-06	-3.433774e-09	6.024361e-09	-2.455259e+01	3.562666e+02
2.780000e-06	-3.541342e-09	5.093367e-09	-2.532174e+01	3.006091e+02
2.790000e-06	-3.647798e-09	4.073237e-09	-2.608294e+01	2.393994e+02
2.800000e-06	-3.753065e-09	2.958105e-09	-2.683563e+01	1.723027e+02
2.810000e-06	-3.857014e-09	1.738840e-09	-2.757890e+01	9.920715e+01
2.820000e-06	-3.959465e-09	4.170251e-10	-2.831146e+01	2.030998e+01
2.830000e-06	-4.060386e-09	-9.913799e-10	-2.903307e+01	-6.381932e+01
2.840000e-06	-4.159854e-09	-2.469250e-09	-2.974430e+01	-1.522197e+02
2.850000e-06	-4.257922e-09	-4.000091e-09	-3.044552e+01	-2.435759e+02
2.860000e-06	-4.354606e-09	-5.558080e-09	-3.113684e+01	-3.363131e+02
2.870000e-06	-4.449766e-09	-7.109985e-09	-3.181727e+01	-4.287365e+02
2.880000e-06	-4.543259e-09	-8.628161e-09	-3.248577e+01	-5.191904e+02
2.890000e-06	-4.635107e-09	-1.009396e-08	-3.314252e+01	-6.062075e+02
2.900000e-06	-4.725367e-09	-1.148761e-08	-3.378790e+01	-6.886203e+02
2.910000e-06	-4.814009e-09	-1.278812e-08	-3.442172e+01	-7.656183e+02
2.920000e-06	-4.900889e-09	-1.398873e-08	-3.504295e+01	-8.367452e+02
2.930000e-06	-4.985923e-09	-1.509210e-08	-3.565096e+01	-9.018495e+02
2.940000e-06	-5.069221e-09	-1.609684e-08	-3.624657e+01	-9.610066e+02
2.950000e-06	-5.150889e-09	-1.700177e-08	-3.683052e+01	-1.014437e+03
2.960000e-06	-5.230824e-09	-1.781315e-08	-3.740209e+01	-1.062441e+03
2.970000e-06	-5.308714e-09	-1.854164e-08	-3.795903e+01	-1.105355e+03
2.980000e-06	-5.384414e-09	-1.919270e-08	-3.850030e+01	-1.143541e+03
2.990000e-06	-5.458079e-09	-1.976770e-08	-3.902703e+01	-1.177379e+03
3.000000e-06	-5.529806e-09	-2.027424e-08	-3.953990e+01	-1.207276e+03
3.010000e-06	-5.599477e-09	-2.072435e-08	-4.003807e+01	-1.233662e+03
3.020000e-06	-5.667056e-09	-2.112497e-08	-4.052128e+01	-1.256967e+03
3.030000e-06	-5.732694e-09	-2.147803e-08	-4.099061e+01	-1.277604e+03
3.040000e-06	-5.796415e-09	-2.178815e-08	-4.144625e+01	-1.295937e+03
3.050000e-06	-5.858045e-09	-2.206472e-08	-4.188691e+01	-1.312265e+03
3.060000e-06	-5.917485e-09	-2.231413e-08	-4.231193e+01	-1.326817e+03
3.070000e-06	-5.974842e-09	-2.253630e-08	-4.272205e+01	-1.339768e+03
3.080000e-06	-6.030154e-09	-2.273028e-08	-4.311755e+01	-1.351259e+03
3.090000e-06	-6.083164e-09	-2.290395e-08	-4.349659e+01	-1.361424e+03
3.100000e-06	-6.133668e-09	-2.306130e-08	-4.385771e+01	-1.370405e+03
3.110000e-06	-6.181629e-09	-2.319985e-08	-4.420064e+01	-1.378359e+03
3.120000e-06	-6.227265e-09	-2.332077e-08	-4.452696e+01	-1.385445e+03
3.130000e-06	-6.270947e-09	-2.342984e-08	-4.483930e+01	-1.391809e+03
3.140000e-06	-6.312657e-09	-2.353115e-08	-4.513754e+01	-1.397563e+03
3.150000e-06	-6.352261e-09	-2.362129e-08	-4.542072e+01	-1.402778e+03
3.160000e-06	-6.389579e-09	-2.369965e-08	-4.568756e+01	-1.407485e+03
3.170000e-06	-6.424601e-09	-2.377045e-08	-4.593797e+01	-1.411692e+03
3.180000e-06	-6.457456e-09	-2.383658e-08	-4.617290e+01	-1.415403e+03
3.190000e-06	-6.487974e-09	-2.389393e-08	-4.639111e+01	-1.418640e+03
3.200000e-06	-6.516074e-09	-2.394189e-08	-4.659203e+01	-1.421447e+03
3.210000e-06	-6.541910e-09	-2.398523e-08	-4.677677e+01	-1.423891e+03
3.220000e-06	-6.565494e-09	-2.402512e-08	-4.694541e+01	-1.426047e+03
3.230000e-06	-6.586674e-09	-2.405934e-08	-4.709684e+01	-1.427977e+03
3.240000e-06	-6.605524e-09	-2.408765e-08	-4.723163e+01	-1.429718e+03
3.250000e-06	-6.622201e-09	-2.411370e-08	-4.735088e+01	-1.431276e+03
3.260000e-06	-6.636412e-09	-2.414013e-08	-4.745249e+01	-1.432629e+03
3.270000e-06	-6.647955e-09	-2.416214e-08	-4.753502e+01	-1.433750e+03
3.280000e-06	-6.657079e-09	-2.417679e-08	-4.760027e+01	-1.434618e+03
3.290000e-06	-6.663862e-09	-2.418835e-08	-4.764877e+01	-1.435236e+03
3.300000e-06	-6.668206e-09	-2.419922e-08	-4.767983e+01	-1.435634e+03
3.310000e-06	-6.670269e-09	-2.420776e-08	-4.769458e+01	-1.435863e+03
