# Configuracion:
# Concentracion g/m^3_=_23900.0
# C_Vs_to_Am_M_A/Vsm_=_59384043850.047264
# pendiente_HvsI_1/m_=_3716.3
# ordenada_HvsI_A/m_=_1297.0
# frecuencia_ref_Hz_=_301102.53890976514
# 
Resultados:
# tau_ns_=_(2.13+/-0.11)e+02
# dphi_rad_=_6.67+/-0.02
# SAR_W/g_=_672.05+/-71.24
# Hc_kA/m_=_18.13+/-0.91
# Mr_A/m_=_423.36+/-47.94
# Magnetizacion_max_=_903.38+/-48.38
# Suceptibilidad_a_M=0_=_(3.250+/-0.419)e-02

Nombre_archivo	Time_m_(s)	Temperatura_(ºC)	Mr_(A/m)	Hc_(kA/m)	Campo_max_(A/m)	Mag_max_(A/m)	f0	mag0	dphi0	SAR_(W/g)	Tau_(ns)	N	xi_M_0
300kHz_100dA_100Mss_bobN1M17-0012.txt	12.1	22.90	328.07	15.96	38460.00	814.09	3.010753e+05	6.134641e+01	6.622662e+00	527.55	186.682879	4650	2.519e-02
300kHz_100dA_100Mss_bobN1M17-0013.txt	12.65	24.00	337.18	16.27	38460.00	820.82	3.010753e+05	6.197756e+01	6.628834e+00	542.28	190.360314	4650	2.569e-02
300kHz_100dA_100Mss_bobN1M17-0014.txt	13.1	24.92	343.58	16.43	38460.00	826.31	3.010105e+05	6.246571e+01	6.632017e+00	551.26	192.263570	4651	2.630e-02
300kHz_100dA_100Mss_bobN1M17-0015.txt	13.55	25.91	349.40	16.60	38460.00	831.04	3.010753e+05	6.286120e+01	6.635852e+00	560.72	194.561391	4650	2.653e-02
300kHz_100dA_100Mss_bobN1M17-0016.txt	14.0	26.90	353.51	16.70	38460.00	834.82	3.010105e+05	6.324260e+01	6.637593e+00	566.67	195.607639	4651	2.666e-02
300kHz_100dA_100Mss_bobN1M17-0017.txt	14.5	27.90	356.27	16.86	38460.00	834.33	3.010753e+05	6.320989e+01	6.641518e+00	572.50	197.969449	4650	2.697e-02
300kHz_100dA_100Mss_bobN1M17-0018.txt	14.96	28.82	362.25	16.93	38460.00	842.35	3.010105e+05	6.392947e+01	6.642232e+00	580.00	198.399578	4651	2.740e-02
300kHz_100dA_100Mss_bobN1M17-0019.txt	15.85	30.85	371.24	17.15	38460.00	851.49	3.010753e+05	6.472535e+01	6.646535e+00	594.07	200.999848	4650	2.806e-02
300kHz_100dA_100Mss_bobN1M17-0020.txt	16.31	31.88	376.28	17.28	38460.00	855.49	3.010753e+05	6.511578e+01	6.649274e+00	601.96	202.658322	4650	2.806e-02
300kHz_100dA_100Mss_bobN1M17-0021.txt	16.76	32.87	379.02	17.34	38460.00	859.14	3.010753e+05	6.540944e+01	6.650538e+00	606.67	203.424094	4650	2.844e-02
300kHz_100dA_100Mss_bobN1M17-0022.txt	17.21	34.34	382.67	17.45	38460.00	860.47	3.010753e+05	6.558468e+01	6.652878e+00	611.99	204.845914	4650	2.851e-02
300kHz_100dA_100Mss_bobN1M17-0023.txt	17.66	36.37	386.17	17.55	38460.00	863.22	3.010753e+05	6.585196e+01	6.655251e+00	618.24	206.290333	4650	2.906e-02
300kHz_100dA_100Mss_bobN1M17-0024.txt	18.12	38.04	389.54	17.63	38460.00	866.04	3.010753e+05	6.610072e+01	6.656945e+00	623.27	207.321701	4650	2.947e-02
300kHz_100dA_100Mss_bobN1M17-0025.txt	18.78	38.84	396.04	17.72	38460.00	874.71	3.010753e+05	6.684773e+01	6.658353e+00	632.58	208.184181	4650	3.000e-02
300kHz_100dA_100Mss_bobN1M17-0026.txt	19.22	39.58	399.92	17.84	38460.00	875.16	3.010105e+05	6.696304e+01	6.661021e+00	637.82	209.813056	4651	3.003e-02
300kHz_100dA_100Mss_bobN1M17-0027.txt	19.66	40.55	403.32	17.87	38460.00	882.03	3.010753e+05	6.749123e+01	6.661213e+00	643.30	209.930691	4650	3.038e-02
300kHz_100dA_100Mss_bobN1M17-0028.txt	20.11	41.55	407.17	17.94	38460.00	886.83	3.010753e+05	6.793153e+01	6.662177e+00	649.07	210.521412	4650	3.061e-02
300kHz_100dA_100Mss_bobN1M17-0029.txt	20.59	42.66	410.42	18.03	38460.00	887.50	3.010753e+05	6.802712e+01	6.664349e+00	653.53	211.851847	4650	3.080e-02
300kHz_100dA_100Mss_bobN1M17-0030.txt	21.06	43.74	413.39	18.13	38460.00	889.59	3.010753e+05	6.822279e+01	6.666748e+00	659.33	213.325675	4650	3.150e-02
300kHz_100dA_100Mss_bobN1M17-0031.txt	21.52	44.80	416.89	18.14	38460.00	895.32	3.010105e+05	6.870763e+01	6.666691e+00	663.78	213.291886	4651	3.157e-02
300kHz_100dA_100Mss_bobN1M17-0032.txt	21.98	45.85	422.06	18.22	38460.00	901.13	3.010753e+05	6.921740e+01	6.667740e+00	670.59	213.936650	4650	3.173e-02
300kHz_100dA_100Mss_bobN1M17-0033.txt	22.45	46.94	424.49	18.29	38460.00	903.66	3.010753e+05	6.948959e+01	6.669009e+00	675.33	214.717373	4650	3.270e-02
300kHz_100dA_100Mss_bobN1M17-0034.txt	22.89	47.95	427.03	18.37	38460.00	905.05	3.010753e+05	6.961993e+01	6.670989e+00	679.90	215.937691	4650	3.259e-02
300kHz_100dA_100Mss_bobN1M17-0035.txt	23.37	49.05	432.37	18.40	38460.00	910.92	3.010753e+05	7.016401e+01	6.671777e+00	686.53	216.422237	4650	3.317e-02
300kHz_100dA_100Mss_bobN1M17-0036.txt	23.83	50.11	434.85	18.50	38460.00	911.64	3.010753e+05	7.024180e+01	6.673963e+00	690.96	217.774200	4650	3.288e-02
300kHz_100dA_100Mss_bobN1M17-0037.txt	24.32	51.24	438.17	18.53	38460.00	916.21	3.010105e+05	7.061969e+01	6.674394e+00	695.26	218.040135	4651	3.318e-02
300kHz_100dA_100Mss_bobN1M17-0038.txt	25.24	53.35	443.83	18.65	38460.00	921.84	3.010753e+05	7.112089e+01	6.676932e+00	704.65	219.610748	4650	3.352e-02
300kHz_100dA_100Mss_bobN1M17-0039.txt	25.7	54.41	449.70	18.68	38460.00	929.27	3.010753e+05	7.182573e+01	6.676823e+00	711.44	219.543956	4650	3.421e-02
300kHz_100dA_100Mss_bobN1M17-0040.txt	26.18	55.50	451.77	18.73	38460.00	931.35	3.010753e+05	7.198439e+01	6.678229e+00	715.43	220.415159	4650	3.470e-02
300kHz_100dA_100Mss_bobN1M17-0041.txt	26.66	56.55	454.72	18.81	38460.00	933.19	3.010753e+05	7.215349e+01	6.680056e+00	720.25	221.551862	4650	3.481e-02
300kHz_100dA_100Mss_bobN1M17-0042.txt	27.11	57.54	458.88	18.80	38460.00	939.94	3.010753e+05	7.274020e+01	6.679444e+00	725.05	221.170626	4650	3.561e-02
300kHz_100dA_100Mss_bobN1M17-0043.txt	27.56	58.53	461.61	18.87	38460.00	941.28	3.010753e+05	7.290664e+01	6.681018e+00	729.44	222.147765	4650	3.559e-02
300kHz_100dA_100Mss_bobN1M17-0044.txt	28.05	59.56	464.26	18.90	38460.00	944.85	3.010753e+05	7.320620e+01	6.681421e+00	733.14	222.399746	4650	3.584e-02
300kHz_100dA_100Mss_bobN1M17-0045.txt	28.5	60.15	467.84	18.96	38460.00	948.32	3.010753e+05	7.354530e+01	6.682494e+00	738.41	223.066702	4650	3.673e-02
300kHz_100dA_100Mss_bobN1M17-0046.txt	28.97	60.76	472.06	18.98	38460.00	953.10	3.010753e+05	7.400105e+01	6.682523e+00	743.04	223.084484	4650	3.716e-02
300kHz_100dA_100Mss_bobN1M17-0047.txt	29.42	62.23	473.63	19.01	38460.00	956.17	3.010753e+05	7.426756e+01	6.682802e+00	746.21	223.258350	4650	3.694e-02
300kHz_100dA_100Mss_bobN1M17-0048.txt	29.89	63.83	476.77	19.03	38460.00	960.14	3.010753e+05	7.458827e+01	6.683231e+00	750.19	223.525750	4650	3.758e-02
300kHz_100dA_100Mss_bobN1M17-0049.txt	30.34	65.02	479.14	19.08	38460.00	962.06	3.010753e+05	7.479096e+01	6.684403e+00	754.31	224.257086	4650	3.787e-02
300kHz_100dA_100Mss_bobN1M17-0050.txt	30.81	66.14	481.96	19.09	38460.00	966.45	3.010753e+05	7.518693e+01	6.684062e+00	757.70	224.044255	4650	3.803e-02
300kHz_100dA_100Mss_bobN1M17-0051.txt	31.26	66.89	485.27	19.13	38460.00	968.75	3.010753e+05	7.540655e+01	6.685303e+00	762.14	224.818556	4650	3.835e-02
300kHz_100dA_100Mss_bobN1M17-0052.txt	31.71	67.38	486.70	19.17	38460.00	970.10	3.010753e+05	7.553842e+01	6.686001e+00	764.72	225.252997	4650	3.841e-02
300kHz_100dA_100Mss_bobN1M17-0053.txt	32.18	68.11	489.89	19.23	38460.00	971.48	3.010753e+05	7.572228e+01	6.687717e+00	769.67	226.326983	4650	3.880e-02
300kHz_100dA_100Mss_bobN1M17-0054.txt	32.64	69.17	493.25	19.25	38460.00	974.22	3.010753e+05	7.596753e+01	6.688069e+00	772.80	226.547218	4650	3.929e-02
300kHz_100dA_100Mss_bobN1M17-0055.txt	33.14	70.25	495.12	19.29	38460.00	977.06	3.010753e+05	7.623484e+01	6.688691e+00	776.64	226.937142	4650	3.902e-02
