# Configuracion:
# Concentracion g/m^3_=_23900.0
# C_Vs_to_Am_M_A/Vsm_=_59384043850.047264
# pendiente_HvsI_1/m_=_3716.3
# ordenada_HvsI_A/m_=_1297.0
# frecuencia_ref_Hz_=_301333.99409187614
# 
Resultados:
# tau_ns_=_(3.07+/-0.06)e+02
# dphi_rad_=_6.81+/-0.01
# SAR_W/g_=_1958.30+/-21.97
# Hc_kA/m_=_28.54+/-0.47
# Mr_A/m_=_1040.16+/-22.11
# Magnetizacion_max_=_1436.75+/-8.72
# Suceptibilidad_a_M=0_=_(1.130+/-0.101)e-01

Nombre_archivo	Time_m_(s)	Temperatura_(ºC)	Mr_(A/m)	Hc_(kA/m)	Campo_max_(A/m)	Mag_max_(A/m)	f0	mag0	dphi0	SAR_(W/g)	Tau_(ns)	N	xi_M_0
300kHz_125dA_100Mss_bobN1M17-0009.txt	4.2	29.34	989.37	29.21	47750.75	1412.44	3.012696e+05	1.176696e+02	6.819426e+00	1928.84	313.934734	4647	9.694e-02
300kHz_125dA_100Mss_bobN1M17-0010.txt	4.65	33.26	1007.58	28.99	47750.75	1427.47	3.012696e+05	1.194265e+02	6.815047e+00	1943.20	310.812881	4647	1.012e-01
300kHz_125dA_100Mss_bobN1M17-0011.txt	5.12	37.38	1017.38	29.01	47750.75	1433.34	3.012696e+05	1.200624e+02	6.816737e+00	1959.15	312.016346	4647	1.004e-01
300kHz_125dA_100Mss_bobN1M17-0012.txt	5.65	42.15	1028.63	28.91	47750.75	1436.86	3.012696e+05	1.208251e+02	6.815775e+00	1968.39	311.331434	4647	1.036e-01
300kHz_125dA_100Mss_bobN1M17-0013.txt	6.1	46.19	1037.29	28.80	47750.75	1439.46	3.012696e+05	1.213671e+02	6.814716e+00	1973.66	310.577000	4647	1.080e-01
300kHz_125dA_100Mss_bobN1M17-0014.txt	6.55	50.20	1043.89	28.75	47750.75	1443.76	3.012696e+05	1.218946e+02	6.814281e+00	1980.77	310.269002	4647	1.114e-01
300kHz_125dA_100Mss_bobN1M17-0015.txt	7.0	54.20	1049.36	28.66	47750.75	1444.43	3.012696e+05	1.222187e+02	6.812991e+00	1981.68	309.352664	4647	1.148e-01
300kHz_125dA_100Mss_bobN1M17-0016.txt	7.45	58.12	1055.36	28.55	47750.75	1444.76	3.012696e+05	1.225514e+02	6.811822e+00	1983.10	308.523823	4647	1.172e-01
300kHz_125dA_100Mss_bobN1M17-0017.txt	7.9	62.03	1058.70	28.39	47750.75	1444.62	3.013345e+05	1.227553e+02	6.808601e+00	1975.86	306.246065	4646	1.190e-01
300kHz_125dA_100Mss_bobN1M17-0018.txt	8.35	65.94	1059.46	28.29	47750.75	1442.88	3.013345e+05	1.227825e+02	6.806671e+00	1969.72	304.885955	4646	1.173e-01
300kHz_125dA_100Mss_bobN1M17-0019.txt	9.27	73.79	1060.37	28.02	47750.75	1438.15	3.012696e+05	1.227599e+02	6.801036e+00	1949.68	300.929964	4647	1.228e-01
300kHz_125dA_100Mss_bobN1M17-0020.txt	9.75	77.68	1059.25	27.70	47750.75	1437.21	3.012696e+05	1.228731e+02	6.793258e+00	1924.78	295.511106	4647	1.282e-01
300kHz_125dA_100Mss_bobN1M17-0021.txt	10.23	81.29	1055.44	27.72	47750.75	1432.36	3.012696e+05	1.224663e+02	6.793456e+00	1919.08	295.648630	4647	1.287e-01
