# Temperatura_=_57.394999999999996
# Concentracion g/m^3_=_23900.0
# C_Vs_to_Am_M_A/Vsm_=_59384043850.047264
# pendiente_HvsI_1/m_=_3716.3
# ordenada_HvsI_A/m_=_1297.0
# frecuencia_Hz_=_301326.4073219301
# Promedio de 14 ciclos

Tiempo_(s)	Campo_(V.s)	Magnetizacion_(V.s)	Campo_(kA/m)	Magnetizacion_(A/m)
0.000000e+00	-6.680785e-09	-2.611194e-08	-4.769772e+01	-1.549315e+03
1.000000e-08	-6.678748e-09	-2.611064e-08	-4.768317e+01	-1.549357e+03
2.000000e-08	-6.674380e-09	-2.610713e-08	-4.765199e+01	-1.549269e+03
3.000000e-08	-6.667944e-09	-2.610308e-08	-4.760603e+01	-1.549045e+03
4.000000e-08	-6.659422e-09	-2.609685e-08	-4.754519e+01	-1.548669e+03
5.000000e-08	-6.648554e-09	-2.608832e-08	-4.746759e+01	-1.548128e+03
6.000000e-08	-6.635237e-09	-2.607818e-08	-4.737252e+01	-1.547411e+03
7.000000e-08	-6.619461e-09	-2.607029e-08	-4.725988e+01	-1.546517e+03
8.000000e-08	-6.601334e-09	-2.605259e-08	-4.713046e+01	-1.545455e+03
9.000000e-08	-6.580977e-09	-2.600685e-08	-4.698512e+01	-1.544244e+03
1.000000e-07	-6.558128e-09	-2.597440e-08	-4.682199e+01	-1.542906e+03
1.100000e-07	-6.532574e-09	-2.596444e-08	-4.663954e+01	-1.541465e+03
1.200000e-07	-6.504532e-09	-2.594194e-08	-4.643934e+01	-1.539940e+03
1.300000e-07	-6.474508e-09	-2.592146e-08	-4.622498e+01	-1.538342e+03
1.400000e-07	-6.442859e-09	-2.591549e-08	-4.599902e+01	-1.536669e+03
1.500000e-07	-6.409316e-09	-2.586643e-08	-4.575954e+01	-1.534914e+03
1.600000e-07	-6.373474e-09	-2.585007e-08	-4.550364e+01	-1.533059e+03
1.700000e-07	-6.335592e-09	-2.582783e-08	-4.523317e+01	-1.531086e+03
1.800000e-07	-6.295604e-09	-2.573682e-08	-4.494768e+01	-1.528978e+03
1.900000e-07	-6.253129e-09	-2.570708e-08	-4.464443e+01	-1.526725e+03
2.000000e-07	-6.208415e-09	-2.565868e-08	-4.432518e+01	-1.524325e+03
2.100000e-07	-6.161501e-09	-2.561942e-08	-4.399024e+01	-1.521783e+03
2.200000e-07	-6.112110e-09	-2.561456e-08	-4.363761e+01	-1.519111e+03
2.300000e-07	-6.060177e-09	-2.555932e-08	-4.326683e+01	-1.516322e+03
2.400000e-07	-6.005771e-09	-2.551551e-08	-4.287840e+01	-1.513427e+03
2.500000e-07	-5.949129e-09	-2.546227e-08	-4.247400e+01	-1.510431e+03
2.600000e-07	-5.890306e-09	-2.537814e-08	-4.205403e+01	-1.507332e+03
2.700000e-07	-5.829358e-09	-2.531926e-08	-4.161888e+01	-1.504123e+03
2.800000e-07	-5.766450e-09	-2.527994e-08	-4.116975e+01	-1.500792e+03
2.900000e-07	-5.701479e-09	-2.523124e-08	-4.070589e+01	-1.497330e+03
3.000000e-07	-5.634316e-09	-2.517325e-08	-4.022638e+01	-1.493731e+03
3.100000e-07	-5.565017e-09	-2.513054e-08	-3.973161e+01	-1.489994e+03
3.200000e-07	-5.493765e-09	-2.505505e-08	-3.922290e+01	-1.486123e+03
3.300000e-07	-5.420561e-09	-2.495743e-08	-3.870026e+01	-1.482125e+03
3.400000e-07	-5.345204e-09	-2.489869e-08	-3.816224e+01	-1.478006e+03
3.500000e-07	-5.267700e-09	-2.483006e-08	-3.760890e+01	-1.473770e+03
3.600000e-07	-5.188038e-09	-2.476196e-08	-3.704015e+01	-1.469416e+03
3.700000e-07	-5.106337e-09	-2.469551e-08	-3.645684e+01	-1.464942e+03
3.800000e-07	-5.022916e-09	-2.461679e-08	-3.586125e+01	-1.460342e+03
3.900000e-07	-4.937912e-09	-2.453102e-08	-3.525436e+01	-1.455613e+03
4.000000e-07	-4.851347e-09	-2.443874e-08	-3.463633e+01	-1.450753e+03
4.100000e-07	-4.763174e-09	-2.435483e-08	-3.400681e+01	-1.445762e+03
4.200000e-07	-4.673257e-09	-2.427322e-08	-3.336484e+01	-1.440643e+03
4.300000e-07	-4.581561e-09	-2.419850e-08	-3.271017e+01	-1.435396e+03
4.400000e-07	-4.488213e-09	-2.411485e-08	-3.204371e+01	-1.430021e+03
4.500000e-07	-4.393311e-09	-2.402084e-08	-3.136615e+01	-1.424514e+03
4.600000e-07	-4.296850e-09	-2.391632e-08	-3.067747e+01	-1.418870e+03
4.700000e-07	-4.198809e-09	-2.380638e-08	-2.997750e+01	-1.413086e+03
4.800000e-07	-4.099184e-09	-2.370547e-08	-2.926622e+01	-1.407160e+03
4.900000e-07	-3.998086e-09	-2.360934e-08	-2.854443e+01	-1.401096e+03
5.000000e-07	-3.895655e-09	-2.351496e-08	-2.781311e+01	-1.394898e+03
5.100000e-07	-3.791878e-09	-2.341562e-08	-2.707220e+01	-1.388572e+03
5.200000e-07	-3.686693e-09	-2.330693e-08	-2.632123e+01	-1.382122e+03
5.300000e-07	-3.580090e-09	-2.318784e-08	-2.556013e+01	-1.375546e+03
5.400000e-07	-3.472144e-09	-2.306437e-08	-2.478944e+01	-1.368837e+03
5.500000e-07	-3.362972e-09	-2.294319e-08	-2.401000e+01	-1.361983e+03
5.600000e-07	-3.252699e-09	-2.282900e-08	-2.322270e+01	-1.354973e+03
5.700000e-07	-3.141322e-09	-2.271710e-08	-2.242752e+01	-1.347799e+03
5.800000e-07	-3.028762e-09	-2.259993e-08	-2.162389e+01	-1.340457e+03
5.900000e-07	-2.915028e-09	-2.247495e-08	-2.081189e+01	-1.332950e+03
6.000000e-07	-2.800128e-09	-2.234394e-08	-1.999156e+01	-1.325284e+03
6.100000e-07	-2.684054e-09	-2.220781e-08	-1.916284e+01	-1.317464e+03
6.200000e-07	-2.566913e-09	-2.206854e-08	-1.832651e+01	-1.309487e+03
6.300000e-07	-2.448851e-09	-2.193067e-08	-1.748360e+01	-1.301346e+03
6.400000e-07	-2.329971e-09	-2.179335e-08	-1.663485e+01	-1.293027e+03
6.500000e-07	-2.210293e-09	-2.165307e-08	-1.578040e+01	-1.284516e+03
6.600000e-07	-2.089783e-09	-2.150727e-08	-1.492002e+01	-1.275801e+03
6.700000e-07	-1.968502e-09	-2.135657e-08	-1.405413e+01	-1.266882e+03
6.800000e-07	-1.846526e-09	-2.120318e-08	-1.318327e+01	-1.257767e+03
6.900000e-07	-1.723865e-09	-2.104800e-08	-1.230753e+01	-1.248467e+03
7.000000e-07	-1.600516e-09	-2.088853e-08	-1.142688e+01	-1.238993e+03
7.100000e-07	-1.476506e-09	-2.072424e-08	-1.054150e+01	-1.229345e+03
7.200000e-07	-1.351952e-09	-2.055798e-08	-9.652243e+00	-1.219509e+03
7.300000e-07	-1.226968e-09	-2.039029e-08	-8.759912e+00	-1.209457e+03
7.400000e-07	-1.101611e-09	-2.021690e-08	-7.864922e+00	-1.199153e+03
7.500000e-07	-9.759122e-10	-2.003708e-08	-6.967490e+00	-1.188563e+03
7.600000e-07	-8.498948e-10	-1.985498e-08	-6.067782e+00	-1.177664e+03
7.700000e-07	-7.236123e-10	-1.966943e-08	-5.166183e+00	-1.166452e+03
7.800000e-07	-5.971124e-10	-1.947597e-08	-4.263031e+00	-1.154934e+03
7.900000e-07	-4.704345e-10	-1.927423e-08	-3.358609e+00	-1.143124e+03
8.000000e-07	-3.436140e-10	-1.906953e-08	-2.453168e+00	-1.131025e+03
8.100000e-07	-2.166723e-10	-1.886199e-08	-1.546863e+00	-1.118611e+03
8.200000e-07	-8.964134e-11	-1.864564e-08	-6.399201e-01	-1.105826e+03
8.300000e-07	3.742942e-11	-1.841878e-08	2.673070e-01	-1.092578e+03
8.400000e-07	1.644660e-10	-1.818457e-08	1.174290e+00	-1.078758e+03
8.500000e-07	2.914307e-10	-1.794321e-08	2.080759e+00	-1.064261e+03
8.600000e-07	4.182928e-10	-1.768863e-08	2.986497e+00	-1.049006e+03
8.700000e-07	5.450072e-10	-1.741767e-08	3.891179e+00	-1.032962e+03
8.800000e-07	6.715461e-10	-1.713329e-08	4.794609e+00	-1.016145e+03
8.900000e-07	7.978586e-10	-1.683804e-08	5.696422e+00	-9.986179e+02
9.000000e-07	9.239070e-10	-1.653092e-08	6.596351e+00	-9.804697e+02
9.100000e-07	1.049668e-09	-1.621388e-08	7.494228e+00	-9.617894e+02
9.200000e-07	1.175121e-09	-1.589197e-08	8.389903e+00	-9.426438e+02
9.300000e-07	1.300211e-09	-1.556585e-08	9.282990e+00	-9.230617e+02
9.400000e-07	1.424865e-09	-1.523197e-08	1.017296e+01	-9.030292e+02
9.500000e-07	1.549000e-09	-1.488676e-08	1.105923e+01	-8.824955e+02
9.600000e-07	1.672552e-09	-1.453033e-08	1.194133e+01	-8.613831e+02
9.700000e-07	1.795461e-09	-1.416292e-08	1.281885e+01	-8.395989e+02
9.800000e-07	1.917685e-09	-1.378163e-08	1.369147e+01	-8.170396e+02
9.900000e-07	2.039215e-09	-1.338535e-08	1.455914e+01	-7.935901e+02
1.000000e-06	2.159994e-09	-1.297291e-08	1.542144e+01	-7.691167e+02
1.010000e-06	2.279958e-09	-1.254130e-08	1.627792e+01	-7.434593e+02
1.020000e-06	2.399073e-09	-1.208725e-08	1.712835e+01	-7.164254e+02
1.030000e-06	2.517331e-09	-1.160512e-08	1.797266e+01	-6.877897e+02
1.040000e-06	2.634694e-09	-1.108899e-08	1.881058e+01	-6.572975e+02
1.050000e-06	2.751033e-09	-1.053537e-08	1.964118e+01	-6.246670e+02
1.060000e-06	2.866229e-09	-9.939328e-09	2.046363e+01	-5.895868e+02
1.070000e-06	2.980248e-09	-9.296023e-09	2.127767e+01	-5.517047e+02
1.080000e-06	3.093100e-09	-8.598944e-09	2.208338e+01	-5.106090e+02
1.090000e-06	3.204786e-09	-7.840072e-09	2.288077e+01	-4.658105e+02
1.100000e-06	3.315353e-09	-7.009420e-09	2.367016e+01	-4.167362e+02
1.110000e-06	3.424858e-09	-6.094282e-09	2.445198e+01	-3.627468e+02
1.120000e-06	3.533270e-09	-5.081496e-09	2.522599e+01	-3.031885e+02
1.130000e-06	3.640426e-09	-3.962992e-09	2.599103e+01	-2.374782e+02
1.140000e-06	3.746189e-09	-2.735011e-09	2.674613e+01	-1.652137e+02
1.150000e-06	3.850515e-09	-1.395523e-09	2.749096e+01	-8.628843e+01
1.160000e-06	3.953416e-09	5.209012e-11	2.822563e+01	-9.873929e-01
1.170000e-06	4.054970e-09	1.594917e-09	2.895068e+01	8.996128e+01
1.180000e-06	4.155133e-09	3.211620e-09	2.966580e+01	1.853947e+02
1.190000e-06	4.253741e-09	4.877388e-09	3.036981e+01	2.837883e+02
1.200000e-06	4.350710e-09	6.562980e-09	3.106212e+01	3.833834e+02
1.210000e-06	4.446075e-09	8.236714e-09	3.174299e+01	4.823476e+02
1.220000e-06	4.539947e-09	9.866044e-09	3.241318e+01	5.789389e+02
1.230000e-06	4.632360e-09	1.142551e-08	3.307297e+01	6.716461e+02
1.240000e-06	4.723134e-09	1.289786e-08	3.372106e+01	7.592840e+02
1.250000e-06	4.812101e-09	1.426989e-08	3.435624e+01	8.410344e+02
1.260000e-06	4.899311e-09	1.553383e-08	3.497887e+01	9.164352e+02
1.270000e-06	4.984899e-09	1.668806e-08	3.558993e+01	9.853317e+02
1.280000e-06	5.068882e-09	1.773481e-08	3.618953e+01	1.047806e+03
1.290000e-06	5.151102e-09	1.867864e-08	3.677654e+01	1.104107e+03
1.300000e-06	5.231396e-09	1.952277e-08	3.734980e+01	1.154584e+03
1.310000e-06	5.309771e-09	2.027437e-08	3.790936e+01	1.199647e+03
1.320000e-06	5.386198e-09	2.094292e-08	3.845501e+01	1.239734e+03
1.330000e-06	5.460510e-09	2.153586e-08	3.898556e+01	1.275294e+03
1.340000e-06	5.532736e-09	2.206017e-08	3.950122e+01	1.306781e+03
1.350000e-06	5.603006e-09	2.252372e-08	4.000292e+01	1.334635e+03
1.360000e-06	5.671352e-09	2.293511e-08	4.049088e+01	1.359277e+03
1.370000e-06	5.737634e-09	2.329927e-08	4.096410e+01	1.381096e+03
1.380000e-06	5.801783e-09	2.362037e-08	4.142209e+01	1.400439e+03
1.390000e-06	5.863962e-09	2.390388e-08	4.186602e+01	1.417609e+03
1.400000e-06	5.924237e-09	2.415640e-08	4.229635e+01	1.432866e+03
1.410000e-06	5.982404e-09	2.438138e-08	4.271164e+01	1.446433e+03
1.420000e-06	6.038348e-09	2.458060e-08	4.311105e+01	1.458506e+03
1.430000e-06	6.092067e-09	2.475746e-08	4.349458e+01	1.469260e+03
1.440000e-06	6.143317e-09	2.491727e-08	4.386048e+01	1.478855e+03
1.450000e-06	6.192007e-09	2.506155e-08	4.420810e+01	1.487434e+03
1.460000e-06	6.238415e-09	2.519010e-08	4.453943e+01	1.495122e+03
1.470000e-06	6.282752e-09	2.530357e-08	4.485597e+01	1.502025e+03
1.480000e-06	6.324815e-09	2.540463e-08	4.515629e+01	1.508226e+03
1.490000e-06	6.364514e-09	2.549568e-08	4.543971e+01	1.513791e+03
1.500000e-06	6.402088e-09	2.557644e-08	4.570798e+01	1.518774e+03
1.510000e-06	6.437509e-09	2.564725e-08	4.596086e+01	1.523222e+03
1.520000e-06	6.470563e-09	2.571075e-08	4.619685e+01	1.527183e+03
1.530000e-06	6.501306e-09	2.577049e-08	4.641634e+01	1.530704e+03
1.540000e-06	6.529917e-09	2.582577e-08	4.662061e+01	1.533836e+03
1.550000e-06	6.556200e-09	2.587355e-08	4.680826e+01	1.536623e+03
1.560000e-06	6.580009e-09	2.591374e-08	4.697824e+01	1.539102e+03
1.570000e-06	6.601590e-09	2.594942e-08	4.713231e+01	1.541299e+03
1.580000e-06	6.621035e-09	2.597958e-08	4.727114e+01	1.543228e+03
1.590000e-06	6.638099e-09	2.600329e-08	4.739297e+01	1.544892e+03
1.600000e-06	6.652667e-09	2.602287e-08	4.749698e+01	1.546295e+03
1.610000e-06	6.664702e-09	2.603983e-08	4.758290e+01	1.547441e+03
1.620000e-06	6.674089e-09	2.605467e-08	4.764992e+01	1.548341e+03
1.630000e-06	6.681030e-09	2.606704e-08	4.769947e+01	1.549019e+03
1.640000e-06	6.685767e-09	2.607597e-08	4.773329e+01	1.549500e+03
1.650000e-06	6.688154e-09	2.608120e-08	4.775033e+01	1.549812e+03
1.660000e-06	6.688130e-09	2.608351e-08	4.775016e+01	1.549980e+03
1.670000e-06	6.685943e-09	2.608488e-08	4.773454e+01	1.550017e+03
1.680000e-06	6.681619e-09	2.608152e-08	4.770367e+01	1.549924e+03
1.690000e-06	6.674979e-09	2.607479e-08	4.765626e+01	1.549695e+03
1.700000e-06	6.666133e-09	2.606814e-08	4.759310e+01	1.549314e+03
1.710000e-06	6.655172e-09	2.605923e-08	4.751485e+01	1.548767e+03
1.720000e-06	6.641863e-09	2.604304e-08	4.741982e+01	1.548044e+03
1.730000e-06	6.626274e-09	2.601809e-08	4.730852e+01	1.547143e+03
1.740000e-06	6.608652e-09	2.602579e-08	4.718271e+01	1.546076e+03
1.750000e-06	6.588483e-09	2.602848e-08	4.703871e+01	1.544860e+03
1.760000e-06	6.565010e-09	2.599281e-08	4.687112e+01	1.543518e+03
1.770000e-06	6.538608e-09	2.596235e-08	4.668262e+01	1.542074e+03
1.780000e-06	6.509991e-09	2.591548e-08	4.647831e+01	1.540546e+03
1.790000e-06	6.479501e-09	2.587437e-08	4.626063e+01	1.538945e+03
1.800000e-06	6.447566e-09	2.589130e-08	4.603262e+01	1.537270e+03
1.810000e-06	6.413846e-09	2.581879e-08	4.579187e+01	1.535511e+03
1.820000e-06	6.377821e-09	2.576169e-08	4.553467e+01	1.533653e+03
1.830000e-06	6.339647e-09	2.580144e-08	4.526213e+01	1.531675e+03
1.840000e-06	6.299070e-09	2.575478e-08	4.497242e+01	1.529562e+03
1.850000e-06	6.256210e-09	2.574056e-08	4.466642e+01	1.527304e+03
1.860000e-06	6.211343e-09	2.568358e-08	4.434609e+01	1.524899e+03
1.870000e-06	6.164062e-09	2.558597e-08	4.400852e+01	1.522352e+03
1.880000e-06	6.114600e-09	2.558158e-08	4.365538e+01	1.519676e+03
1.890000e-06	6.062795e-09	2.551232e-08	4.328552e+01	1.516883e+03
1.900000e-06	6.008355e-09	2.546328e-08	4.289685e+01	1.513984e+03
1.910000e-06	5.951745e-09	2.545058e-08	4.249267e+01	1.510985e+03
1.920000e-06	5.892992e-09	2.540171e-08	4.207320e+01	1.507882e+03
1.930000e-06	5.832120e-09	2.535979e-08	4.163860e+01	1.504669e+03
1.940000e-06	5.769114e-09	2.524608e-08	4.118877e+01	1.501334e+03
1.950000e-06	5.704000e-09	2.517636e-08	4.072388e+01	1.497867e+03
1.960000e-06	5.636915e-09	2.513785e-08	4.024492e+01	1.494263e+03
1.970000e-06	5.567552e-09	2.508540e-08	3.974970e+01	1.490521e+03
1.980000e-06	5.496061e-09	2.502985e-08	3.923929e+01	1.486645e+03
1.990000e-06	5.422607e-09	2.493906e-08	3.871486e+01	1.482643e+03
2.000000e-06	5.347085e-09	2.491430e-08	3.817567e+01	1.478520e+03
2.010000e-06	5.269439e-09	2.482300e-08	3.762131e+01	1.474280e+03
2.020000e-06	5.189745e-09	2.469896e-08	3.705233e+01	1.469922e+03
2.030000e-06	5.108317e-09	2.463426e-08	3.647097e+01	1.465443e+03
2.040000e-06	5.025115e-09	2.458973e-08	3.587695e+01	1.460839e+03
2.050000e-06	4.940068e-09	2.453739e-08	3.526975e+01	1.456105e+03
2.060000e-06	4.853159e-09	2.441433e-08	3.464926e+01	1.451240e+03
2.070000e-06	4.764541e-09	2.432823e-08	3.401656e+01	1.446245e+03
2.080000e-06	4.674356e-09	2.425987e-08	3.337268e+01	1.441121e+03
2.090000e-06	4.582547e-09	2.415959e-08	3.271720e+01	1.435870e+03
2.100000e-06	4.489055e-09	2.404089e-08	3.204971e+01	1.430490e+03
2.110000e-06	4.393846e-09	2.395517e-08	3.136997e+01	1.424979e+03
2.120000e-06	4.297103e-09	2.391094e-08	3.067927e+01	1.419330e+03
2.130000e-06	4.198942e-09	2.380965e-08	2.997844e+01	1.413541e+03
2.140000e-06	4.099351e-09	2.367125e-08	2.926741e+01	1.407610e+03
2.150000e-06	3.998204e-09	2.355468e-08	2.854526e+01	1.401541e+03
2.160000e-06	3.895446e-09	2.347583e-08	2.781162e+01	1.395338e+03
2.170000e-06	3.791237e-09	2.337540e-08	2.706761e+01	1.389008e+03
2.180000e-06	3.685766e-09	2.324708e-08	2.631459e+01	1.382554e+03
2.190000e-06	3.579161e-09	2.314456e-08	2.555348e+01	1.375974e+03
2.200000e-06	3.471350e-09	2.306421e-08	2.478376e+01	1.369260e+03
2.210000e-06	3.362317e-09	2.294790e-08	2.400532e+01	1.362401e+03
2.220000e-06	3.252010e-09	2.278800e-08	2.321777e+01	1.355385e+03
2.230000e-06	3.140461e-09	2.265291e-08	2.242137e+01	1.348204e+03
2.240000e-06	3.027727e-09	2.255604e-08	2.161650e+01	1.340856e+03
2.250000e-06	2.913835e-09	2.244665e-08	2.080336e+01	1.333344e+03
2.260000e-06	2.798845e-09	2.229882e-08	1.998238e+01	1.325673e+03
2.270000e-06	2.682722e-09	2.216309e-08	1.915332e+01	1.317847e+03
2.280000e-06	2.565491e-09	2.205031e-08	1.831635e+01	1.309865e+03
2.290000e-06	2.447202e-09	2.191700e-08	1.747181e+01	1.301718e+03
2.300000e-06	2.327964e-09	2.174774e-08	1.662051e+01	1.293392e+03
2.310000e-06	2.207875e-09	2.159056e-08	1.576313e+01	1.284873e+03
2.320000e-06	2.087026e-09	2.147043e-08	1.490032e+01	1.276152e+03
2.330000e-06	1.965482e-09	2.133402e-08	1.403256e+01	1.267226e+03
2.340000e-06	1.843317e-09	2.116169e-08	1.316035e+01	1.258104e+03
2.350000e-06	1.720578e-09	2.099262e-08	1.228405e+01	1.248797e+03
2.360000e-06	1.597209e-09	2.085341e-08	1.140325e+01	1.239317e+03
2.370000e-06	1.473204e-09	2.070208e-08	1.051791e+01	1.229663e+03
2.380000e-06	1.348662e-09	2.051425e-08	9.628743e+00	1.219820e+03
2.390000e-06	1.223677e-09	2.033052e-08	8.736402e+00	1.209760e+03
2.400000e-06	1.098271e-09	2.017442e-08	7.841060e+00	1.199446e+03
2.410000e-06	9.724718e-10	2.000896e-08	6.942916e+00	1.188845e+03
2.420000e-06	8.463148e-10	1.980792e-08	6.042214e+00	1.177936e+03
2.430000e-06	7.198454e-10	1.960715e-08	5.139282e+00	1.166712e+03
2.440000e-06	5.931028e-10	1.943192e-08	4.234399e+00	1.155184e+03
2.450000e-06	4.661213e-10	1.924793e-08	3.327810e+00	1.143364e+03
2.460000e-06	3.389526e-10	1.902776e-08	2.419885e+00	1.131254e+03
2.470000e-06	2.116354e-10	1.880309e-08	1.510899e+00	1.118828e+03
2.480000e-06	8.421253e-11	1.859972e-08	6.011587e-01	1.106028e+03
2.490000e-06	-4.326250e-11	1.838833e-08	-3.089542e-01	1.092762e+03
2.500000e-06	-1.707152e-10	1.814232e-08	-1.218908e+00	1.078919e+03
2.510000e-06	-2.980645e-10	1.788812e-08	-2.128123e+00	1.064396e+03
2.520000e-06	-4.252715e-10	1.764781e-08	-3.036322e+00	1.049114e+03
2.530000e-06	-5.522976e-10	1.739473e-08	-3.943230e+00	1.033041e+03
2.540000e-06	-6.791057e-10	1.710033e-08	-4.848580e+00	1.016198e+03
2.550000e-06	-8.056381e-10	1.678624e-08	-5.751962e+00	9.986471e+02
2.560000e-06	-9.318286e-10	1.648347e-08	-6.652904e+00	9.804785e+02
2.570000e-06	-1.057654e-09	1.617924e-08	-7.551237e+00	9.617807e+02
2.580000e-06	-1.183118e-09	1.584953e-08	-8.446994e+00	9.426194e+02
2.590000e-06	-1.308169e-09	1.550980e-08	-9.339801e+00	9.230217e+02
2.600000e-06	-1.432739e-09	1.518380e-08	-1.022917e+01	9.029725e+02
2.610000e-06	-1.556770e-09	1.485256e-08	-1.111469e+01	8.824196e+02
2.620000e-06	-1.680189e-09	1.448936e-08	-1.199585e+01	8.612850e+02
2.630000e-06	-1.802954e-09	1.410578e-08	-1.287233e+01	8.394750e+02
2.640000e-06	-1.925040e-09	1.372632e-08	-1.374397e+01	8.168861e+02
2.650000e-06	-2.046471e-09	1.333986e-08	-1.461093e+01	7.934025e+02
2.660000e-06	-2.167269e-09	1.292443e-08	-1.547338e+01	7.688898e+02
2.670000e-06	-2.287330e-09	1.248478e-08	-1.633055e+01	7.431868e+02
2.680000e-06	-2.406490e-09	1.203601e-08	-1.718130e+01	7.160999e+02
2.690000e-06	-2.524699e-09	1.156684e-08	-1.802526e+01	6.874025e+02
2.700000e-06	-2.641914e-09	1.105113e-08	-1.886212e+01	6.568390e+02
2.710000e-06	-2.758051e-09	1.049154e-08	-1.969128e+01	6.241266e+02
2.720000e-06	-2.873048e-09	9.903483e-09	-2.051230e+01	5.889528e+02
2.730000e-06	-2.986842e-09	9.277099e-09	-2.132474e+01	5.509635e+02
2.740000e-06	-3.099397e-09	8.586706e-09	-2.212833e+01	5.097445e+02
2.750000e-06	-3.210699e-09	7.826585e-09	-2.292297e+01	4.648038e+02
2.760000e-06	-3.320733e-09	7.006287e-09	-2.370856e+01	4.155653e+02
2.770000e-06	-3.429592e-09	6.112466e-09	-2.448576e+01	3.613882e+02
2.780000e-06	-3.537393e-09	5.115064e-09	-2.525541e+01	3.016196e+02
2.790000e-06	-3.644105e-09	4.005574e-09	-2.601728e+01	2.356808e+02
2.800000e-06	-3.749639e-09	2.794882e-09	-2.677075e+01	1.631782e+02
2.810000e-06	-3.853882e-09	1.481512e-09	-2.751500e+01	8.401784e+01
2.820000e-06	-3.956670e-09	5.269879e-11	-2.824885e+01	-1.500059e+00
2.830000e-06	-4.057910e-09	-1.479380e-09	-2.897166e+01	-9.263129e+01
2.840000e-06	-4.157653e-09	-3.080737e-09	-2.968377e+01	-1.881984e+02
2.850000e-06	-4.255992e-09	-4.724672e-09	-3.038587e+01	-2.866660e+02
2.860000e-06	-4.352954e-09	-6.394755e-09	-3.107813e+01	-3.862700e+02
2.870000e-06	-4.448435e-09	-8.062427e-09	-3.175983e+01	-4.851784e+02
2.880000e-06	-4.542270e-09	-9.685952e-09	-3.242976e+01	-5.816552e+02
2.890000e-06	-4.634441e-09	-1.123832e-08	-3.308782e+01	-6.741996e+02
2.900000e-06	-4.725001e-09	-1.271236e-08	-3.373437e+01	-7.616390e+02
2.910000e-06	-4.813925e-09	-1.409660e-08	-3.436925e+01	-8.431685e+02
2.920000e-06	-4.901118e-09	-1.537104e-08	-3.499177e+01	-9.183380e+02
2.930000e-06	-4.986470e-09	-1.652973e-08	-3.560114e+01	-9.870025e+02
2.940000e-06	-5.070035e-09	-1.758157e-08	-3.619776e+01	-1.049252e+03
2.950000e-06	-5.151957e-09	-1.853476e-08	-3.678264e+01	-1.105338e+03
2.960000e-06	-5.232177e-09	-1.938888e-08	-3.735537e+01	-1.155614e+03
2.970000e-06	-5.310382e-09	-2.014669e-08	-3.791372e+01	-1.200492e+03
2.980000e-06	-5.386375e-09	-2.082194e-08	-3.845627e+01	-1.240409e+03
2.990000e-06	-5.460295e-09	-2.142618e-08	-3.898402e+01	-1.275816e+03
3.000000e-06	-5.532311e-09	-2.196064e-08	-3.949818e+01	-1.307165e+03
3.010000e-06	-5.602294e-09	-2.243012e-08	-3.999783e+01	-1.334897e+03
3.020000e-06	-5.670151e-09	-2.284659e-08	-4.048230e+01	-1.359432e+03
3.030000e-06	-5.736051e-09	-2.321990e-08	-4.095279e+01	-1.381157e+03
3.040000e-06	-5.800052e-09	-2.355105e-08	-4.140973e+01	-1.400417e+03
3.050000e-06	-5.861956e-09	-2.384103e-08	-4.185169e+01	-1.417515e+03
3.060000e-06	-5.921673e-09	-2.409845e-08	-4.227804e+01	-1.432708e+03
3.070000e-06	-5.979301e-09	-2.433134e-08	-4.268948e+01	-1.446218e+03
3.080000e-06	-6.034882e-09	-2.453869e-08	-4.308630e+01	-1.458241e+03
3.090000e-06	-6.088193e-09	-2.471871e-08	-4.346691e+01	-1.468951e+03
3.100000e-06	-6.138997e-09	-2.487881e-08	-4.382963e+01	-1.478507e+03
3.110000e-06	-6.187206e-09	-2.502596e-08	-4.417382e+01	-1.487052e+03
3.120000e-06	-6.233044e-09	-2.516065e-08	-4.450108e+01	-1.494710e+03
3.130000e-06	-6.276945e-09	-2.528011e-08	-4.481451e+01	-1.501587e+03
3.140000e-06	-6.318898e-09	-2.538601e-08	-4.511404e+01	-1.507764e+03
3.150000e-06	-6.358773e-09	-2.548175e-08	-4.539872e+01	-1.513307e+03
3.160000e-06	-6.396372e-09	-2.556826e-08	-4.566716e+01	-1.518270e+03
3.170000e-06	-6.431646e-09	-2.564340e-08	-4.591900e+01	-1.522700e+03
3.180000e-06	-6.464752e-09	-2.570862e-08	-4.615536e+01	-1.526644e+03
3.190000e-06	-6.495531e-09	-2.576854e-08	-4.637511e+01	-1.530151e+03
3.200000e-06	-6.523885e-09	-2.582359e-08	-4.657754e+01	-1.533269e+03
3.210000e-06	-6.549952e-09	-2.587176e-08	-4.676365e+01	-1.536044e+03
3.220000e-06	-6.573789e-09	-2.591430e-08	-4.693383e+01	-1.538513e+03
3.230000e-06	-6.595230e-09	-2.595372e-08	-4.708691e+01	-1.540701e+03
3.240000e-06	-6.614316e-09	-2.598838e-08	-4.722317e+01	-1.542620e+03
3.250000e-06	-6.631220e-09	-2.601657e-08	-4.734385e+01	-1.544275e+03
3.260000e-06	-6.645648e-09	-2.604023e-08	-4.744686e+01	-1.545668e+03
3.270000e-06	-6.657403e-09	-2.606136e-08	-4.753079e+01	-1.546804e+03
3.280000e-06	-6.666734e-09	-2.607859e-08	-4.759741e+01	-1.547697e+03
3.290000e-06	-6.673736e-09	-2.609126e-08	-4.764739e+01	-1.548367e+03
3.300000e-06	-6.678312e-09	-2.610049e-08	-4.768006e+01	-1.548841e+03
3.310000e-06	-6.680577e-09	-2.610798e-08	-4.769623e+01	-1.549148e+03
