# Configuracion:
# Concentracion g/m^3_=_23900.0
# C_Vs_to_Am_M_A/Vsm_=_59384043850.047264
# pendiente_HvsI_1/m_=_3716.3
# ordenada_HvsI_A/m_=_1297.0
# frecuencia_ref_Hz_=_301555.10089533945
# 
Resultados:
# tau_ns_=_(2.32+/-0.10)e+02
# dphi_rad_=_6.70+/-0.02
# SAR_W/g_=_2294.11+/-111.09
# Hc_kA/m_=_27.78+/-0.94
# Mr_A/m_=_1254.67+/-20.48
# Magnetizacion_max_=_1705.35+/-26.93
# Suceptibilidad_a_M=0_=_(1.466+/-0.037)e-01

Nombre_archivo	Time_m_(s)	Temperatura_(ºC)	Mr_(A/m)	Hc_(kA/m)	Campo_max_(A/m)	Mag_max_(A/m)	f0	mag0	dphi0	SAR_(W/g)	Tau_(ns)	N	xi_M_0
300kHz_150dA_100Mss_bobN1M17-0010.txt	5.74	25.09	1245.40	29.31	57041.50	1712.48	3.016591e+05	1.478934e+02	6.722203e+00	2412.41	247.783884	4641	1.373e-01
300kHz_150dA_100Mss_bobN1M17-0011.txt	6.2	28.30	1279.33	29.10	57041.50	1744.99	3.016591e+05	1.511543e+02	6.719892e+00	2453.46	246.298592	4641	1.420e-01
300kHz_150dA_100Mss_bobN1M17-0012.txt	6.67	33.47	1280.55	28.78	57041.50	1741.15	3.016591e+05	1.511198e+02	6.714558e+00	2424.83	242.877570	4641	1.423e-01
300kHz_150dA_100Mss_bobN1M17-0013.txt	7.13	38.54	1275.61	28.36	57041.50	1732.94	3.016591e+05	1.507222e+02	6.707211e+00	2379.78	238.193987	4641	1.480e-01
300kHz_150dA_100Mss_bobN1M17-0014.txt	7.58	43.54	1274.75	28.30	57041.50	1727.56	3.016591e+05	1.503886e+02	6.706882e+00	2372.79	237.987368	4641	1.495e-01
300kHz_150dA_100Mss_bobN1M17-0015.txt	8.03	48.51	1269.91	28.07	57041.50	1721.14	3.016591e+05	1.499480e+02	6.702586e+00	2343.28	235.264370	4641	1.482e-01
300kHz_150dA_100Mss_bobN1M17-0016.txt	8.49	53.30	1260.91	27.70	57041.50	1708.40	3.015941e+05	1.490834e+02	6.696275e+00	2296.25	231.280225	4642	1.483e-01
300kHz_150dA_100Mss_bobN1M17-0017.txt	8.93	57.87	1258.53	27.64	57041.50	1702.36	3.016591e+05	1.486174e+02	6.695655e+00	2286.32	230.891895	4641	1.491e-01
300kHz_150dA_100Mss_bobN1M17-0018.txt	9.39	62.58	1251.02	27.36	57041.50	1693.43	3.016591e+05	1.479640e+02	6.690277e+00	2248.26	227.517965	4641	1.510e-01
300kHz_150dA_100Mss_bobN1M17-0019.txt	10.34	72.03	1237.59	26.90	57041.50	1681.72	3.016591e+05	1.469823e+02	6.681632e+00	2188.48	222.127452	4641	1.465e-01
300kHz_150dA_100Mss_bobN1M17-0020.txt	10.79	76.30	1234.48	26.86	57041.50	1674.09	3.016591e+05	1.464602e+02	6.681236e+00	2178.66	221.883277	4641	1.472e-01
300kHz_150dA_100Mss_bobN1M17-0021.txt	11.25	80.60	1224.48	26.49	57041.50	1667.15	3.016591e+05	1.458621e+02	6.674086e+00	2132.81	217.453510	4641	1.494e-01
300kHz_150dA_100Mss_bobN1M17-0022.txt	11.7	84.74	1218.12	26.29	57041.50	1662.20	3.016591e+05	1.454620e+02	6.670057e+00	2106.15	214.971808	4641	1.473e-01
