# Temperatura_=_55.8075
# Concentracion g/m^3_=_23900.0
# C_Vs_to_Am_M_A/Vsm_=_59384043850.047264
# pendiente_HvsI_1/m_=_3716.3
# ordenada_HvsI_A/m_=_1297.0
# frecuencia_Hz_=_301608.8236108388
# Promedio de 12 ciclos

Tiempo_(s)	Campo_(V.s)	Magnetizacion_(V.s)	Campo_(kA/m)	Magnetizacion_(A/m)
0.000000e+00	-8.090537e-09	-2.562218e-08	-5.684373e+01	-1.521201e+03
1.000000e-08	-8.086313e-09	-2.561826e-08	-5.681406e+01	-1.520875e+03
2.000000e-08	-8.079509e-09	-2.561190e-08	-5.676625e+01	-1.520538e+03
3.000000e-08	-8.069981e-09	-2.560515e-08	-5.669931e+01	-1.520203e+03
4.000000e-08	-8.057569e-09	-2.560013e-08	-5.661210e+01	-1.519854e+03
5.000000e-08	-8.042216e-09	-2.559478e-08	-5.650423e+01	-1.519454e+03
6.000000e-08	-8.024110e-09	-2.558835e-08	-5.637702e+01	-1.518958e+03
7.000000e-08	-8.003618e-09	-2.557416e-08	-5.623305e+01	-1.518336e+03
8.000000e-08	-7.980466e-09	-2.554726e-08	-5.607038e+01	-1.517579e+03
9.000000e-08	-7.954082e-09	-2.553894e-08	-5.588501e+01	-1.516704e+03
1.000000e-07	-7.924474e-09	-2.553317e-08	-5.567698e+01	-1.515747e+03
1.100000e-07	-7.891961e-09	-2.551901e-08	-5.544855e+01	-1.514740e+03
1.200000e-07	-7.856696e-09	-2.550930e-08	-5.520077e+01	-1.513709e+03
1.300000e-07	-7.818994e-09	-2.550372e-08	-5.493588e+01	-1.512658e+03
1.400000e-07	-7.779122e-09	-2.548669e-08	-5.465574e+01	-1.511574e+03
1.500000e-07	-7.736728e-09	-2.544581e-08	-5.435788e+01	-1.510436e+03
1.600000e-07	-7.691497e-09	-2.545141e-08	-5.404009e+01	-1.509225e+03
1.700000e-07	-7.643591e-09	-2.539428e-08	-5.370350e+01	-1.507932e+03
1.800000e-07	-7.592713e-09	-2.536943e-08	-5.334604e+01	-1.506560e+03
1.900000e-07	-7.538765e-09	-2.538035e-08	-5.296701e+01	-1.505116e+03
2.000000e-07	-7.482097e-09	-2.533421e-08	-5.256886e+01	-1.503606e+03
2.100000e-07	-7.422707e-09	-2.532270e-08	-5.215158e+01	-1.502025e+03
2.200000e-07	-7.360709e-09	-2.527418e-08	-5.171599e+01	-1.500356e+03
2.300000e-07	-7.296034e-09	-2.524614e-08	-5.126158e+01	-1.498579e+03
2.400000e-07	-7.228552e-09	-2.520891e-08	-5.078746e+01	-1.496673e+03
2.500000e-07	-7.158453e-09	-2.516650e-08	-5.029494e+01	-1.494634e+03
2.600000e-07	-7.085692e-09	-2.514073e-08	-4.978373e+01	-1.492472e+03
2.700000e-07	-7.010130e-09	-2.511193e-08	-4.925283e+01	-1.490214e+03
2.800000e-07	-6.931794e-09	-2.508986e-08	-4.870244e+01	-1.487890e+03
2.900000e-07	-6.850784e-09	-2.503571e-08	-4.813327e+01	-1.485520e+03
3.000000e-07	-6.767349e-09	-2.498848e-08	-4.754706e+01	-1.483110e+03
3.100000e-07	-6.681681e-09	-2.494196e-08	-4.694517e+01	-1.480641e+03
3.200000e-07	-6.593735e-09	-2.489729e-08	-4.632726e+01	-1.478082e+03
3.300000e-07	-6.503440e-09	-2.485890e-08	-4.569285e+01	-1.475403e+03
3.400000e-07	-6.410832e-09	-2.481490e-08	-4.504219e+01	-1.472581e+03
3.500000e-07	-6.315922e-09	-2.477808e-08	-4.437535e+01	-1.469619e+03
3.600000e-07	-6.218659e-09	-2.473046e-08	-4.369199e+01	-1.466534e+03
3.700000e-07	-6.119099e-09	-2.466781e-08	-4.299248e+01	-1.463359e+03
3.800000e-07	-6.017349e-09	-2.460047e-08	-4.227759e+01	-1.460120e+03
3.900000e-07	-5.913424e-09	-2.454350e-08	-4.154742e+01	-1.456827e+03
4.000000e-07	-5.807339e-09	-2.449522e-08	-4.080207e+01	-1.453471e+03
4.100000e-07	-5.699197e-09	-2.444185e-08	-4.004227e+01	-1.450021e+03
4.200000e-07	-5.589041e-09	-2.438533e-08	-3.926832e+01	-1.446444e+03
4.300000e-07	-5.476817e-09	-2.432606e-08	-3.847984e+01	-1.442712e+03
4.400000e-07	-5.362448e-09	-2.426464e-08	-3.767629e+01	-1.438821e+03
4.500000e-07	-5.245949e-09	-2.419076e-08	-3.685777e+01	-1.434785e+03
4.600000e-07	-5.127466e-09	-2.411131e-08	-3.602531e+01	-1.430638e+03
4.700000e-07	-5.007116e-09	-2.404230e-08	-3.517974e+01	-1.426410e+03
4.800000e-07	-4.884945e-09	-2.398107e-08	-3.432137e+01	-1.422119e+03
4.900000e-07	-4.760996e-09	-2.391254e-08	-3.345051e+01	-1.417760e+03
5.000000e-07	-4.635355e-09	-2.383275e-08	-3.256776e+01	-1.413302e+03
5.100000e-07	-4.508053e-09	-2.375177e-08	-3.167334e+01	-1.408707e+03
5.200000e-07	-4.379109e-09	-2.367287e-08	-3.076738e+01	-1.403938e+03
5.300000e-07	-4.248595e-09	-2.358877e-08	-2.985040e+01	-1.398978e+03
5.400000e-07	-4.116552e-09	-2.349984e-08	-2.892268e+01	-1.393833e+03
5.500000e-07	-3.983010e-09	-2.341313e-08	-2.798441e+01	-1.388532e+03
5.600000e-07	-3.847954e-09	-2.333068e-08	-2.703551e+01	-1.383109e+03
5.700000e-07	-3.711474e-09	-2.323996e-08	-2.607662e+01	-1.377591e+03
5.800000e-07	-3.573702e-09	-2.313891e-08	-2.510863e+01	-1.371983e+03
5.900000e-07	-3.434551e-09	-2.303864e-08	-2.413097e+01	-1.366265e+03
6.000000e-07	-3.293891e-09	-2.294322e-08	-2.314270e+01	-1.360401e+03
6.100000e-07	-3.151869e-09	-2.284498e-08	-2.214486e+01	-1.354351e+03
6.200000e-07	-3.008694e-09	-2.273913e-08	-2.113892e+01	-1.348089e+03
6.300000e-07	-2.864395e-09	-2.263546e-08	-2.012508e+01	-1.341610e+03
6.400000e-07	-2.719019e-09	-2.252906e-08	-1.910367e+01	-1.334929e+03
6.500000e-07	-2.572660e-09	-2.241429e-08	-1.807536e+01	-1.328075e+03
6.600000e-07	-2.425435e-09	-2.228963e-08	-1.704096e+01	-1.321070e+03
6.700000e-07	-2.277440e-09	-2.216583e-08	-1.600116e+01	-1.313918e+03
6.800000e-07	-2.128701e-09	-2.204622e-08	-1.495612e+01	-1.306600e+03
6.900000e-07	-1.979244e-09	-2.192343e-08	-1.390604e+01	-1.299082e+03
7.000000e-07	-1.829120e-09	-2.179506e-08	-1.285128e+01	-1.291322e+03
7.100000e-07	-1.678356e-09	-2.166289e-08	-1.179201e+01	-1.283289e+03
7.200000e-07	-1.526971e-09	-2.152760e-08	-1.072839e+01	-1.274971e+03
7.300000e-07	-1.375035e-09	-2.138315e-08	-9.660897e+00	-1.266377e+03
7.400000e-07	-1.222609e-09	-2.123112e-08	-8.589958e+00	-1.257527e+03
7.500000e-07	-1.069724e-09	-2.107679e-08	-7.515798e+00	-1.248434e+03
7.600000e-07	-9.164145e-10	-2.092346e-08	-6.438649e+00	-1.239092e+03
7.700000e-07	-7.627623e-10	-2.076453e-08	-5.359097e+00	-1.229468e+03
7.800000e-07	-6.088422e-10	-2.059676e-08	-4.277663e+00	-1.219504e+03
7.900000e-07	-4.546795e-10	-2.042077e-08	-3.194523e+00	-1.209130e+03
8.000000e-07	-3.003484e-10	-2.023883e-08	-2.110200e+00	-1.198275e+03
8.100000e-07	-1.459145e-10	-2.005054e-08	-1.025155e+00	-1.186878e+03
8.200000e-07	8.585259e-12	-1.984938e-08	6.035248e-02	-1.174887e+03
8.300000e-07	1.630801e-10	-1.963573e-08	1.145825e+00	-1.162256e+03
8.400000e-07	3.174931e-10	-1.941074e-08	2.230723e+00	-1.148926e+03
8.500000e-07	4.717877e-10	-1.917471e-08	3.314789e+00	-1.134821e+03
8.600000e-07	6.258873e-10	-1.892128e-08	4.397485e+00	-1.119847e+03
8.700000e-07	7.797326e-10	-1.864808e-08	5.478394e+00	-1.103903e+03
8.800000e-07	9.332944e-10	-1.835933e-08	6.557310e+00	-1.086896e+03
8.900000e-07	1.086517e-09	-1.805651e-08	7.633845e+00	-1.068761e+03
9.000000e-07	1.239333e-09	-1.773556e-08	8.707523e+00	-1.049459e+03
9.100000e-07	1.391675e-09	-1.739053e-08	9.777866e+00	-1.028968e+03
9.200000e-07	1.543507e-09	-1.702265e-08	1.084463e+01	-1.007254e+03
9.300000e-07	1.694789e-09	-1.663275e-08	1.190753e+01	-9.842422e+02
9.400000e-07	1.845483e-09	-1.621907e-08	1.296630e+01	-9.597893e+02
9.500000e-07	1.995521e-09	-1.577396e-08	1.402046e+01	-9.336755e+02
9.600000e-07	2.144817e-09	-1.529539e-08	1.506941e+01	-9.056106e+02
9.700000e-07	2.293342e-09	-1.478393e-08	1.611294e+01	-8.752464e+02
9.800000e-07	2.441081e-09	-1.422987e-08	1.715094e+01	-8.421784e+02
9.900000e-07	2.587959e-09	-1.361738e-08	1.818291e+01	-8.059200e+02
1.000000e-06	2.733916e-09	-1.293460e-08	1.920839e+01	-7.658422e+02
1.010000e-06	2.878904e-09	-1.217225e-08	2.022707e+01	-7.210927e+02
1.020000e-06	3.022859e-09	-1.131093e-08	2.123849e+01	-6.705233e+02
1.030000e-06	3.165711e-09	-1.032461e-08	2.224216e+01	-6.126704e+02
1.040000e-06	3.307335e-09	-9.185412e-09	2.323721e+01	-5.458312e+02
1.050000e-06	3.447653e-09	-7.866593e-09	2.422307e+01	-4.682578e+02
1.060000e-06	3.586645e-09	-6.337455e-09	2.519963e+01	-3.784611e+02
1.070000e-06	3.724263e-09	-4.574242e-09	2.616652e+01	-2.755759e+02
1.080000e-06	3.860478e-09	-2.582370e-09	2.712356e+01	-1.597087e+02
1.090000e-06	3.995302e-09	-4.040021e-10	2.807083e+01	-3.217620e+01
1.100000e-06	4.128701e-09	1.907258e-09	2.900808e+01	1.044418e+02
1.110000e-06	4.260609e-09	4.309028e-09	2.993486e+01	2.464767e+02
1.120000e-06	4.390995e-09	6.749639e-09	3.085095e+01	3.895576e+02
1.130000e-06	4.519816e-09	9.137064e-09	3.175604e+01	5.291420e+02
1.140000e-06	4.647025e-09	1.137168e-08	3.264980e+01	6.610835e+02
1.150000e-06	4.772620e-09	1.339749e-08	3.353223e+01	7.821196e+02
1.160000e-06	4.896542e-09	1.519211e-08	3.440290e+01	8.901814e+02
1.170000e-06	5.018705e-09	1.675139e-08	3.526121e+01	9.844729e+02
1.180000e-06	5.139072e-09	1.808897e-08	3.610690e+01	1.065327e+03
1.190000e-06	5.257569e-09	1.922888e-08	3.693945e+01	1.133898e+03
1.200000e-06	5.374070e-09	2.019718e-08	3.775798e+01	1.191781e+03
1.210000e-06	5.488468e-09	2.101704e-08	3.856174e+01	1.240651e+03
1.220000e-06	5.600758e-09	2.170804e-08	3.935068e+01	1.282013e+03
1.230000e-06	5.711051e-09	2.228898e-08	4.012559e+01	1.317075e+03
1.240000e-06	5.819393e-09	2.277715e-08	4.088680e+01	1.346749e+03
1.250000e-06	5.925670e-09	2.318548e-08	4.163350e+01	1.371737e+03
1.260000e-06	6.029799e-09	2.352470e-08	4.236510e+01	1.392644e+03
1.270000e-06	6.131755e-09	2.380883e-08	4.308144e+01	1.410054e+03
1.280000e-06	6.231489e-09	2.405022e-08	4.378216e+01	1.424571e+03
1.290000e-06	6.328897e-09	2.425727e-08	4.446655e+01	1.436790e+03
1.300000e-06	6.424008e-09	2.443439e-08	4.513479e+01	1.447244e+03
1.310000e-06	6.516925e-09	2.458646e-08	4.578763e+01	1.456350e+03
1.320000e-06	6.607571e-09	2.471852e-08	4.642450e+01	1.464382e+03
1.330000e-06	6.695833e-09	2.483341e-08	4.704462e+01	1.471484e+03
1.340000e-06	6.781769e-09	2.493221e-08	4.764841e+01	1.477715e+03
1.350000e-06	6.865395e-09	2.501777e-08	4.823596e+01	1.483112e+03
1.360000e-06	6.946587e-09	2.509361e-08	4.880641e+01	1.487741e+03
1.370000e-06	7.025254e-09	2.516175e-08	4.935912e+01	1.491716e+03
1.380000e-06	7.101308e-09	2.522339e-08	4.989347e+01	1.495191e+03
1.390000e-06	7.174674e-09	2.527776e-08	5.040893e+01	1.498325e+03
1.400000e-06	7.245457e-09	2.532525e-08	5.090625e+01	1.501243e+03
1.410000e-06	7.313719e-09	2.536936e-08	5.138586e+01	1.504008e+03
1.420000e-06	7.379339e-09	2.541080e-08	5.184690e+01	1.506615e+03
1.430000e-06	7.442352e-09	2.544735e-08	5.228962e+01	1.509018e+03
1.440000e-06	7.502869e-09	2.547931e-08	5.271482e+01	1.511163e+03
1.450000e-06	7.560769e-09	2.550879e-08	5.312162e+01	1.513024e+03
1.460000e-06	7.615919e-09	2.553655e-08	5.350910e+01	1.514620e+03
1.470000e-06	7.668096e-09	2.555997e-08	5.387569e+01	1.516012e+03
1.480000e-06	7.717100e-09	2.557988e-08	5.421999e+01	1.517284e+03
1.490000e-06	7.763183e-09	2.559987e-08	5.454376e+01	1.518502e+03
1.500000e-06	7.806548e-09	2.561947e-08	5.484844e+01	1.519700e+03
1.510000e-06	7.847102e-09	2.563575e-08	5.513337e+01	1.520865e+03
1.520000e-06	7.884913e-09	2.564818e-08	5.539903e+01	1.521947e+03
1.530000e-06	7.920005e-09	2.566057e-08	5.564559e+01	1.522889e+03
1.540000e-06	7.952264e-09	2.567340e-08	5.587224e+01	1.523649e+03
1.550000e-06	7.981799e-09	2.568283e-08	5.607975e+01	1.524225e+03
1.560000e-06	8.008562e-09	2.568904e-08	5.626778e+01	1.524651e+03
1.570000e-06	8.032389e-09	2.569462e-08	5.643519e+01	1.524985e+03
1.580000e-06	8.053442e-09	2.570058e-08	5.658311e+01	1.525284e+03
1.590000e-06	8.071772e-09	2.570339e-08	5.671190e+01	1.525583e+03
1.600000e-06	8.087147e-09	2.570309e-08	5.681992e+01	1.525881e+03
1.610000e-06	8.099391e-09	2.570327e-08	5.690595e+01	1.526144e+03
1.620000e-06	8.108507e-09	2.570366e-08	5.696999e+01	1.526323e+03
1.630000e-06	8.114728e-09	2.570242e-08	5.701370e+01	1.526378e+03
1.640000e-06	8.118145e-09	2.569953e-08	5.703771e+01	1.526292e+03
1.650000e-06	8.118685e-09	2.569769e-08	5.704150e+01	1.526082e+03
1.660000e-06	8.116527e-09	2.569697e-08	5.702634e+01	1.525787e+03
1.670000e-06	8.111715e-09	2.569216e-08	5.699253e+01	1.525454e+03
1.680000e-06	8.104164e-09	2.568416e-08	5.693947e+01	1.525116e+03
1.690000e-06	8.093901e-09	2.567529e-08	5.686737e+01	1.524780e+03
1.700000e-06	8.080784e-09	2.566431e-08	5.677521e+01	1.524421e+03
1.710000e-06	8.064939e-09	2.565178e-08	5.666388e+01	1.524000e+03
1.720000e-06	8.046730e-09	2.564212e-08	5.653594e+01	1.523474e+03
1.730000e-06	8.026059e-09	2.565674e-08	5.639071e+01	1.522817e+03
1.740000e-06	8.002225e-09	2.564174e-08	5.622326e+01	1.522027e+03
1.750000e-06	7.974586e-09	2.561957e-08	5.602907e+01	1.521127e+03
1.760000e-06	7.943377e-09	2.560195e-08	5.580979e+01	1.520154e+03
1.770000e-06	7.909449e-09	2.556836e-08	5.557141e+01	1.519139e+03
1.780000e-06	7.873229e-09	2.553117e-08	5.531693e+01	1.518102e+03
1.790000e-06	7.834769e-09	2.554843e-08	5.504672e+01	1.517043e+03
1.800000e-06	7.794258e-09	2.551665e-08	5.476209e+01	1.515947e+03
1.810000e-06	7.751313e-09	2.547018e-08	5.446036e+01	1.514791e+03
1.820000e-06	7.705639e-09	2.549451e-08	5.413946e+01	1.513559e+03
1.830000e-06	7.657196e-09	2.542487e-08	5.379910e+01	1.512245e+03
1.840000e-06	7.605546e-09	2.542545e-08	5.343621e+01	1.510853e+03
1.850000e-06	7.550890e-09	2.539363e-08	5.305220e+01	1.509392e+03
1.860000e-06	7.493490e-09	2.534436e-08	5.264891e+01	1.507864e+03
1.870000e-06	7.433489e-09	2.536035e-08	5.222734e+01	1.506262e+03
1.880000e-06	7.370938e-09	2.530557e-08	5.178786e+01	1.504567e+03
1.890000e-06	7.305563e-09	2.529498e-08	5.132854e+01	1.502758e+03
1.900000e-06	7.237478e-09	2.525019e-08	5.085018e+01	1.500818e+03
1.910000e-06	7.166564e-09	2.521128e-08	5.035193e+01	1.498745e+03
1.920000e-06	7.092890e-09	2.517610e-08	4.983431e+01	1.496556e+03
1.930000e-06	7.016550e-09	2.511834e-08	4.929795e+01	1.494278e+03
1.940000e-06	6.937462e-09	2.510752e-08	4.874228e+01	1.491940e+03
1.950000e-06	6.855938e-09	2.505565e-08	4.816949e+01	1.489560e+03
1.960000e-06	6.771988e-09	2.503349e-08	4.757966e+01	1.487136e+03
1.970000e-06	6.685549e-09	2.498419e-08	4.697234e+01	1.484647e+03
1.980000e-06	6.596676e-09	2.492532e-08	4.634793e+01	1.482060e+03
1.990000e-06	6.505518e-09	2.487966e-08	4.570745e+01	1.479345e+03
2.000000e-06	6.412099e-09	2.481594e-08	4.505109e+01	1.476487e+03
2.010000e-06	6.316333e-09	2.477727e-08	4.437824e+01	1.473490e+03
2.020000e-06	6.218366e-09	2.472177e-08	4.368994e+01	1.470379e+03
2.030000e-06	6.118178e-09	2.469008e-08	4.298602e+01	1.467185e+03
2.040000e-06	6.015733e-09	2.463286e-08	4.226624e+01	1.463931e+03
2.050000e-06	5.911086e-09	2.457320e-08	4.153100e+01	1.460624e+03
2.060000e-06	5.804405e-09	2.450248e-08	4.078146e+01	1.457247e+03
2.070000e-06	5.695728e-09	2.443525e-08	4.001790e+01	1.453767e+03
2.080000e-06	5.584970e-09	2.437680e-08	3.923972e+01	1.450152e+03
2.090000e-06	5.472090e-09	2.430910e-08	3.844663e+01	1.446379e+03
2.100000e-06	5.357056e-09	2.425513e-08	3.763841e+01	1.442449e+03
2.110000e-06	5.239948e-09	2.418827e-08	3.681562e+01	1.438381e+03
2.120000e-06	5.120788e-09	2.412291e-08	3.597840e+01	1.434210e+03
2.130000e-06	4.999743e-09	2.403951e-08	3.512795e+01	1.429965e+03
2.140000e-06	4.876932e-09	2.396163e-08	3.426508e+01	1.425657e+03
2.150000e-06	4.752368e-09	2.388660e-08	3.338990e+01	1.421276e+03
2.160000e-06	4.626080e-09	2.381678e-08	3.250261e+01	1.416787e+03
2.170000e-06	4.498124e-09	2.374063e-08	3.160359e+01	1.412150e+03
2.180000e-06	4.368592e-09	2.365839e-08	3.069350e+01	1.407333e+03
2.190000e-06	4.237531e-09	2.357286e-08	2.977267e+01	1.402324e+03
2.200000e-06	4.104968e-09	2.348223e-08	2.884129e+01	1.397136e+03
2.210000e-06	3.970939e-09	2.338789e-08	2.789961e+01	1.391801e+03
2.220000e-06	3.835458e-09	2.329403e-08	2.694773e+01	1.386351e+03
2.230000e-06	3.698517e-09	2.320732e-08	2.598559e+01	1.380810e+03
2.240000e-06	3.560217e-09	2.311795e-08	2.501390e+01	1.375176e+03
2.250000e-06	3.420599e-09	2.302283e-08	2.403295e+01	1.369425e+03
2.260000e-06	3.279695e-09	2.291603e-08	2.304296e+01	1.363517e+03
2.270000e-06	3.137535e-09	2.280653e-08	2.204415e+01	1.357415e+03
2.280000e-06	2.994195e-09	2.269188e-08	2.103706e+01	1.351097e+03
2.290000e-06	2.849760e-09	2.257989e-08	2.002226e+01	1.344564e+03
2.300000e-06	2.704325e-09	2.246860e-08	1.900044e+01	1.337837e+03
2.310000e-06	2.557971e-09	2.236065e-08	1.797216e+01	1.330943e+03
2.320000e-06	2.410719e-09	2.224819e-08	1.693758e+01	1.323900e+03
2.330000e-06	2.262633e-09	2.212537e-08	1.589713e+01	1.316708e+03
2.340000e-06	2.113737e-09	2.199305e-08	1.485099e+01	1.309344e+03
2.350000e-06	1.964074e-09	2.185531e-08	1.379947e+01	1.301768e+03
2.360000e-06	1.813741e-09	2.171758e-08	1.274323e+01	1.293941e+03
2.370000e-06	1.662832e-09	2.158036e-08	1.168296e+01	1.285836e+03
2.380000e-06	1.511357e-09	2.144462e-08	1.061869e+01	1.277447e+03
2.390000e-06	1.359318e-09	2.130416e-08	9.550481e+00	1.268786e+03
2.400000e-06	1.206758e-09	2.115723e-08	8.478595e+00	1.259873e+03
2.410000e-06	1.053742e-09	2.099940e-08	7.403509e+00	1.250719e+03
2.420000e-06	9.003549e-10	2.083420e-08	6.325821e+00	1.241309e+03
2.430000e-06	7.466618e-10	2.066360e-08	5.245980e+00	1.231606e+03
2.440000e-06	5.927211e-10	2.049027e-08	4.164401e+00	1.221545e+03
2.450000e-06	4.385850e-10	2.031376e-08	3.081448e+00	1.211056e+03
2.460000e-06	2.842742e-10	2.013201e-08	1.997268e+00	1.200070e+03
2.470000e-06	1.298470e-10	1.994193e-08	9.122703e-01	1.188528e+03
2.480000e-06	-2.460773e-11	1.974004e-08	-1.729205e-01	1.176381e+03
2.490000e-06	-1.790267e-10	1.952475e-08	-1.257861e+00	1.163581e+03
2.500000e-06	-3.333552e-10	1.929461e-08	-2.342165e+00	1.150064e+03
2.510000e-06	-4.875352e-10	1.905043e-08	-3.425426e+00	1.135750e+03
2.520000e-06	-6.415138e-10	1.879234e-08	-4.507273e+00	1.120542e+03
2.530000e-06	-7.952495e-10	1.852068e-08	-5.587412e+00	1.104339e+03
2.540000e-06	-9.486897e-10	1.823103e-08	-6.665475e+00	1.087054e+03
2.550000e-06	-1.101758e-09	1.792263e-08	-7.740928e+00	1.068629e+03
2.560000e-06	-1.254398e-09	1.759540e-08	-8.813367e+00	1.049031e+03
2.570000e-06	-1.406536e-09	1.724850e-08	-9.882287e+00	1.028237e+03
2.580000e-06	-1.558128e-09	1.687924e-08	-1.094736e+01	1.006208e+03
2.590000e-06	-1.709163e-09	1.648531e-08	-1.200853e+01	9.828510e+02
2.600000e-06	-1.859593e-09	1.606696e-08	-1.306544e+01	9.580055e+02
2.610000e-06	-2.009352e-09	1.561930e-08	-1.411764e+01	9.314327e+02
2.620000e-06	-2.158373e-09	1.513858e-08	-1.516466e+01	9.028267e+02
2.630000e-06	-2.306619e-09	1.462012e-08	-1.620623e+01	8.718261e+02
2.640000e-06	-2.454052e-09	1.405724e-08	-1.724209e+01	8.380096e+02
2.650000e-06	-2.600623e-09	1.344028e-08	-1.827189e+01	8.008616e+02
2.660000e-06	-2.746287e-09	1.275500e-08	-1.929531e+01	7.597054e+02
2.670000e-06	-2.890965e-09	1.198436e-08	-2.031182e+01	7.136203e+02
2.680000e-06	-3.034568e-09	1.111047e-08	-2.132076e+01	6.613778e+02
2.690000e-06	-3.177007e-09	1.011265e-08	-2.232154e+01	6.014431e+02
2.700000e-06	-3.318212e-09	8.963340e-09	-2.331363e+01	5.320791e+02
2.710000e-06	-3.458142e-09	7.630938e-09	-2.429677e+01	4.515706e+02
2.720000e-06	-3.596788e-09	6.086444e-09	-2.527089e+01	3.585495e+02
2.730000e-06	-3.734116e-09	4.314516e-09	-2.623575e+01	2.523635e+02
2.740000e-06	-3.870054e-09	2.325193e-09	-2.719084e+01	1.334054e+02
2.750000e-06	-4.004569e-09	1.590412e-10	-2.813594e+01	3.311546e+00
2.760000e-06	-4.137638e-09	-2.128309e-09	-2.907087e+01	-1.350410e+02
2.770000e-06	-4.269232e-09	-4.487506e-09	-2.999545e+01	-2.777645e+02
2.780000e-06	-4.399349e-09	-6.873874e-09	-3.090965e+01	-4.203922e+02
2.790000e-06	-4.527956e-09	-9.215292e-09	-3.181324e+01	-5.584282e+02
2.800000e-06	-4.654951e-09	-1.141417e-08	-3.270549e+01	-6.879071e+02
2.810000e-06	-4.780264e-09	-1.340630e-08	-3.358593e+01	-8.058443e+02
2.820000e-06	-4.903876e-09	-1.517042e-08	-3.445443e+01	-9.104909e+02
2.830000e-06	-5.025754e-09	-1.670504e-08	-3.531074e+01	-1.001355e+03
2.840000e-06	-5.145789e-09	-1.802352e-08	-3.615410e+01	-1.079007e+03
2.850000e-06	-5.263834e-09	-1.914804e-08	-3.698348e+01	-1.144749e+03
2.860000e-06	-5.379777e-09	-2.010232e-08	-3.779809e+01	-1.200225e+03
2.870000e-06	-5.493509e-09	-2.090847e-08	-3.859716e+01	-1.247088e+03
2.880000e-06	-5.605043e-09	-2.158632e-08	-3.938079e+01	-1.286776e+03
2.890000e-06	-5.714502e-09	-2.215696e-08	-4.014984e+01	-1.320416e+03
2.900000e-06	-5.821996e-09	-2.263781e-08	-4.090509e+01	-1.348859e+03
2.910000e-06	-5.927551e-09	-2.304211e-08	-4.164672e+01	-1.372773e+03
2.920000e-06	-6.030997e-09	-2.338213e-08	-4.237352e+01	-1.392751e+03
2.930000e-06	-6.132208e-09	-2.366778e-08	-4.308463e+01	-1.409382e+03
2.940000e-06	-6.231229e-09	-2.391058e-08	-4.378034e+01	-1.423271e+03
2.950000e-06	-6.328113e-09	-2.411688e-08	-4.446104e+01	-1.435003e+03
2.960000e-06	-6.422776e-09	-2.429236e-08	-4.512614e+01	-1.445088e+03
2.970000e-06	-6.515118e-09	-2.444232e-08	-4.577494e+01	-1.453906e+03
2.980000e-06	-6.605193e-09	-2.457257e-08	-4.640780e+01	-1.461697e+03
2.990000e-06	-6.692964e-09	-2.468731e-08	-4.702447e+01	-1.468578e+03
3.000000e-06	-6.778281e-09	-2.478817e-08	-4.762391e+01	-1.474598e+03
3.010000e-06	-6.861166e-09	-2.487656e-08	-4.820625e+01	-1.479797e+03
3.020000e-06	-6.941665e-09	-2.495400e-08	-4.877183e+01	-1.484250e+03
3.030000e-06	-7.019569e-09	-2.502229e-08	-4.931918e+01	-1.488085e+03
3.040000e-06	-7.094757e-09	-2.508198e-08	-4.984745e+01	-1.491462e+03
3.050000e-06	-7.167348e-09	-2.513522e-08	-5.035747e+01	-1.494534e+03
3.060000e-06	-7.237351e-09	-2.518443e-08	-5.084930e+01	-1.497411e+03
3.070000e-06	-7.304757e-09	-2.523105e-08	-5.132290e+01	-1.500140e+03
3.080000e-06	-7.369626e-09	-2.527409e-08	-5.177866e+01	-1.502702e+03
3.090000e-06	-7.431872e-09	-2.531399e-08	-5.221600e+01	-1.505046e+03
3.100000e-06	-7.491435e-09	-2.535032e-08	-5.263449e+01	-1.507122e+03
3.110000e-06	-7.548318e-09	-2.538330e-08	-5.303415e+01	-1.508913e+03
3.120000e-06	-7.602382e-09	-2.541189e-08	-5.341399e+01	-1.510452e+03
3.130000e-06	-7.653442e-09	-2.543717e-08	-5.377274e+01	-1.511808e+03
3.140000e-06	-7.701404e-09	-2.546090e-08	-5.410971e+01	-1.513062e+03
3.150000e-06	-7.746563e-09	-2.548341e-08	-5.442700e+01	-1.514275e+03
3.160000e-06	-7.789278e-09	-2.550530e-08	-5.472711e+01	-1.515468e+03
3.170000e-06	-7.829416e-09	-2.552516e-08	-5.500912e+01	-1.516619e+03
3.180000e-06	-7.866748e-09	-2.554346e-08	-5.527141e+01	-1.517672e+03
3.190000e-06	-7.901314e-09	-2.555821e-08	-5.551427e+01	-1.518572e+03
3.200000e-06	-7.933114e-09	-2.557039e-08	-5.573769e+01	-1.519286e+03
3.210000e-06	-7.961995e-09	-2.558269e-08	-5.594061e+01	-1.519821e+03
3.220000e-06	-7.988048e-09	-2.559303e-08	-5.612366e+01	-1.520218e+03
3.230000e-06	-8.011317e-09	-2.560056e-08	-5.628715e+01	-1.520539e+03
3.240000e-06	-8.031703e-09	-2.560853e-08	-5.643037e+01	-1.520838e+03
3.250000e-06	-8.049294e-09	-2.561573e-08	-5.655397e+01	-1.521139e+03
3.260000e-06	-8.063951e-09	-2.562000e-08	-5.665695e+01	-1.521433e+03
3.270000e-06	-8.075468e-09	-2.562355e-08	-5.673787e+01	-1.521680e+03
3.280000e-06	-8.084033e-09	-2.562895e-08	-5.679804e+01	-1.521833e+03
3.290000e-06	-8.089700e-09	-2.563249e-08	-5.683786e+01	-1.521853e+03
3.300000e-06	-8.092531e-09	-2.563196e-08	-5.685775e+01	-1.521735e+03
3.310000e-06	-8.092632e-09	-2.562842e-08	-5.685846e+01	-1.521500e+03
