# Temperatura_=_47.36204545454546
# Concentracion g/m^3_=_23900.0
# C_Vs_to_Am_M_A/Vsm_=_59384043850.047264
# pendiente_HvsI_1/m_=_3716.3
# ordenada_HvsI_A/m_=_1297.0
# frecuencia_Hz_=_301102.53890976514
# Promedio de 44 ciclos

Tiempo_(s)	Campo_(V.s)	Magnetizacion_(V.s)	Campo_(kA/m)	Magnetizacion_(A/m)
0.000000e+00	-5.354920e-09	-1.515969e-08	-3.824663e+01	-8.984365e+02
1.000000e-08	-5.353162e-09	-1.516555e-08	-3.823407e+01	-8.988164e+02
2.000000e-08	-5.349516e-09	-1.516732e-08	-3.820803e+01	-8.989790e+02
3.000000e-08	-5.344178e-09	-1.516434e-08	-3.816991e+01	-8.989560e+02
4.000000e-08	-5.337246e-09	-1.515934e-08	-3.812040e+01	-8.987588e+02
5.000000e-08	-5.328618e-09	-1.515422e-08	-3.805878e+01	-8.983747e+02
6.000000e-08	-5.318038e-09	-1.514664e-08	-3.798321e+01	-8.977727e+02
7.000000e-08	-5.305458e-09	-1.513832e-08	-3.789336e+01	-8.969176e+02
8.000000e-08	-5.290863e-09	-1.511803e-08	-3.778912e+01	-8.957872e+02
9.000000e-08	-5.273985e-09	-1.507153e-08	-3.766857e+01	-8.943861e+02
1.000000e-07	-5.254889e-09	-1.503806e-08	-3.753218e+01	-8.927506e+02
1.100000e-07	-5.233886e-09	-1.502165e-08	-3.738217e+01	-8.909419e+02
1.200000e-07	-5.211179e-09	-1.500277e-08	-3.721999e+01	-8.890293e+02
1.300000e-07	-5.187057e-09	-1.500054e-08	-3.704771e+01	-8.870692e+02
1.400000e-07	-5.161508e-09	-1.493628e-08	-3.686523e+01	-8.850864e+02
1.500000e-07	-5.134162e-09	-1.485632e-08	-3.666991e+01	-8.830656e+02
1.600000e-07	-5.105062e-09	-1.487603e-08	-3.646207e+01	-8.809556e+02
1.700000e-07	-5.074386e-09	-1.482689e-08	-3.624297e+01	-8.786853e+02
1.800000e-07	-5.041869e-09	-1.474096e-08	-3.601072e+01	-8.761867e+02
1.900000e-07	-5.007412e-09	-1.471475e-08	-3.576462e+01	-8.734166e+02
2.000000e-07	-4.971306e-09	-1.464691e-08	-3.550674e+01	-8.703696e+02
2.100000e-07	-4.933551e-09	-1.461986e-08	-3.523708e+01	-8.670785e+02
2.200000e-07	-4.894062e-09	-1.458207e-08	-3.495504e+01	-8.636020e+02
2.300000e-07	-4.852805e-09	-1.446538e-08	-3.466037e+01	-8.600037e+02
2.400000e-07	-4.809596e-09	-1.440901e-08	-3.435176e+01	-8.563312e+02
2.500000e-07	-4.764528e-09	-1.437349e-08	-3.402987e+01	-8.526013e+02
2.600000e-07	-4.717734e-09	-1.430669e-08	-3.369565e+01	-8.487966e+02
2.700000e-07	-4.669171e-09	-1.423486e-08	-3.334880e+01	-8.448752e+02
2.800000e-07	-4.618658e-09	-1.414540e-08	-3.298802e+01	-8.407875e+02
2.900000e-07	-4.566076e-09	-1.408816e-08	-3.261246e+01	-8.364962e+02
3.000000e-07	-4.511683e-09	-1.402681e-08	-3.222397e+01	-8.319899e+02
3.100000e-07	-4.455766e-09	-1.392171e-08	-3.182459e+01	-8.272869e+02
3.200000e-07	-4.398274e-09	-1.382360e-08	-3.141396e+01	-8.224280e+02
3.300000e-07	-4.339068e-09	-1.376239e-08	-3.099109e+01	-8.174607e+02
3.400000e-07	-4.278306e-09	-1.370491e-08	-3.055711e+01	-8.124219e+02
3.500000e-07	-4.216164e-09	-1.359699e-08	-3.011327e+01	-8.073249e+02
3.600000e-07	-4.152618e-09	-1.350023e-08	-2.965940e+01	-8.021556e+02
3.700000e-07	-4.087543e-09	-1.342735e-08	-2.919462e+01	-7.968792e+02
3.800000e-07	-4.020785e-09	-1.333296e-08	-2.871781e+01	-7.914547e+02
3.900000e-07	-3.952450e-09	-1.322916e-08	-2.822974e+01	-7.858509e+02
4.000000e-07	-3.882788e-09	-1.312209e-08	-2.773219e+01	-7.800589e+02
4.100000e-07	-3.811886e-09	-1.303228e-08	-2.722578e+01	-7.740955e+02
4.200000e-07	-3.739718e-09	-1.294164e-08	-2.671034e+01	-7.679966e+02
4.300000e-07	-3.666116e-09	-1.283258e-08	-2.618465e+01	-7.618040e+02
4.400000e-07	-3.590897e-09	-1.272357e-08	-2.564741e+01	-7.555494e+02
4.500000e-07	-3.514142e-09	-1.261938e-08	-2.509921e+01	-7.492426e+02
4.600000e-07	-3.435994e-09	-1.251390e-08	-2.454104e+01	-7.428681e+02
4.700000e-07	-3.356455e-09	-1.239507e-08	-2.397295e+01	-7.363913e+02
4.800000e-07	-3.275560e-09	-1.228008e-08	-2.339517e+01	-7.297711e+02
4.900000e-07	-3.193445e-09	-1.217441e-08	-2.280868e+01	-7.229756e+02
5.000000e-07	-3.110279e-09	-1.206155e-08	-2.221468e+01	-7.159942e+02
5.100000e-07	-3.026187e-09	-1.193843e-08	-2.161407e+01	-7.088411e+02
5.200000e-07	-2.941206e-09	-1.181213e-08	-2.100711e+01	-7.015502e+02
5.300000e-07	-2.855275e-09	-1.169150e-08	-2.039336e+01	-6.941629e+02
5.400000e-07	-2.768421e-09	-1.156740e-08	-1.977302e+01	-6.867128e+02
5.500000e-07	-2.680734e-09	-1.143527e-08	-1.914673e+01	-6.792139e+02
5.600000e-07	-2.592131e-09	-1.130424e-08	-1.851390e+01	-6.716558e+02
5.700000e-07	-2.502443e-09	-1.117927e-08	-1.787331e+01	-6.640083e+02
5.800000e-07	-2.411655e-09	-1.105309e-08	-1.722488e+01	-6.562327e+02
5.900000e-07	-2.319955e-09	-1.091554e-08	-1.656992e+01	-6.482963e+02
6.000000e-07	-2.227527e-09	-1.077415e-08	-1.590977e+01	-6.401841e+02
6.100000e-07	-2.134389e-09	-1.063788e-08	-1.524455e+01	-6.319038e+02
6.200000e-07	-2.040500e-09	-1.049983e-08	-1.457396e+01	-6.234824e+02
6.300000e-07	-1.945901e-09	-1.035244e-08	-1.389831e+01	-6.149555e+02
6.400000e-07	-1.850685e-09	-1.020246e-08	-1.321824e+01	-6.063534e+02
6.500000e-07	-1.754855e-09	-1.006031e-08	-1.253379e+01	-5.976898e+02
6.600000e-07	-1.658355e-09	-9.918022e-09	-1.184456e+01	-5.889566e+02
6.700000e-07	-1.561177e-09	-9.766073e-09	-1.115048e+01	-5.801266e+02
6.800000e-07	-1.463328e-09	-9.611282e-09	-1.045161e+01	-5.711637e+02
6.900000e-07	-1.364816e-09	-9.461032e-09	-9.748003e+00	-5.620355e+02
7.000000e-07	-1.265710e-09	-9.307924e-09	-9.040154e+00	-5.527250e+02
7.100000e-07	-1.166128e-09	-9.143120e-09	-8.328910e+00	-5.432351e+02
7.200000e-07	-1.066170e-09	-8.975294e-09	-7.614978e+00	-5.335863e+02
7.300000e-07	-9.658902e-10	-8.813143e-09	-6.898743e+00	-5.238067e+02
7.400000e-07	-8.653210e-10	-8.652014e-09	-6.180444e+00	-5.139193e+02
7.500000e-07	-7.644995e-10	-8.484060e-09	-5.460343e+00	-5.039305e+02
7.600000e-07	-6.634350e-10	-8.311229e-09	-4.738507e+00	-4.938247e+02
7.700000e-07	-5.621479e-10	-8.139567e-09	-4.015081e+00	-4.835670e+02
7.800000e-07	-4.606720e-10	-7.965319e-09	-3.290306e+00	-4.731124e+02
7.900000e-07	-3.590349e-10	-7.781816e-09	-2.564380e+00	-4.624181e+02
8.000000e-07	-2.572740e-10	-7.592038e-09	-1.837570e+00	-4.514550e+02
8.100000e-07	-1.554130e-10	-7.403451e-09	-1.110044e+00	-4.402119e+02
8.200000e-07	-5.347113e-11	-7.213864e-09	-3.819417e-01	-4.286929e+02
8.300000e-07	4.850847e-11	-7.016484e-09	3.464306e-01	-4.169075e+02
8.400000e-07	1.504662e-10	-6.811249e-09	1.074647e+00	-4.048573e+02
8.500000e-07	2.523541e-10	-6.602822e-09	1.802364e+00	-3.925257e+02
8.600000e-07	3.541419e-10	-6.390179e-09	2.529366e+00	-3.798737e+02
8.700000e-07	4.558023e-10	-6.168695e-09	3.255459e+00	-3.668452e+02
8.800000e-07	5.572896e-10	-5.938619e-09	3.980315e+00	-3.533811e+02
8.900000e-07	6.585776e-10	-5.703593e-09	4.703748e+00	-3.394361e+02
9.000000e-07	7.596574e-10	-5.463568e-09	5.425695e+00	-3.249948e+02
9.100000e-07	8.605025e-10	-5.214332e-09	6.145964e+00	-3.100796e+02
9.200000e-07	9.610902e-10	-4.956073e-09	6.864396e+00	-2.947476e+02
9.300000e-07	1.061399e-09	-4.692684e-09	7.580833e+00	-2.790775e+02
9.400000e-07	1.161379e-09	-4.425508e-09	8.294927e+00	-2.631499e+02
9.500000e-07	1.260950e-09	-4.152282e-09	9.006099e+00	-2.470264e+02
9.600000e-07	1.360021e-09	-3.874217e-09	9.713697e+00	-2.307360e+02
9.700000e-07	1.458506e-09	-3.595530e-09	1.041710e+01	-2.142701e+02
9.800000e-07	1.556339e-09	-3.316336e-09	1.111586e+01	-1.975908e+02
9.900000e-07	1.653497e-09	-3.032853e-09	1.180980e+01	-1.806451e+02
1.000000e-06	1.749981e-09	-2.742969e-09	1.249892e+01	-1.633837e+02
1.010000e-06	1.845811e-09	-2.447873e-09	1.318337e+01	-1.457748e+02
1.020000e-06	1.941012e-09	-2.146750e-09	1.386332e+01	-1.278101e+02
1.030000e-06	2.035580e-09	-1.837475e-09	1.453876e+01	-1.095006e+02
1.040000e-06	2.129472e-09	-1.520510e-09	1.520937e+01	-9.086447e+01
1.050000e-06	2.222672e-09	-1.199266e-09	1.587504e+01	-7.191267e+01
1.060000e-06	2.315212e-09	-8.759431e-10	1.653599e+01	-5.263673e+01
1.070000e-06	2.407051e-09	-5.476878e-10	1.719194e+01	-3.300469e+01
1.080000e-06	2.498017e-09	-2.111433e-10	1.784165e+01	-1.296599e+01
1.090000e-06	2.587917e-09	1.342947e-10	1.848374e+01	7.536423e+00
1.100000e-06	2.676729e-09	4.894136e-10	1.911807e+01	2.855154e+01
1.110000e-06	2.764567e-09	8.542436e-10	1.974543e+01	5.010876e+01
1.120000e-06	2.851493e-09	1.228155e-09	2.036629e+01	7.221374e+01
1.130000e-06	2.937483e-09	1.610448e-09	2.098046e+01	9.485323e+01
1.140000e-06	3.022529e-09	2.001062e-09	2.158789e+01	1.180064e+02
1.150000e-06	3.106662e-09	2.399963e-09	2.218879e+01	1.416585e+02
1.160000e-06	3.189800e-09	2.806330e-09	2.278259e+01	1.658101e+02
1.170000e-06	3.271774e-09	3.221336e-09	2.336808e+01	1.904790e+02
1.180000e-06	3.352514e-09	3.646828e-09	2.394475e+01	2.156916e+02
1.190000e-06	3.432020e-09	4.082260e-09	2.451261e+01	2.414682e+02
1.200000e-06	3.510281e-09	4.526793e-09	2.507158e+01	2.678047e+02
1.210000e-06	3.587301e-09	4.980564e-09	2.562168e+01	2.946588e+02
1.220000e-06	3.662998e-09	5.442784e-09	2.616233e+01	3.219449e+02
1.230000e-06	3.737180e-09	5.910577e-09	2.669216e+01	3.495390e+02
1.240000e-06	3.809825e-09	6.379059e-09	2.721102e+01	3.772925e+02
1.250000e-06	3.881071e-09	6.846102e-09	2.771989e+01	4.050496e+02
1.260000e-06	3.950982e-09	7.311267e-09	2.821921e+01	4.326631e+02
1.270000e-06	4.019598e-09	7.773051e-09	2.870929e+01	4.600026e+02
1.280000e-06	4.086848e-09	8.227574e-09	2.918962e+01	4.869551e+02
1.290000e-06	4.152519e-09	8.673170e-09	2.965866e+01	5.134171e+02
1.300000e-06	4.216621e-09	9.109310e-09	3.011650e+01	5.392852e+02
1.310000e-06	4.279305e-09	9.532616e-09	3.056421e+01	5.644482e+02
1.320000e-06	4.340615e-09	9.940068e-09	3.100211e+01	5.887871e+02
1.330000e-06	4.400562e-09	1.033125e-08	3.143027e+01	6.121820e+02
1.340000e-06	4.458952e-09	1.070709e-08	3.184730e+01	6.345266e+02
1.350000e-06	4.515587e-09	1.106471e-08	3.225182e+01	6.557426e+02
1.360000e-06	4.570565e-09	1.140019e-08	3.264449e+01	6.757904e+02
1.370000e-06	4.623902e-09	1.171448e-08	3.302544e+01	6.946717e+02
1.380000e-06	4.675372e-09	1.201154e-08	3.339305e+01	7.124213e+02
1.390000e-06	4.724826e-09	1.229069e-08	3.374627e+01	7.290923e+02
1.400000e-06	4.772434e-09	1.255087e-08	3.408630e+01	7.447387e+02
1.410000e-06	4.818414e-09	1.279508e-08	3.441471e+01	7.594016e+02
1.420000e-06	4.862829e-09	1.302596e-08	3.473193e+01	7.731035e+02
1.430000e-06	4.905514e-09	1.324120e-08	3.503681e+01	7.858519e+02
1.440000e-06	4.946313e-09	1.343734e-08	3.532821e+01	7.976509e+02
1.450000e-06	4.985365e-09	1.361672e-08	3.560713e+01	8.085150e+02
1.460000e-06	5.022798e-09	1.378223e-08	3.587449e+01	8.184794e+02
1.470000e-06	5.058561e-09	1.393360e-08	3.612992e+01	8.276034e+02
1.480000e-06	5.092452e-09	1.407083e-08	3.637198e+01	8.359645e+02
1.490000e-06	5.124443e-09	1.419724e-08	3.660047e+01	8.436459e+02
1.500000e-06	5.154720e-09	1.431591e-08	3.681672e+01	8.507214e+02
1.510000e-06	5.183336e-09	1.442552e-08	3.702111e+01	8.572447e+02
1.520000e-06	5.210109e-09	1.452346e-08	3.721233e+01	8.632455e+02
1.530000e-06	5.234843e-09	1.461098e-08	3.738899e+01	8.687341e+02
1.540000e-06	5.257673e-09	1.469172e-08	3.755205e+01	8.737128e+02
1.550000e-06	5.278807e-09	1.476652e-08	3.770300e+01	8.781885e+02
1.560000e-06	5.298236e-09	1.483294e-08	3.784177e+01	8.821824e+02
1.570000e-06	5.315780e-09	1.489167e-08	3.796707e+01	8.857318e+02
1.580000e-06	5.331342e-09	1.494546e-08	3.807822e+01	8.888845e+02
1.590000e-06	5.344942e-09	1.499356e-08	3.817536e+01	8.916883e+02
1.600000e-06	5.356462e-09	1.503424e-08	3.825764e+01	8.941795e+02
1.610000e-06	5.365811e-09	1.506906e-08	3.832441e+01	8.963756e+02
1.620000e-06	5.373190e-09	1.510032e-08	3.837711e+01	8.982758e+02
1.630000e-06	5.378798e-09	1.512677e-08	3.841717e+01	8.998684e+02
1.640000e-06	5.382622e-09	1.514697e-08	3.844449e+01	9.011429e+02
1.650000e-06	5.384493e-09	1.516099e-08	3.845785e+01	9.021012e+02
1.660000e-06	5.384420e-09	1.517209e-08	3.845733e+01	9.027632e+02
1.670000e-06	5.382623e-09	1.518140e-08	3.844449e+01	9.031641e+02
1.680000e-06	5.379199e-09	1.518522e-08	3.842004e+01	9.033449e+02
1.690000e-06	5.374008e-09	1.518498e-08	3.838296e+01	9.033382e+02
1.700000e-06	5.366926e-09	1.518160e-08	3.833238e+01	9.031573e+02
1.710000e-06	5.358126e-09	1.517482e-08	3.826953e+01	9.027910e+02
1.720000e-06	5.347711e-09	1.516167e-08	3.819514e+01	9.022094e+02
1.730000e-06	5.335499e-09	1.513880e-08	3.810792e+01	9.013771e+02
1.740000e-06	5.321270e-09	1.514098e-08	3.800629e+01	9.002704e+02
1.750000e-06	5.304859e-09	1.514343e-08	3.788908e+01	8.988917e+02
1.760000e-06	5.285971e-09	1.510641e-08	3.775418e+01	8.972748e+02
1.770000e-06	5.264512e-09	1.505741e-08	3.760091e+01	8.954796e+02
1.780000e-06	5.241129e-09	1.497714e-08	3.743390e+01	8.935756e+02
1.790000e-06	5.216696e-09	1.496530e-08	3.725939e+01	8.916206e+02
1.800000e-06	5.191265e-09	1.500341e-08	3.707776e+01	8.896424e+02
1.810000e-06	5.164089e-09	1.490702e-08	3.688366e+01	8.876285e+02
1.820000e-06	5.134956e-09	1.487172e-08	3.667558e+01	8.855302e+02
1.830000e-06	5.104145e-09	1.488935e-08	3.645552e+01	8.832771e+02
1.840000e-06	5.071366e-09	1.480628e-08	3.622140e+01	8.808003e+02
1.850000e-06	5.036658e-09	1.479019e-08	3.597351e+01	8.780541e+02
1.860000e-06	5.000363e-09	1.472679e-08	3.571427e+01	8.750301e+02
1.870000e-06	4.962236e-09	1.461879e-08	3.544196e+01	8.717585e+02
1.880000e-06	4.922324e-09	1.463927e-08	3.515690e+01	8.682967e+02
1.890000e-06	4.880765e-09	1.458462e-08	3.486007e+01	8.647086e+02
1.900000e-06	4.837557e-09	1.448328e-08	3.455146e+01	8.610435e+02
1.910000e-06	4.792797e-09	1.442431e-08	3.423177e+01	8.573209e+02
1.920000e-06	4.746115e-09	1.434286e-08	3.389835e+01	8.535258e+02
1.930000e-06	4.697482e-09	1.432716e-08	3.355100e+01	8.496175e+02
1.940000e-06	4.647264e-09	1.423307e-08	3.319232e+01	8.455465e+02
1.950000e-06	4.595277e-09	1.412764e-08	3.282102e+01	8.412740e+02
1.960000e-06	4.541341e-09	1.412050e-08	3.243579e+01	8.367863e+02
1.970000e-06	4.485547e-09	1.404132e-08	3.203729e+01	8.320998e+02
1.980000e-06	4.428155e-09	1.393685e-08	3.162738e+01	8.272539e+02
1.990000e-06	4.369343e-09	1.381937e-08	3.120732e+01	8.222962e+02
2.000000e-06	4.308957e-09	1.375132e-08	3.077603e+01	8.172648e+02
2.010000e-06	4.246934e-09	1.369956e-08	3.033304e+01	8.121752e+02
2.020000e-06	4.183337e-09	1.357181e-08	2.987881e+01	8.070150e+02
2.030000e-06	4.118273e-09	1.349538e-08	2.941410e+01	8.017507e+02
2.040000e-06	4.051799e-09	1.341843e-08	2.893932e+01	7.963412e+02
2.050000e-06	3.983887e-09	1.333480e-08	2.845427e+01	7.907542e+02
2.060000e-06	3.914508e-09	1.322822e-08	2.795874e+01	7.849789e+02
2.070000e-06	3.843569e-09	1.309484e-08	2.745208e+01	7.790301e+02
2.080000e-06	3.771173e-09	1.301955e-08	2.693500e+01	7.729429e+02
2.090000e-06	3.697455e-09	1.291596e-08	2.640849e+01	7.667589e+02
2.100000e-06	3.622415e-09	1.280600e-08	2.587252e+01	7.605111e+02
2.110000e-06	3.545914e-09	1.269597e-08	2.532613e+01	7.542111e+02
2.120000e-06	3.467818e-09	1.259635e-08	2.476834e+01	7.478455e+02
2.130000e-06	3.388351e-09	1.250469e-08	2.420076e+01	7.413804e+02
2.140000e-06	3.307761e-09	1.237066e-08	2.362516e+01	7.347749e+02
2.150000e-06	3.226097e-09	1.225198e-08	2.304189e+01	7.279960e+02
2.160000e-06	3.143380e-09	1.213692e-08	2.245110e+01	7.210311e+02
2.170000e-06	3.059639e-09	1.202661e-08	2.185299e+01	7.138927e+02
2.180000e-06	2.974786e-09	1.190179e-08	2.124694e+01	7.066137e+02
2.190000e-06	2.888680e-09	1.176811e-08	2.063195e+01	6.992352e+02
2.200000e-06	2.801423e-09	1.165408e-08	2.000872e+01	6.917918e+02
2.210000e-06	2.713225e-09	1.153159e-08	1.937878e+01	6.842994e+02
2.220000e-06	2.624171e-09	1.140078e-08	1.874273e+01	6.767492e+02
2.230000e-06	2.534254e-09	1.126088e-08	1.810051e+01	6.691124e+02
2.240000e-06	2.443514e-09	1.113566e-08	1.745242e+01	6.613503e+02
2.250000e-06	2.352044e-09	1.101339e-08	1.679911e+01	6.534294e+02
2.260000e-06	2.259805e-09	1.087350e-08	1.614031e+01	6.453332e+02
2.270000e-06	2.166665e-09	1.072695e-08	1.547508e+01	6.370676e+02
2.280000e-06	2.072557e-09	1.058647e-08	1.480292e+01	6.286585e+02
2.290000e-06	1.977611e-09	1.045153e-08	1.412479e+01	6.201412e+02
2.300000e-06	1.882017e-09	1.030357e-08	1.344202e+01	6.115468e+02
2.310000e-06	1.785817e-09	1.015139e-08	1.275493e+01	6.028905e+02
2.320000e-06	1.688984e-09	1.000772e-08	1.206332e+01	5.941660e+02
2.330000e-06	1.591575e-09	9.866722e-09	1.136759e+01	5.853471e+02
2.340000e-06	1.493707e-09	9.711609e-09	1.066858e+01	5.763981e+02
2.350000e-06	1.395395e-09	9.549428e-09	9.966407e+00	5.672858e+02
2.360000e-06	1.296618e-09	9.395772e-09	9.260907e+00	5.579919e+02
2.370000e-06	1.197437e-09	9.244003e-09	8.552522e+00	5.485177e+02
2.380000e-06	1.097942e-09	9.080995e-09	7.841893e+00	5.388828e+02
2.390000e-06	9.981450e-10	8.910220e-09	7.129113e+00	5.291150e+02
2.400000e-06	8.979924e-10	8.746313e-09	6.413790e+00	5.192380e+02
2.410000e-06	7.974688e-10	8.583499e-09	5.695817e+00	5.092599e+02
2.420000e-06	6.966204e-10	8.410876e-09	4.975525e+00	4.991666e+02
2.430000e-06	5.955107e-10	8.231856e-09	4.253365e+00	4.889245e+02
2.440000e-06	4.941711e-10	8.057336e-09	3.529565e+00	4.784888e+02
2.450000e-06	3.926045e-10	7.883856e-09	2.804143e+00	4.678165e+02
2.460000e-06	2.908607e-10	7.700235e-09	2.077456e+00	4.568770e+02
2.470000e-06	1.889996e-10	7.507991e-09	1.349931e+00	4.456578e+02
2.480000e-06	8.704845e-11	7.314711e-09	6.217618e-01	4.341621e+02
2.490000e-06	-1.494405e-11	7.120479e-09	-1.067023e-01	4.223995e+02
2.500000e-06	-1.169064e-10	6.917755e-09	-8.349511e-01	4.103725e+02
2.510000e-06	-2.187583e-10	6.708076e-09	-1.562411e+00	3.980660e+02
2.520000e-06	-3.204788e-10	6.496458e-09	-2.288932e+00	3.854427e+02
2.530000e-06	-4.220675e-10	6.281457e-09	-3.014512e+00	3.724474e+02
2.540000e-06	-5.234624e-10	6.056212e-09	-3.738708e+00	3.590207e+02
2.550000e-06	-6.245951e-10	5.819383e-09	-4.461031e+00	3.451158e+02
2.560000e-06	-7.254327e-10	5.576039e-09	-5.181247e+00	3.307146e+02
2.570000e-06	-8.259714e-10	5.326192e-09	-5.899327e+00	3.158365e+02
2.580000e-06	-9.261980e-10	5.068357e-09	-6.615179e+00	3.005364e+02
2.590000e-06	-1.026071e-09	4.803233e-09	-7.328507e+00	2.848920e+02
2.600000e-06	-1.125556e-09	4.535596e-09	-8.039062e+00	2.689843e+02
2.610000e-06	-1.224662e-09	4.266882e-09	-8.746907e+00	2.528770e+02
2.620000e-06	-1.323400e-09	3.993286e-09	-9.452132e+00	2.366016e+02
2.630000e-06	-1.421728e-09	3.714511e-09	-1.015442e+01	2.201526e+02
2.640000e-06	-1.519566e-09	3.433036e-09	-1.085321e+01	2.034936e+02
2.650000e-06	-1.616871e-09	3.149043e-09	-1.154820e+01	1.865723e+02
2.660000e-06	-1.713651e-09	2.859485e-09	-1.223943e+01	1.693385e+02
2.670000e-06	-1.809921e-09	2.562555e-09	-1.292703e+01	1.517591e+02
2.680000e-06	-1.905661e-09	2.259662e-09	-1.361083e+01	1.338237e+02
2.690000e-06	-2.000786e-09	1.951610e-09	-1.429025e+01	1.155423e+02
2.700000e-06	-2.095154e-09	1.637719e-09	-1.496426e+01	9.693298e+01
2.710000e-06	-2.188608e-09	1.318162e-09	-1.563173e+01	7.800763e+01
2.720000e-06	-2.281114e-09	9.955093e-10	-1.629245e+01	5.875946e+01
2.730000e-06	-2.372744e-09	6.685528e-10	-1.694690e+01	3.915824e+01
2.740000e-06	-2.463537e-09	3.327508e-10	-1.759537e+01	1.915451e+01
2.750000e-06	-2.553455e-09	-1.345598e-11	-1.823760e+01	-1.308734e+00
2.760000e-06	-2.642466e-09	-3.686549e-10	-1.887334e+01	-2.228150e+01
2.770000e-06	-2.730612e-09	-7.311729e-10	-1.950292e+01	-4.379488e+01
2.780000e-06	-2.817906e-09	-1.102139e-09	-2.012639e+01	-6.585628e+01
2.790000e-06	-2.904179e-09	-1.482172e-09	-2.074259e+01	-8.845358e+01
2.800000e-06	-2.989264e-09	-1.869513e-09	-2.135029e+01	-1.115662e+02
2.810000e-06	-3.073199e-09	-2.263611e-09	-2.194979e+01	-1.351783e+02
2.820000e-06	-3.156086e-09	-2.667409e-09	-2.254179e+01	-1.592895e+02
2.830000e-06	-3.237930e-09	-3.082579e-09	-2.312635e+01	-1.839162e+02
2.840000e-06	-3.318707e-09	-3.507735e-09	-2.370329e+01	-2.090847e+02
2.850000e-06	-3.398395e-09	-3.940945e-09	-2.427244e+01	-2.348163e+02
2.860000e-06	-3.476820e-09	-4.381899e-09	-2.483258e+01	-2.611090e+02
2.870000e-06	-3.553753e-09	-4.831650e-09	-2.538206e+01	-2.879238e+02
2.880000e-06	-3.629193e-09	-5.288984e-09	-2.592089e+01	-3.151784e+02
2.890000e-06	-3.703258e-09	-5.750792e-09	-2.644988e+01	-3.427511e+02
2.900000e-06	-3.776014e-09	-6.214320e-09	-2.696953e+01	-3.704948e+02
2.910000e-06	-3.847488e-09	-6.679459e-09	-2.748002e+01	-3.982537e+02
2.920000e-06	-3.917538e-09	-7.145034e-09	-2.798035e+01	-4.258795e+02
2.930000e-06	-3.986039e-09	-7.606166e-09	-2.846960e+01	-4.532406e+02
2.940000e-06	-4.053105e-09	-8.059970e-09	-2.894861e+01	-4.802228e+02
2.950000e-06	-4.118827e-09	-8.506720e-09	-2.941802e+01	-5.067222e+02
2.960000e-06	-4.183204e-09	-8.945305e-09	-2.987782e+01	-5.326355e+02
2.970000e-06	-4.246145e-09	-9.371704e-09	-3.032736e+01	-5.578525e+02
2.980000e-06	-4.307440e-09	-9.782252e-09	-3.076516e+01	-5.822545e+02
2.990000e-06	-4.367084e-09	-1.017695e-08	-3.119115e+01	-6.057213e+02
3.000000e-06	-4.425237e-09	-1.055610e-08	-3.160650e+01	-6.281452e+02
3.010000e-06	-4.481935e-09	-1.091730e-08	-3.201146e+01	-6.494453e+02
3.020000e-06	-4.537025e-09	-1.125752e-08	-3.240493e+01	-6.695791e+02
3.030000e-06	-4.590236e-09	-1.157753e-08	-3.278498e+01	-6.885451e+02
3.040000e-06	-4.641518e-09	-1.188061e-08	-3.315125e+01	-7.063761e+02
3.050000e-06	-4.690911e-09	-1.216584e-08	-3.350404e+01	-7.231243e+02
3.060000e-06	-4.738338e-09	-1.243293e-08	-3.384278e+01	-7.388443e+02
3.070000e-06	-4.783993e-09	-1.268284e-08	-3.416886e+01	-7.535782e+02
3.080000e-06	-4.828162e-09	-1.291729e-08	-3.448433e+01	-7.673499e+02
3.090000e-06	-4.870878e-09	-1.313504e-08	-3.478942e+01	-7.801679e+02
3.100000e-06	-4.912072e-09	-1.333455e-08	-3.508365e+01	-7.920361e+02
3.110000e-06	-4.951653e-09	-1.351848e-08	-3.536635e+01	-8.029677e+02
3.120000e-06	-4.989425e-09	-1.368953e-08	-3.563613e+01	-8.129962e+02
3.130000e-06	-5.025312e-09	-1.384790e-08	-3.589244e+01	-8.221793e+02
3.140000e-06	-5.059452e-09	-1.399319e-08	-3.613629e+01	-8.305933e+02
3.150000e-06	-5.091893e-09	-1.412733e-08	-3.636799e+01	-8.383214e+02
3.160000e-06	-5.122478e-09	-1.425115e-08	-3.658644e+01	-8.454385e+02
3.170000e-06	-5.151113e-09	-1.436380e-08	-3.679096e+01	-8.520001e+02
3.180000e-06	-5.177932e-09	-1.446487e-08	-3.698251e+01	-8.580376e+02
3.190000e-06	-5.203001e-09	-1.455688e-08	-3.716156e+01	-8.635624e+02
3.200000e-06	-5.226233e-09	-1.464295e-08	-3.732749e+01	-8.685771e+02
3.210000e-06	-5.247508e-09	-1.472278e-08	-3.747945e+01	-8.730881e+02
3.220000e-06	-5.266900e-09	-1.479356e-08	-3.761796e+01	-8.771151e+02
3.230000e-06	-5.284563e-09	-1.485467e-08	-3.774411e+01	-8.806943e+02
3.240000e-06	-5.300396e-09	-1.490885e-08	-3.785719e+01	-8.838731e+02
3.250000e-06	-5.314135e-09	-1.495778e-08	-3.795532e+01	-8.866997e+02
3.260000e-06	-5.325720e-09	-1.499948e-08	-3.803807e+01	-8.892115e+02
3.270000e-06	-5.335377e-09	-1.503465e-08	-3.810704e+01	-8.914274e+02
3.280000e-06	-5.343212e-09	-1.506689e-08	-3.816301e+01	-8.933478e+02
3.290000e-06	-5.349090e-09	-1.509672e-08	-3.820498e+01	-8.949615e+02
3.300000e-06	-5.353010e-09	-1.512127e-08	-3.823298e+01	-8.962577e+02
3.310000e-06	-5.355153e-09	-1.513942e-08	-3.824829e+01	-8.972370e+02
3.320000e-06	-5.355551e-09	-1.515141e-08	-3.825113e+01	-8.979179e+02
