# Temperatura_=_49.70677966101695
# Concentracion g/m^3_=_23900.0
# C_Vs_to_Am_M_A/Vsm_=_59384043850.047264
# pendiente_HvsI_1/m_=_3716.3
# ordenada_HvsI_A/m_=_1297.0
# frecuencia_Hz_=_301123.0787834563
# Promedio de 59 ciclos

Tiempo_(s)	Campo_(V.s)	Magnetizacion_(V.s)	Campo_(kA/m)	Magnetizacion_(A/m)
0.000000e+00	-5.366352e-09	-1.540413e-08	-3.823521e+01	-9.125050e+02
1.000000e-08	-5.363685e-09	-1.540871e-08	-3.821621e+01	-9.127667e+02
2.000000e-08	-5.359201e-09	-1.540740e-08	-3.818426e+01	-9.127772e+02
3.000000e-08	-5.353110e-09	-1.540165e-08	-3.814086e+01	-9.125682e+02
4.000000e-08	-5.345415e-09	-1.539415e-08	-3.808603e+01	-9.121624e+02
5.000000e-08	-5.335921e-09	-1.538403e-08	-3.801839e+01	-9.115672e+02
6.000000e-08	-5.324386e-09	-1.537404e-08	-3.793620e+01	-9.107741e+02
7.000000e-08	-5.310910e-09	-1.536653e-08	-3.784018e+01	-9.097656e+02
8.000000e-08	-5.295311e-09	-1.532893e-08	-3.772904e+01	-9.085266e+02
9.000000e-08	-5.277354e-09	-1.527112e-08	-3.760110e+01	-9.070552e+02
1.000000e-07	-5.257302e-09	-1.525200e-08	-3.745822e+01	-9.053693e+02
1.100000e-07	-5.235413e-09	-1.524376e-08	-3.730226e+01	-9.035047e+02
1.200000e-07	-5.211929e-09	-1.523716e-08	-3.713494e+01	-9.015055e+02
1.300000e-07	-5.187144e-09	-1.522299e-08	-3.695835e+01	-8.994101e+02
1.400000e-07	-5.160750e-09	-1.510271e-08	-3.677029e+01	-8.972371e+02
1.500000e-07	-5.132453e-09	-1.506495e-08	-3.656868e+01	-8.949775e+02
1.600000e-07	-5.102568e-09	-1.510680e-08	-3.635574e+01	-8.925959e+02
1.700000e-07	-5.071049e-09	-1.499367e-08	-3.613117e+01	-8.900414e+02
1.800000e-07	-5.037510e-09	-1.491942e-08	-3.589221e+01	-8.872635e+02
1.900000e-07	-5.002163e-09	-1.488888e-08	-3.564036e+01	-8.842296e+02
2.000000e-07	-4.965267e-09	-1.482309e-08	-3.537747e+01	-8.809361e+02
2.100000e-07	-4.926616e-09	-1.482010e-08	-3.510209e+01	-8.774101e+02
2.200000e-07	-4.886259e-09	-1.473932e-08	-3.481454e+01	-8.737009e+02
2.300000e-07	-4.844019e-09	-1.461808e-08	-3.451358e+01	-8.698642e+02
2.400000e-07	-4.799788e-09	-1.458839e-08	-3.419843e+01	-8.659444e+02
2.500000e-07	-4.753810e-09	-1.452850e-08	-3.387084e+01	-8.619607e+02
2.600000e-07	-4.706094e-09	-1.445593e-08	-3.353087e+01	-8.579025e+02
2.700000e-07	-4.656552e-09	-1.436024e-08	-3.317788e+01	-8.537347e+02
2.800000e-07	-4.604942e-09	-1.427422e-08	-3.281016e+01	-8.494105e+02
2.900000e-07	-4.551333e-09	-1.425015e-08	-3.242819e+01	-8.448883e+02
3.000000e-07	-4.496100e-09	-1.415882e-08	-3.203466e+01	-8.401454e+02
3.100000e-07	-4.439358e-09	-1.403380e-08	-3.163038e+01	-8.351856e+02
3.200000e-07	-4.380921e-09	-1.395375e-08	-3.121401e+01	-8.300363e+02
3.300000e-07	-4.320808e-09	-1.390252e-08	-3.078570e+01	-8.247391e+02
3.400000e-07	-4.259271e-09	-1.380311e-08	-3.034726e+01	-8.193355e+02
3.500000e-07	-4.196360e-09	-1.367328e-08	-2.989902e+01	-8.138533e+02
3.600000e-07	-4.131999e-09	-1.359462e-08	-2.944044e+01	-8.082994e+02
3.700000e-07	-4.065995e-09	-1.351494e-08	-2.897017e+01	-8.026588e+02
3.800000e-07	-3.998296e-09	-1.341388e-08	-2.848781e+01	-7.969026e+02
3.900000e-07	-3.929162e-09	-1.330667e-08	-2.799523e+01	-7.909986e+02
4.000000e-07	-3.858768e-09	-1.320048e-08	-2.749367e+01	-7.849236e+02
4.100000e-07	-3.787131e-09	-1.311647e-08	-2.698326e+01	-7.786707e+02
4.200000e-07	-3.714161e-09	-1.300539e-08	-2.646335e+01	-7.722511e+02
4.300000e-07	-3.639612e-09	-1.287646e-08	-2.593219e+01	-7.656889e+02
4.400000e-07	-3.563446e-09	-1.276439e-08	-2.538951e+01	-7.590119e+02
4.500000e-07	-3.485856e-09	-1.266317e-08	-2.483668e+01	-7.522418e+02
4.600000e-07	-3.406890e-09	-1.255177e-08	-2.427404e+01	-7.453865e+02
4.700000e-07	-3.326537e-09	-1.241913e-08	-2.370153e+01	-7.384383e+02
4.800000e-07	-3.244895e-09	-1.230409e-08	-2.311983e+01	-7.313778e+02
4.900000e-07	-3.162115e-09	-1.219452e-08	-2.253002e+01	-7.241814e+02
5.000000e-07	-3.078329e-09	-1.207165e-08	-2.193304e+01	-7.168310e+02
5.100000e-07	-2.993655e-09	-1.193603e-08	-2.132975e+01	-7.093209e+02
5.200000e-07	-2.908056e-09	-1.180645e-08	-2.071985e+01	-7.016603e+02
5.300000e-07	-2.821481e-09	-1.168698e-08	-2.010301e+01	-6.938704e+02
5.400000e-07	-2.734038e-09	-1.155062e-08	-1.947998e+01	-6.859773e+02
5.500000e-07	-2.645741e-09	-1.140367e-08	-1.885086e+01	-6.780025e+02
5.600000e-07	-2.556415e-09	-1.126562e-08	-1.821441e+01	-6.699551e+02
5.700000e-07	-2.465939e-09	-1.114099e-08	-1.756977e+01	-6.618282e+02
5.800000e-07	-2.374448e-09	-1.100525e-08	-1.691790e+01	-6.536008e+02
5.900000e-07	-2.282191e-09	-1.085396e-08	-1.626057e+01	-6.452441e+02
6.000000e-07	-2.189250e-09	-1.070978e-08	-1.559837e+01	-6.367316e+02
6.100000e-07	-2.095561e-09	-1.057462e-08	-1.493083e+01	-6.280477e+02
6.200000e-07	-2.001108e-09	-1.042573e-08	-1.425785e+01	-6.191933e+02
6.300000e-07	-1.905996e-09	-1.025971e-08	-1.358018e+01	-6.101860e+02
6.400000e-07	-1.810277e-09	-1.010233e-08	-1.289818e+01	-6.010543e+02
6.500000e-07	-1.713895e-09	-9.957747e-09	-1.221146e+01	-5.918282e+02
6.600000e-07	-1.616812e-09	-9.805489e-09	-1.151975e+01	-5.825294e+02
6.700000e-07	-1.519034e-09	-9.639658e-09	-1.082308e+01	-5.731638e+02
6.800000e-07	-1.420588e-09	-9.479669e-09	-1.012165e+01	-5.637200e+02
6.900000e-07	-1.321514e-09	-9.328592e-09	-9.415750e+00	-5.541727e+02
7.000000e-07	-1.221912e-09	-9.168878e-09	-8.706088e+00	-5.444911e+02
7.100000e-07	-1.121913e-09	-8.993206e-09	-7.993593e+00	-5.346496e+02
7.200000e-07	-1.021591e-09	-8.817430e-09	-7.278799e+00	-5.246349e+02
7.300000e-07	-9.209728e-10	-8.652925e-09	-6.561898e+00	-5.144494e+02
7.400000e-07	-8.200729e-10	-8.485141e-09	-5.842987e+00	-5.041080e+02
7.500000e-07	-7.189074e-10	-8.304232e-09	-5.122184e+00	-4.936299e+02
7.600000e-07	-6.174960e-10	-8.120665e-09	-4.399628e+00	-4.830287e+02
7.700000e-07	-5.158639e-10	-7.945449e-09	-3.675501e+00	-4.723038e+02
7.800000e-07	-4.140431e-10	-7.766107e-09	-2.950028e+00	-4.614364e+02
7.900000e-07	-3.120723e-10	-7.573784e-09	-2.223488e+00	-4.503918e+02
8.000000e-07	-2.099925e-10	-7.378569e-09	-1.496170e+00	-4.391271e+02
8.100000e-07	-1.078330e-10	-7.188793e-09	-7.682846e-01	-4.276005e+02
8.200000e-07	-5.615289e-12	-6.995708e-09	-3.998416e-02	-4.157798e+02
8.300000e-07	9.661643e-11	-6.788154e-09	6.884159e-01	-4.036462e+02
8.400000e-07	1.988062e-10	-6.573473e-09	1.416517e+00	-3.911918e+02
8.500000e-07	3.009140e-10	-6.359615e-09	2.144034e+00	-3.784132e+02
8.600000e-07	4.029040e-10	-6.141236e-09	2.870712e+00	-3.653029e+02
8.700000e-07	5.047452e-10	-5.911677e-09	3.596329e+00	-3.518441e+02
8.800000e-07	6.064037e-10	-5.675422e-09	4.320645e+00	-3.380101e+02
8.900000e-07	7.078431e-10	-5.438038e-09	5.043400e+00	-3.237715e+02
9.000000e-07	8.090377e-10	-5.195859e-09	5.764411e+00	-3.091070e+02
9.100000e-07	9.099664e-10	-4.941568e-09	6.483526e+00	-2.940153e+02
9.200000e-07	1.010616e-09	-4.677872e-09	7.200655e+00	-2.785227e+02
9.300000e-07	1.110978e-09	-4.412587e-09	7.915733e+00	-2.626819e+02
9.400000e-07	1.211021e-09	-4.144544e-09	8.628536e+00	-2.465623e+02
9.500000e-07	1.310658e-09	-3.868180e-09	9.338454e+00	-2.302332e+02
9.600000e-07	1.409785e-09	-3.586446e-09	1.004473e+01	-2.137453e+02
9.700000e-07	1.508301e-09	-3.306078e-09	1.074666e+01	-1.971165e+02
9.800000e-07	1.606112e-09	-3.026878e-09	1.144356e+01	-1.803275e+02
9.900000e-07	1.703194e-09	-2.742653e-09	1.213527e+01	-1.633278e+02
1.000000e-06	1.799595e-09	-2.450913e-09	1.282212e+01	-1.460518e+02
1.010000e-06	1.895350e-09	-2.154241e-09	1.350437e+01	-1.284378e+02
1.020000e-06	1.990469e-09	-1.852969e-09	1.418210e+01	-1.104448e+02
1.030000e-06	2.084933e-09	-1.543016e-09	1.485515e+01	-9.206012e+01
1.040000e-06	2.178700e-09	-1.224220e-09	1.552324e+01	-7.329647e+01
1.050000e-06	2.271786e-09	-9.012233e-10	1.618647e+01	-5.417890e+01
1.060000e-06	2.364215e-09	-5.761129e-10	1.684503e+01	-3.472745e+01
1.070000e-06	2.455919e-09	-2.442384e-10	1.749842e+01	-1.494181e+01
1.080000e-06	2.546693e-09	9.633113e-11	1.814518e+01	5.205996e+00
1.090000e-06	2.636336e-09	4.434352e-10	1.878389e+01	2.576821e+01
1.100000e-06	2.724883e-09	7.957188e-10	1.941479e+01	4.680861e+01
1.110000e-06	2.812493e-09	1.158063e-09	2.003901e+01	6.838533e+01
1.120000e-06	2.899196e-09	1.534285e-09	2.065677e+01	9.053574e+01
1.130000e-06	2.984931e-09	1.920029e-09	2.126763e+01	1.132691e+02
1.140000e-06	3.069723e-09	2.312570e-09	2.187177e+01	1.365694e+02
1.150000e-06	3.153607e-09	2.714993e-09	2.246944e+01	1.604067e+02
1.160000e-06	3.236429e-09	3.128725e-09	2.305955e+01	1.847525e+02
1.170000e-06	3.318006e-09	3.547578e-09	2.364079e+01	2.095916e+02
1.180000e-06	3.398335e-09	3.970809e-09	2.421313e+01	2.349250e+02
1.190000e-06	3.477432e-09	4.405333e-09	2.477670e+01	2.607637e+02
1.200000e-06	3.555286e-09	4.853530e-09	2.533140e+01	2.871119e+02
1.210000e-06	3.631896e-09	5.309482e-09	2.587725e+01	3.139482e+02
1.220000e-06	3.707130e-09	5.768941e-09	2.641329e+01	3.412107e+02
1.230000e-06	3.780782e-09	6.233378e-09	2.693806e+01	3.687910e+02
1.240000e-06	3.852928e-09	6.703058e-09	2.745210e+01	3.965411e+02
1.250000e-06	3.923726e-09	7.172018e-09	2.795653e+01	4.242899e+02
1.260000e-06	3.993189e-09	7.634840e-09	2.845146e+01	4.518640e+02
1.270000e-06	4.061375e-09	8.091652e-09	2.893728e+01	4.791063e+02
1.280000e-06	4.128112e-09	8.544519e-09	2.941278e+01	5.058865e+02
1.290000e-06	4.193177e-09	8.988357e-09	2.987637e+01	5.321008e+02
1.300000e-06	4.256728e-09	9.417140e-09	3.032917e+01	5.576629e+02
1.310000e-06	4.318899e-09	9.832547e-09	3.077213e+01	5.824915e+02
1.320000e-06	4.379724e-09	1.023667e-08	3.120551e+01	6.064996e+02
1.330000e-06	4.439161e-09	1.062497e-08	3.162900e+01	6.295925e+02
1.340000e-06	4.496888e-09	1.099378e-08	3.204030e+01	6.516744e+02
1.350000e-06	4.552845e-09	1.134489e-08	3.243899e+01	6.726622e+02
1.360000e-06	4.607208e-09	1.167824e-08	3.282633e+01	6.925006e+02
1.370000e-06	4.659870e-09	1.199081e-08	3.320155e+01	7.111729e+02
1.380000e-06	4.710543e-09	1.228171e-08	3.356259e+01	7.287022e+02
1.390000e-06	4.759205e-09	1.255414e-08	3.390931e+01	7.451427e+02
1.400000e-06	4.806126e-09	1.281255e-08	3.424362e+01	7.605628e+02
1.410000e-06	4.851468e-09	1.305533e-08	3.456668e+01	7.750265e+02
1.420000e-06	4.895228e-09	1.328089e-08	3.487846e+01	7.885799e+02
1.430000e-06	4.937122e-09	1.349243e-08	3.517696e+01	8.012456e+02
1.440000e-06	4.977146e-09	1.369101e-08	3.546213e+01	8.130288e+02
1.450000e-06	5.015527e-09	1.387326e-08	3.573560e+01	8.239300e+02
1.460000e-06	5.052296e-09	1.403804e-08	3.599758e+01	8.339596e+02
1.470000e-06	5.087299e-09	1.419021e-08	3.624697e+01	8.431496e+02
1.480000e-06	5.120345e-09	1.433078e-08	3.648242e+01	8.515554e+02
1.490000e-06	5.151573e-09	1.445747e-08	3.670492e+01	8.592500e+02
1.500000e-06	5.181150e-09	1.457153e-08	3.691565e+01	8.663103e+02
1.510000e-06	5.209031e-09	1.467741e-08	3.711431e+01	8.728029e+02
1.520000e-06	5.234920e-09	1.477645e-08	3.729876e+01	8.787738e+02
1.530000e-06	5.258765e-09	1.486601e-08	3.746866e+01	8.842460e+02
1.540000e-06	5.280833e-09	1.494673e-08	3.762590e+01	8.892253e+02
1.550000e-06	5.301239e-09	1.502102e-08	3.777128e+01	8.937117e+02
1.560000e-06	5.319843e-09	1.508978e-08	3.790384e+01	8.977116e+02
1.570000e-06	5.336447e-09	1.515079e-08	3.802214e+01	9.012457e+02
1.580000e-06	5.351089e-09	1.520191e-08	3.812646e+01	9.043497e+02
1.590000e-06	5.363762e-09	1.524588e-08	3.821676e+01	9.070682e+02
1.600000e-06	5.374259e-09	1.528392e-08	3.829155e+01	9.094441e+02
1.610000e-06	5.382654e-09	1.531530e-08	3.835136e+01	9.115092e+02
1.620000e-06	5.389208e-09	1.534100e-08	3.839806e+01	9.132784e+02
1.630000e-06	5.394025e-09	1.536501e-08	3.843238e+01	9.147516e+02
1.640000e-06	5.396967e-09	1.538699e-08	3.845334e+01	9.159212e+02
1.650000e-06	5.397885e-09	1.540253e-08	3.845988e+01	9.167820e+02
1.660000e-06	5.396960e-09	1.541402e-08	3.845329e+01	9.173400e+02
1.670000e-06	5.394392e-09	1.542084e-08	3.843499e+01	9.176151e+02
1.680000e-06	5.390178e-09	1.542070e-08	3.840497e+01	9.176376e+02
1.690000e-06	5.384072e-09	1.541434e-08	3.836146e+01	9.174393e+02
1.700000e-06	5.376120e-09	1.540347e-08	3.830481e+01	9.170435e+02
1.710000e-06	5.366571e-09	1.539061e-08	3.823677e+01	9.164583e+02
1.720000e-06	5.355330e-09	1.536893e-08	3.815667e+01	9.156757e+02
1.730000e-06	5.342147e-09	1.534658e-08	3.806274e+01	9.146786e+02
1.740000e-06	5.326900e-09	1.537608e-08	3.795411e+01	9.134514e+02
1.750000e-06	5.309366e-09	1.537388e-08	3.782918e+01	9.119918e+02
1.760000e-06	5.289181e-09	1.532448e-08	3.768536e+01	9.103165e+02
1.770000e-06	5.266592e-09	1.526123e-08	3.752442e+01	9.084608e+02
1.780000e-06	5.242528e-09	1.515976e-08	3.735296e+01	9.064687e+02
1.790000e-06	5.217656e-09	1.520912e-08	3.717575e+01	9.043789e+02
1.800000e-06	5.191495e-09	1.521888e-08	3.698935e+01	9.022112e+02
1.810000e-06	5.163239e-09	1.506912e-08	3.678803e+01	8.999578e+02
1.820000e-06	5.133189e-09	1.510090e-08	3.657392e+01	8.975843e+02
1.830000e-06	5.101443e-09	1.509639e-08	3.634773e+01	8.950400e+02
1.840000e-06	5.067588e-09	1.500291e-08	3.610651e+01	8.922744e+02
1.850000e-06	5.032094e-09	1.501669e-08	3.585361e+01	8.892537e+02
1.860000e-06	4.994932e-09	1.487940e-08	3.558883e+01	8.859729e+02
1.870000e-06	4.955828e-09	1.480176e-08	3.531022e+01	8.824581e+02
1.880000e-06	4.915091e-09	1.485167e-08	3.501997e+01	8.787577e+02
1.890000e-06	4.872643e-09	1.472291e-08	3.471752e+01	8.749276e+02
1.900000e-06	4.828639e-09	1.464571e-08	3.440400e+01	8.710128e+02
1.910000e-06	4.782940e-09	1.458890e-08	3.407839e+01	8.670339e+02
1.920000e-06	4.735104e-09	1.453225e-08	3.373756e+01	8.629814e+02
1.930000e-06	4.685583e-09	1.451901e-08	3.338472e+01	8.588212e+02
1.940000e-06	4.634452e-09	1.434379e-08	3.302042e+01	8.545065e+02
1.950000e-06	4.581368e-09	1.429039e-08	3.264219e+01	8.499954e+02
1.960000e-06	4.526367e-09	1.428564e-08	3.225031e+01	8.452641e+02
1.970000e-06	4.469622e-09	1.416080e-08	3.184601e+01	8.403151e+02
1.980000e-06	4.411457e-09	1.406238e-08	3.143158e+01	8.351752e+02
1.990000e-06	4.351802e-09	1.395431e-08	3.100654e+01	8.298856e+02
2.000000e-06	4.290464e-09	1.392956e-08	3.056950e+01	8.244879e+02
2.010000e-06	4.227516e-09	1.382173e-08	3.012100e+01	8.190108e+02
2.020000e-06	4.163056e-09	1.366984e-08	2.966172e+01	8.134621e+02
2.030000e-06	4.097198e-09	1.361524e-08	2.919248e+01	8.078278e+02
2.040000e-06	4.029892e-09	1.351953e-08	2.871293e+01	8.020792e+02
2.050000e-06	3.961123e-09	1.343658e-08	2.822295e+01	7.961841e+02
2.060000e-06	3.890836e-09	1.329133e-08	2.772216e+01	7.901188e+02
2.070000e-06	3.819013e-09	1.319220e-08	2.721042e+01	7.838755e+02
2.080000e-06	3.745828e-09	1.313548e-08	2.668897e+01	7.774647e+02
2.090000e-06	3.671306e-09	1.299428e-08	2.615800e+01	7.709101e+02
2.100000e-06	3.595411e-09	1.287008e-08	2.561725e+01	7.642396e+02
2.110000e-06	3.517931e-09	1.274562e-08	2.506521e+01	7.574752e+02
2.120000e-06	3.438918e-09	1.266336e-08	2.450224e+01	7.506256e+02
2.130000e-06	3.358725e-09	1.253960e-08	2.393087e+01	7.436838e+02
2.140000e-06	3.277444e-09	1.239001e-08	2.335174e+01	7.366306e+02
2.150000e-06	3.195109e-09	1.228683e-08	2.276510e+01	7.294426e+02
2.160000e-06	3.111741e-09	1.217895e-08	2.217111e+01	7.221011e+02
2.170000e-06	3.027313e-09	1.205660e-08	2.156955e+01	7.145999e+02
2.180000e-06	2.941649e-09	1.189403e-08	2.095920e+01	7.069474e+02
2.190000e-06	2.854738e-09	1.176597e-08	2.033996e+01	6.991647e+02
2.200000e-06	2.766816e-09	1.165625e-08	1.971351e+01	6.912776e+02
2.210000e-06	2.678012e-09	1.152074e-08	1.908079e+01	6.833080e+02
2.220000e-06	2.588360e-09	1.136724e-08	1.844202e+01	6.752658e+02
2.230000e-06	2.497851e-09	1.122627e-08	1.779714e+01	6.671447e+02
2.240000e-06	2.406572e-09	1.111276e-08	1.714678e+01	6.589242e+02
2.250000e-06	2.314542e-09	1.097053e-08	1.649107e+01	6.505758e+02
2.260000e-06	2.221657e-09	1.080809e-08	1.582926e+01	6.420724e+02
2.270000e-06	2.127780e-09	1.065872e-08	1.516039e+01	6.333980e+02
2.280000e-06	2.032949e-09	1.053021e-08	1.448472e+01	6.245528e+02
2.290000e-06	1.937439e-09	1.038428e-08	1.380421e+01	6.155537e+02
2.300000e-06	1.841362e-09	1.021105e-08	1.311967e+01	6.064287e+02
2.310000e-06	1.744652e-09	1.005096e-08	1.243060e+01	5.972082e+02
2.320000e-06	1.647294e-09	9.910418e-09	1.173693e+01	5.879143e+02
2.330000e-06	1.549437e-09	9.758275e-09	1.103970e+01	5.785539e+02
2.340000e-06	1.451165e-09	9.582587e-09	1.033951e+01	5.691160e+02
2.350000e-06	1.352435e-09	9.416719e-09	9.636060e+00	5.595758e+02
2.360000e-06	1.253263e-09	9.269177e-09	8.929460e+00	5.499027e+02
2.370000e-06	1.153733e-09	9.109480e-09	8.220313e+00	5.400705e+02
2.380000e-06	1.053903e-09	8.925976e-09	7.509021e+00	5.300654e+02
2.390000e-06	9.537259e-10	8.748165e-09	6.795260e+00	5.198890e+02
2.400000e-06	8.531461e-10	8.588136e-09	6.078631e+00	5.095559e+02
2.410000e-06	7.521795e-10	8.419420e-09	5.359245e+00	4.990854e+02
2.420000e-06	6.508988e-10	8.229293e-09	4.637622e+00	4.884914e+02
2.430000e-06	5.493740e-10	8.040535e-09	3.914259e+00	4.777741e+02
2.440000e-06	4.476083e-10	7.866180e-09	3.189180e+00	4.669154e+02
2.450000e-06	3.456118e-10	7.685634e-09	2.462456e+00	4.558812e+02
2.460000e-06	2.434544e-10	7.487244e-09	1.734586e+00	4.446288e+02
2.470000e-06	1.411896e-10	7.288524e-09	1.005950e+00	4.331161e+02
2.480000e-06	3.885579e-11	7.101592e-09	2.768231e-01	4.213104e+02
2.490000e-06	-6.348008e-11	6.906407e-09	-4.523188e-01	4.091923e+02
2.500000e-06	-1.657391e-10	6.690086e-09	-1.180913e+00	3.967535e+02
2.510000e-06	-2.678749e-10	6.466898e-09	-1.908629e+00	3.839907e+02
2.520000e-06	-3.698835e-10	6.248613e-09	-2.635439e+00	3.708966e+02
2.530000e-06	-4.717289e-10	6.027258e-09	-3.361086e+00	3.574549e+02
2.540000e-06	-5.733220e-10	5.790397e-09	-4.084935e+00	3.436393e+02
2.550000e-06	-6.746071e-10	5.547003e-09	-4.806590e+00	3.294202e+02
2.560000e-06	-7.755756e-10	5.306649e-09	-5.525989e+00	3.147759e+02
2.570000e-06	-8.762141e-10	5.060556e-09	-6.243038e+00	2.997040e+02
2.580000e-06	-9.764930e-10	4.797053e-09	-6.957523e+00	2.842295e+02
2.590000e-06	-1.076388e-09	4.522187e-09	-7.669273e+00	2.684042e+02
2.600000e-06	-1.175899e-09	4.251346e-09	-8.378287e+00	2.522971e+02
2.610000e-06	-1.275037e-09	3.981716e-09	-9.084646e+00	2.359779e+02
2.620000e-06	-1.373789e-09	3.702518e-09	-9.788251e+00	2.194983e+02
2.630000e-06	-1.472100e-09	3.417808e-09	-1.048872e+01	2.028779e+02
2.640000e-06	-1.569908e-09	3.136847e-09	-1.118560e+01	1.860987e+02
2.650000e-06	-1.667177e-09	2.857287e-09	-1.187864e+01	1.691115e+02
2.660000e-06	-1.763902e-09	2.567235e-09	-1.256780e+01	1.518508e+02
2.670000e-06	-1.860086e-09	2.266717e-09	-1.325311e+01	1.342544e+02
2.680000e-06	-1.955730e-09	1.962979e-09	-1.393458e+01	1.162802e+02
2.690000e-06	-2.050773e-09	1.656439e-09	-1.461176e+01	9.791435e+01
2.700000e-06	-2.145034e-09	1.339997e-09	-1.528337e+01	7.916866e+01
2.710000e-06	-2.238320e-09	1.014378e-09	-1.594803e+01	6.006801e+01
2.720000e-06	-2.330626e-09	6.877978e-10	-1.660571e+01	4.063296e+01
2.730000e-06	-2.422067e-09	3.595184e-10	-1.725722e+01	2.086429e+01
2.740000e-06	-2.512679e-09	2.157065e-11	-1.790284e+01	7.351872e-01
2.750000e-06	-2.602392e-09	-3.282208e-10	-1.854204e+01	-1.980574e+01
2.760000e-06	-2.691166e-09	-6.828835e-10	-1.917455e+01	-4.082213e+01
2.770000e-06	-2.779087e-09	-1.042792e-09	-1.980099e+01	-6.237265e+01
2.780000e-06	-2.866162e-09	-1.413998e-09	-2.042140e+01	-8.449578e+01
2.790000e-06	-2.952158e-09	-1.796505e-09	-2.103412e+01	-1.072020e+02
2.800000e-06	-3.036897e-09	-2.186064e-09	-2.163789e+01	-1.304761e+02
2.810000e-06	-3.120496e-09	-2.582938e-09	-2.223353e+01	-1.542886e+02
2.820000e-06	-3.203071e-09	-2.991976e-09	-2.282187e+01	-1.786106e+02
2.830000e-06	-3.284587e-09	-3.412856e-09	-2.340267e+01	-2.034261e+02
2.840000e-06	-3.365024e-09	-3.840036e-09	-2.397578e+01	-2.287358e+02
2.850000e-06	-3.444347e-09	-4.272051e-09	-2.454096e+01	-2.545503e+02
2.860000e-06	-3.522302e-09	-4.711589e-09	-2.509638e+01	-2.808746e+02
2.870000e-06	-3.598707e-09	-5.160769e-09	-2.564077e+01	-3.076887e+02
2.880000e-06	-3.673664e-09	-5.617729e-09	-2.617484e+01	-3.349327e+02
2.890000e-06	-3.747266e-09	-6.080495e-09	-2.669926e+01	-3.625001e+02
2.900000e-06	-3.819584e-09	-6.547408e-09	-2.721452e+01	-3.902445e+02
2.910000e-06	-3.890606e-09	-7.016081e-09	-2.772055e+01	-4.179951e+02
2.920000e-06	-3.960102e-09	-7.482407e-09	-2.821571e+01	-4.455783e+02
2.930000e-06	-4.028040e-09	-7.941775e-09	-2.869977e+01	-4.728360e+02
2.940000e-06	-4.094606e-09	-8.392692e-09	-2.917405e+01	-4.996366e+02
2.950000e-06	-4.159816e-09	-8.833747e-09	-2.963867e+01	-5.258753e+02
2.960000e-06	-4.223675e-09	-9.265040e-09	-3.009366e+01	-5.514653e+02
2.970000e-06	-4.286026e-09	-9.685284e-09	-3.053791e+01	-5.763250e+02
2.980000e-06	-4.346639e-09	-1.009051e-08	-3.096978e+01	-6.003680e+02
2.990000e-06	-4.405661e-09	-1.048007e-08	-3.139031e+01	-6.234998e+02
3.000000e-06	-4.463248e-09	-1.085483e-08	-3.180062e+01	-6.456243e+02
3.010000e-06	-4.519350e-09	-1.121237e-08	-3.220034e+01	-6.666577e+02
3.020000e-06	-4.573734e-09	-1.154928e-08	-3.258782e+01	-6.865432e+02
3.030000e-06	-4.626156e-09	-1.186723e-08	-3.296133e+01	-7.052622e+02
3.040000e-06	-4.676697e-09	-1.216711e-08	-3.332144e+01	-7.228366e+02
3.050000e-06	-4.725335e-09	-1.244735e-08	-3.366798e+01	-7.393193e+02
3.060000e-06	-4.772012e-09	-1.270907e-08	-3.400055e+01	-7.547785e+02
3.070000e-06	-4.817029e-09	-1.295414e-08	-3.432130e+01	-7.692788e+02
3.080000e-06	-4.860595e-09	-1.318477e-08	-3.463171e+01	-7.828672e+02
3.090000e-06	-4.902669e-09	-1.339971e-08	-3.493149e+01	-7.955673e+02
3.100000e-06	-4.943195e-09	-1.359909e-08	-3.522023e+01	-8.073849e+02
3.110000e-06	-4.982041e-09	-1.378560e-08	-3.549701e+01	-8.183202e+02
3.120000e-06	-5.018977e-09	-1.395938e-08	-3.576017e+01	-8.283832e+02
3.130000e-06	-5.054058e-09	-1.411764e-08	-3.601013e+01	-8.376048e+02
3.140000e-06	-5.087459e-09	-1.426204e-08	-3.624811e+01	-8.460395e+02
3.150000e-06	-5.119128e-09	-1.439501e-08	-3.647375e+01	-8.537597e+02
3.160000e-06	-5.148839e-09	-1.451733e-08	-3.668544e+01	-8.608424e+02
3.170000e-06	-5.176631e-09	-1.462840e-08	-3.688346e+01	-8.673550e+02
3.180000e-06	-5.202680e-09	-1.473016e-08	-3.706906e+01	-8.733444e+02
3.190000e-06	-5.226953e-09	-1.482460e-08	-3.724200e+01	-8.788346e+02
3.200000e-06	-5.249308e-09	-1.491148e-08	-3.740127e+01	-8.838318e+02
3.210000e-06	-5.269685e-09	-1.498908e-08	-3.754646e+01	-8.883363e+02
3.220000e-06	-5.288269e-09	-1.505599e-08	-3.767888e+01	-8.923538e+02
3.230000e-06	-5.305126e-09	-1.511629e-08	-3.779898e+01	-8.959043e+02
3.240000e-06	-5.320036e-09	-1.517108e-08	-3.790521e+01	-8.990230e+02
3.250000e-06	-5.332733e-09	-1.521874e-08	-3.799568e+01	-9.017541e+02
3.260000e-06	-5.343354e-09	-1.525794e-08	-3.807135e+01	-9.041411e+02
3.270000e-06	-5.352159e-09	-1.529320e-08	-3.813409e+01	-9.062162e+02
3.280000e-06	-5.359084e-09	-1.532564e-08	-3.818343e+01	-9.079950e+02
3.290000e-06	-5.363988e-09	-1.535185e-08	-3.821836e+01	-9.094781e+02
3.300000e-06	-5.367026e-09	-1.537072e-08	-3.824001e+01	-9.106580e+02
3.310000e-06	-5.368336e-09	-1.538683e-08	-3.824935e+01	-9.115293e+02
3.320000e-06	-5.367858e-09	-1.539835e-08	-3.824594e+01	-9.120974e+02
