# Temperatura_=_57.30833333333334
# Concentracion g/m^3_=_23900.0
# C_Vs_to_Am_M_A/Vsm_=_59384043850.047264
# pendiente_HvsI_1/m_=_3716.3
# ordenada_HvsI_A/m_=_1297.0
# frecuencia_Hz_=_301553.56491671124
# Promedio de 12 ciclos

Tiempo_(s)	Campo_(V.s)	Magnetizacion_(V.s)	Campo_(kA/m)	Magnetizacion_(A/m)
0.000000e+00	-8.081569e-09	-2.796236e-08	-5.685290e+01	-1.659722e+03
1.000000e-08	-8.078086e-09	-2.795593e-08	-5.682840e+01	-1.659344e+03
2.000000e-08	-8.071988e-09	-2.795144e-08	-5.678550e+01	-1.658910e+03
3.000000e-08	-8.063252e-09	-2.794684e-08	-5.672405e+01	-1.658462e+03
4.000000e-08	-8.051676e-09	-2.794147e-08	-5.664262e+01	-1.658005e+03
5.000000e-08	-8.037149e-09	-2.793478e-08	-5.654043e+01	-1.657514e+03
6.000000e-08	-8.019781e-09	-2.792827e-08	-5.641825e+01	-1.656931e+03
7.000000e-08	-7.999936e-09	-2.792334e-08	-5.627865e+01	-1.656198e+03
8.000000e-08	-7.977570e-09	-2.788726e-08	-5.612131e+01	-1.655275e+03
9.000000e-08	-7.952117e-09	-2.783392e-08	-5.594225e+01	-1.654158e+03
1.000000e-07	-7.923385e-09	-2.783030e-08	-5.574014e+01	-1.652889e+03
1.100000e-07	-7.891677e-09	-2.784565e-08	-5.551707e+01	-1.651532e+03
1.200000e-07	-7.857201e-09	-2.783090e-08	-5.527455e+01	-1.650160e+03
1.300000e-07	-7.820189e-09	-2.780476e-08	-5.501417e+01	-1.648819e+03
1.400000e-07	-7.780940e-09	-2.780876e-08	-5.473806e+01	-1.647516e+03
1.500000e-07	-7.739309e-09	-2.777334e-08	-5.444520e+01	-1.646213e+03
1.600000e-07	-7.694918e-09	-2.771262e-08	-5.413292e+01	-1.644842e+03
1.700000e-07	-7.647809e-09	-2.770078e-08	-5.380152e+01	-1.643332e+03
1.800000e-07	-7.597861e-09	-2.763158e-08	-5.345015e+01	-1.641632e+03
1.900000e-07	-7.544836e-09	-2.761875e-08	-5.307712e+01	-1.639731e+03
2.000000e-07	-7.488984e-09	-2.763195e-08	-5.268422e+01	-1.637656e+03
2.100000e-07	-7.430437e-09	-2.757467e-08	-5.227236e+01	-1.635460e+03
2.200000e-07	-7.369232e-09	-2.753405e-08	-5.184179e+01	-1.633197e+03
2.300000e-07	-7.305359e-09	-2.748278e-08	-5.139245e+01	-1.630900e+03
2.400000e-07	-7.238704e-09	-2.745577e-08	-5.092355e+01	-1.628566e+03
2.500000e-07	-7.169386e-09	-2.739502e-08	-5.043591e+01	-1.626161e+03
2.600000e-07	-7.097451e-09	-2.733560e-08	-4.992986e+01	-1.623635e+03
2.700000e-07	-7.022756e-09	-2.732694e-08	-4.940439e+01	-1.620941e+03
2.800000e-07	-6.945265e-09	-2.730194e-08	-4.885926e+01	-1.618059e+03
2.900000e-07	-6.865077e-09	-2.724310e-08	-4.829515e+01	-1.615003e+03
3.000000e-07	-6.782377e-09	-2.715631e-08	-4.771337e+01	-1.611814e+03
3.100000e-07	-6.697392e-09	-2.711220e-08	-4.711551e+01	-1.608544e+03
3.200000e-07	-6.610166e-09	-2.706561e-08	-4.650189e+01	-1.605233e+03
3.300000e-07	-6.520632e-09	-2.699615e-08	-4.587203e+01	-1.601894e+03
3.400000e-07	-6.428780e-09	-2.694382e-08	-4.522587e+01	-1.598503e+03
3.500000e-07	-6.334616e-09	-2.689919e-08	-4.456344e+01	-1.595015e+03
3.600000e-07	-6.238110e-09	-2.685404e-08	-4.388453e+01	-1.591376e+03
3.700000e-07	-6.139294e-09	-2.677702e-08	-4.318938e+01	-1.587547e+03
3.800000e-07	-6.038259e-09	-2.669391e-08	-4.247861e+01	-1.583519e+03
3.900000e-07	-5.935044e-09	-2.662275e-08	-4.175251e+01	-1.579316e+03
4.000000e-07	-5.829679e-09	-2.656008e-08	-4.101128e+01	-1.574982e+03
4.100000e-07	-5.722227e-09	-2.648802e-08	-4.025537e+01	-1.570561e+03
4.200000e-07	-5.612755e-09	-2.640749e-08	-3.948526e+01	-1.566084e+03
4.300000e-07	-5.501250e-09	-2.634055e-08	-3.870083e+01	-1.561548e+03
4.400000e-07	-5.387631e-09	-2.626932e-08	-3.790154e+01	-1.556924e+03
4.500000e-07	-5.271889e-09	-2.618354e-08	-3.708732e+01	-1.552168e+03
4.600000e-07	-5.154116e-09	-2.608924e-08	-3.625880e+01	-1.547233e+03
4.700000e-07	-5.034429e-09	-2.600649e-08	-3.541682e+01	-1.542096e+03
4.800000e-07	-4.912911e-09	-2.592916e-08	-3.456196e+01	-1.536759e+03
4.900000e-07	-4.789610e-09	-2.584029e-08	-3.369455e+01	-1.531248e+03
5.000000e-07	-4.664575e-09	-2.574058e-08	-3.281495e+01	-1.525602e+03
5.100000e-07	-4.537864e-09	-2.564370e-08	-3.192355e+01	-1.519853e+03
5.200000e-07	-4.409509e-09	-2.554888e-08	-3.102059e+01	-1.514009e+03
5.300000e-07	-4.279575e-09	-2.544579e-08	-3.010653e+01	-1.508057e+03
5.400000e-07	-4.148127e-09	-2.533704e-08	-2.918181e+01	-1.501961e+03
5.500000e-07	-4.015205e-09	-2.523294e-08	-2.824672e+01	-1.495681e+03
5.600000e-07	-3.880779e-09	-2.513200e-08	-2.730105e+01	-1.489186e+03
5.700000e-07	-3.744872e-09	-2.501991e-08	-2.634496e+01	-1.482470e+03
5.800000e-07	-3.607631e-09	-2.489833e-08	-2.537949e+01	-1.475546e+03
5.900000e-07	-3.469064e-09	-2.477818e-08	-2.440469e+01	-1.468445e+03
6.000000e-07	-3.329035e-09	-2.466193e-08	-2.341961e+01	-1.461198e+03
6.100000e-07	-3.187578e-09	-2.453839e-08	-2.242448e+01	-1.453821e+03
6.200000e-07	-3.044893e-09	-2.440814e-08	-2.142072e+01	-1.446308e+03
6.300000e-07	-2.901082e-09	-2.428095e-08	-2.040902e+01	-1.438631e+03
6.400000e-07	-2.756195e-09	-2.415517e-08	-1.938977e+01	-1.430751e+03
6.500000e-07	-2.610308e-09	-2.401931e-08	-1.836346e+01	-1.422634e+03
6.600000e-07	-2.463510e-09	-2.387319e-08	-1.733075e+01	-1.414261e+03
6.700000e-07	-2.315892e-09	-2.372814e-08	-1.629228e+01	-1.405635e+03
6.800000e-07	-2.167513e-09	-2.358520e-08	-1.524844e+01	-1.396774e+03
6.900000e-07	-2.018416e-09	-2.343551e-08	-1.419956e+01	-1.387702e+03
7.000000e-07	-1.868645e-09	-2.327739e-08	-1.314594e+01	-1.378431e+03
7.100000e-07	-1.718224e-09	-2.311788e-08	-1.208775e+01	-1.368956e+03
7.200000e-07	-1.567185e-09	-2.295719e-08	-1.102521e+01	-1.359251e+03
7.300000e-07	-1.415569e-09	-2.278909e-08	-9.958614e+00	-1.349274e+03
7.400000e-07	-1.263432e-09	-2.261351e-08	-8.888347e+00	-1.338985e+03
7.500000e-07	-1.110821e-09	-2.243676e-08	-7.814753e+00	-1.328357e+03
7.600000e-07	-9.577898e-10	-2.225802e-08	-6.738195e+00	-1.317380e+03
7.700000e-07	-8.044129e-10	-2.207160e-08	-5.659208e+00	-1.306062e+03
7.800000e-07	-6.507391e-10	-2.187558e-08	-4.578133e+00	-1.294411e+03
7.900000e-07	-4.968255e-10	-2.167231e-08	-3.495371e+00	-1.282422e+03
8.000000e-07	-3.427320e-10	-2.146273e-08	-2.411343e+00	-1.270056e+03
8.100000e-07	-1.885084e-10	-2.124450e-08	-1.326401e+00	-1.257240e+03
8.200000e-07	-3.420451e-11	-2.101652e-08	-2.408931e-01	-1.243865e+03
8.300000e-07	1.201035e-10	-2.077935e-08	8.446446e-01	-1.229804e+03
8.400000e-07	2.743519e-10	-2.053168e-08	1.929763e+00	-1.214936e+03
8.500000e-07	4.284984e-10	-2.026944e-08	3.014164e+00	-1.199160e+03
8.600000e-07	5.824789e-10	-1.999035e-08	4.097396e+00	-1.182411e+03
8.700000e-07	7.362503e-10	-1.969296e-08	5.179159e+00	-1.164650e+03
8.800000e-07	8.897615e-10	-1.937613e-08	6.259091e+00	-1.145857e+03
8.900000e-07	1.042929e-09	-1.903854e-08	7.336607e+00	-1.126004e+03
9.000000e-07	1.195686e-09	-1.868013e-08	8.411230e+00	-1.105037e+03
9.100000e-07	1.347993e-09	-1.830379e-08	9.482688e+00	-1.082865e+03
9.200000e-07	1.499791e-09	-1.790752e-08	1.055057e+01	-1.059357e+03
9.300000e-07	1.651049e-09	-1.748735e-08	1.161466e+01	-1.034355e+03
9.400000e-07	1.801731e-09	-1.703995e-08	1.267468e+01	-1.007683e+03
9.500000e-07	1.951747e-09	-1.656178e-08	1.373003e+01	-9.791597e+02
9.600000e-07	2.101049e-09	-1.604778e-08	1.478036e+01	-9.485867e+02
9.700000e-07	2.249601e-09	-1.549170e-08	1.582541e+01	-9.157178e+02
9.800000e-07	2.397367e-09	-1.488803e-08	1.686492e+01	-8.802043e+02
9.900000e-07	2.544301e-09	-1.422861e-08	1.789859e+01	-8.415244e+02
1.000000e-06	2.690328e-09	-1.350073e-08	1.892588e+01	-7.989134e+02
1.010000e-06	2.835411e-09	-1.268718e-08	1.994652e+01	-7.513154e+02
1.020000e-06	2.979498e-09	-1.176839e-08	2.096016e+01	-6.973807e+02
1.030000e-06	3.122483e-09	-1.072160e-08	2.196604e+01	-6.355280e+02
1.040000e-06	3.264267e-09	-9.518494e-09	2.296348e+01	-5.640826e+02
1.050000e-06	3.404747e-09	-8.124514e-09	2.395175e+01	-4.814842e+02
1.060000e-06	3.543893e-09	-6.508719e-09	2.493062e+01	-3.865444e+02
1.070000e-06	3.681708e-09	-4.653445e-09	2.590013e+01	-2.787151e+02
1.080000e-06	3.818149e-09	-2.569009e-09	2.685998e+01	-1.583200e+02
1.090000e-06	3.953208e-09	-3.020843e-10	2.781010e+01	-2.669755e+01
1.100000e-06	4.086874e-09	2.081855e-09	2.875044e+01	1.137834e+02
1.110000e-06	4.219067e-09	4.535032e-09	2.968040e+01	2.598589e+02
1.120000e-06	4.349725e-09	7.029978e-09	3.059956e+01	4.076471e+02
1.130000e-06	4.478834e-09	9.515640e-09	3.150783e+01	5.530325e+02
1.140000e-06	4.606352e-09	1.190370e-08	3.240491e+01	6.920949e+02
1.150000e-06	4.732272e-09	1.410468e-08	3.329075e+01	8.215131e+02
1.160000e-06	4.856535e-09	1.606920e-08	3.416493e+01	9.388705e+02
1.170000e-06	4.979049e-09	1.778819e-08	3.502680e+01	1.042815e+03
1.180000e-06	5.099768e-09	1.927292e-08	3.587605e+01	1.133054e+03
1.190000e-06	5.218623e-09	2.054476e-08	3.671218e+01	1.210194e+03
1.200000e-06	5.335509e-09	2.162874e-08	3.753447e+01	1.275485e+03
1.210000e-06	5.450347e-09	2.254924e-08	3.834234e+01	1.330509e+03
1.220000e-06	5.563087e-09	2.332842e-08	3.913546e+01	1.376907e+03
1.230000e-06	5.673800e-09	2.398619e-08	3.991431e+01	1.416166e+03
1.240000e-06	5.782567e-09	2.454143e-08	4.067948e+01	1.449510e+03
1.250000e-06	5.889297e-09	2.500964e-08	4.143032e+01	1.477882e+03
1.260000e-06	5.993868e-09	2.540367e-08	4.216597e+01	1.502003e+03
1.270000e-06	6.096282e-09	2.573577e-08	4.288644e+01	1.522448e+03
1.280000e-06	6.196520e-09	2.601783e-08	4.359161e+01	1.539727e+03
1.290000e-06	6.294472e-09	2.625944e-08	4.428070e+01	1.554329e+03
1.300000e-06	6.390119e-09	2.646660e-08	4.495356e+01	1.566732e+03
1.310000e-06	6.483539e-09	2.664462e-08	4.561077e+01	1.577381e+03
1.320000e-06	6.574715e-09	2.679900e-08	4.625219e+01	1.586654e+03
1.330000e-06	6.663538e-09	2.693421e-08	4.687705e+01	1.594835e+03
1.340000e-06	6.750019e-09	2.705314e-08	4.748544e+01	1.602115e+03
1.350000e-06	6.834201e-09	2.715774e-08	4.807765e+01	1.608607e+03
1.360000e-06	6.915978e-09	2.725030e-08	4.865295e+01	1.614383e+03
1.370000e-06	6.995223e-09	2.733367e-08	4.921043e+01	1.619504e+03
1.380000e-06	7.071865e-09	2.740834e-08	4.974960e+01	1.624046e+03
1.390000e-06	7.145830e-09	2.747405e-08	5.026994e+01	1.628106e+03
1.400000e-06	7.217197e-09	2.753294e-08	5.077201e+01	1.631784e+03
1.410000e-06	7.286051e-09	2.758908e-08	5.125639e+01	1.635169e+03
1.420000e-06	7.352283e-09	2.764225e-08	5.172233e+01	1.638318e+03
1.430000e-06	7.415893e-09	2.769076e-08	5.216982e+01	1.641249e+03
1.440000e-06	7.477005e-09	2.773443e-08	5.259975e+01	1.643954e+03
1.450000e-06	7.535551e-09	2.777250e-08	5.301161e+01	1.646413e+03
1.460000e-06	7.591389e-09	2.780529e-08	5.340443e+01	1.648620e+03
1.470000e-06	7.644301e-09	2.783295e-08	5.377666e+01	1.650589e+03
1.480000e-06	7.694052e-09	2.785817e-08	5.412666e+01	1.652361e+03
1.490000e-06	7.740828e-09	2.788392e-08	5.445573e+01	1.653987e+03
1.500000e-06	7.784864e-09	2.791019e-08	5.476552e+01	1.655514e+03
1.510000e-06	7.826114e-09	2.793513e-08	5.505572e+01	1.656962e+03
1.520000e-06	7.864628e-09	2.795738e-08	5.532666e+01	1.658323e+03
1.530000e-06	7.900449e-09	2.797566e-08	5.557867e+01	1.659567e+03
1.540000e-06	7.933453e-09	2.798913e-08	5.581085e+01	1.660654e+03
1.550000e-06	7.963696e-09	2.799828e-08	5.602361e+01	1.661562e+03
1.560000e-06	7.991199e-09	2.800489e-08	5.621709e+01	1.662291e+03
1.570000e-06	8.015805e-09	2.801101e-08	5.639020e+01	1.662871e+03
1.580000e-06	8.037594e-09	2.801774e-08	5.654349e+01	1.663350e+03
1.590000e-06	8.056648e-09	2.802514e-08	5.667754e+01	1.663771e+03
1.600000e-06	8.072797e-09	2.803154e-08	5.679115e+01	1.664160e+03
1.610000e-06	8.085883e-09	2.803586e-08	5.688322e+01	1.664509e+03
1.620000e-06	8.095843e-09	2.803765e-08	5.695329e+01	1.664785e+03
1.630000e-06	8.102841e-09	2.803664e-08	5.700252e+01	1.664942e+03
1.640000e-06	8.107033e-09	2.803192e-08	5.703202e+01	1.664945e+03
1.650000e-06	8.108362e-09	2.802381e-08	5.704138e+01	1.664784e+03
1.660000e-06	8.106949e-09	2.801844e-08	5.703143e+01	1.664482e+03
1.670000e-06	8.102875e-09	2.801543e-08	5.700278e+01	1.664086e+03
1.680000e-06	8.096068e-09	2.800918e-08	5.695490e+01	1.663645e+03
1.690000e-06	8.086555e-09	2.800090e-08	5.688798e+01	1.663195e+03
1.700000e-06	8.074234e-09	2.799142e-08	5.680131e+01	1.662733e+03
1.710000e-06	8.059130e-09	2.797700e-08	5.669506e+01	1.662224e+03
1.720000e-06	8.041581e-09	2.795153e-08	5.657161e+01	1.661610e+03
1.730000e-06	8.021641e-09	2.794850e-08	5.643134e+01	1.660833e+03
1.740000e-06	7.998757e-09	2.797736e-08	5.627036e+01	1.659861e+03
1.750000e-06	7.972242e-09	2.794905e-08	5.608383e+01	1.658702e+03
1.760000e-06	7.942046e-09	2.789132e-08	5.587142e+01	1.657404e+03
1.770000e-06	7.908875e-09	2.786102e-08	5.563807e+01	1.656038e+03
1.780000e-06	7.873319e-09	2.782260e-08	5.538794e+01	1.654670e+03
1.790000e-06	7.835512e-09	2.777583e-08	5.512198e+01	1.653338e+03
1.800000e-06	7.795641e-09	2.781117e-08	5.484149e+01	1.652039e+03
1.810000e-06	7.753466e-09	2.777780e-08	5.454479e+01	1.650725e+03
1.820000e-06	7.708601e-09	2.772338e-08	5.422918e+01	1.649326e+03
1.830000e-06	7.661011e-09	2.776729e-08	5.389440e+01	1.647772e+03
1.840000e-06	7.610338e-09	2.768948e-08	5.353793e+01	1.646023e+03
1.850000e-06	7.556565e-09	2.765455e-08	5.315964e+01	1.644076e+03
1.860000e-06	7.500015e-09	2.761032e-08	5.276183e+01	1.641966e+03
1.870000e-06	7.440797e-09	2.756847e-08	5.234524e+01	1.639749e+03
1.880000e-06	7.379021e-09	2.758186e-08	5.191066e+01	1.637476e+03
1.890000e-06	7.314537e-09	2.750723e-08	5.145703e+01	1.635170e+03
1.900000e-06	7.247306e-09	2.749840e-08	5.098407e+01	1.632823e+03
1.910000e-06	7.177278e-09	2.743722e-08	5.049144e+01	1.630392e+03
1.920000e-06	7.104462e-09	2.736812e-08	4.997919e+01	1.627828e+03
1.930000e-06	7.028982e-09	2.732536e-08	4.944820e+01	1.625089e+03
1.940000e-06	6.950772e-09	2.726379e-08	4.889801e+01	1.622163e+03
1.950000e-06	6.870017e-09	2.725608e-08	4.832991e+01	1.619070e+03
1.960000e-06	6.786844e-09	2.718646e-08	4.774480e+01	1.615856e+03
1.970000e-06	6.701206e-09	2.714546e-08	4.714235e+01	1.612573e+03
1.980000e-06	6.613121e-09	2.707927e-08	4.652269e+01	1.609255e+03
1.990000e-06	6.522697e-09	2.700071e-08	4.588657e+01	1.605905e+03
2.000000e-06	6.430023e-09	2.694580e-08	4.523462e+01	1.602495e+03
2.010000e-06	6.335039e-09	2.687127e-08	4.456643e+01	1.598974e+03
2.020000e-06	6.237820e-09	2.683218e-08	4.388251e+01	1.595291e+03
2.030000e-06	6.138393e-09	2.676316e-08	4.318305e+01	1.591414e+03
2.040000e-06	6.036734e-09	2.670641e-08	4.246790e+01	1.587341e+03
2.050000e-06	5.932867e-09	2.662747e-08	4.173721e+01	1.583101e+03
2.060000e-06	5.826901e-09	2.654962e-08	4.099176e+01	1.578741e+03
2.070000e-06	5.718917e-09	2.647039e-08	4.023210e+01	1.574305e+03
2.080000e-06	5.608860e-09	2.638571e-08	3.945787e+01	1.569814e+03
2.090000e-06	5.496710e-09	2.631655e-08	3.866892e+01	1.565259e+03
2.100000e-06	5.382416e-09	2.623761e-08	3.786487e+01	1.560608e+03
2.110000e-06	5.266019e-09	2.616454e-08	3.704604e+01	1.555811e+03
2.120000e-06	5.147559e-09	2.607536e-08	3.621269e+01	1.550828e+03
2.130000e-06	5.027177e-09	2.598600e-08	3.536582e+01	1.545642e+03
2.140000e-06	4.905021e-09	2.588729e-08	3.450647e+01	1.540259e+03
2.150000e-06	4.781088e-09	2.579289e-08	3.363462e+01	1.534712e+03
2.160000e-06	4.655425e-09	2.569731e-08	3.275060e+01	1.529039e+03
2.170000e-06	4.528091e-09	2.560316e-08	3.185482e+01	1.523265e+03
2.180000e-06	4.399166e-09	2.550658e-08	3.094785e+01	1.517397e+03
2.190000e-06	4.268695e-09	2.540766e-08	3.003000e+01	1.511413e+03
2.200000e-06	4.136694e-09	2.530274e-08	2.910140e+01	1.505276e+03
2.210000e-06	4.003232e-09	2.518976e-08	2.816251e+01	1.498946e+03
2.220000e-06	3.868322e-09	2.507724e-08	2.721343e+01	1.492398e+03
2.230000e-06	3.731948e-09	2.496317e-08	2.625406e+01	1.485629e+03
2.240000e-06	3.594188e-09	2.485129e-08	2.528494e+01	1.478659e+03
2.250000e-06	3.455086e-09	2.473245e-08	2.430638e+01	1.471521e+03
2.260000e-06	3.314691e-09	2.461191e-08	2.331872e+01	1.464241e+03
2.270000e-06	3.173059e-09	2.448274e-08	2.232236e+01	1.456832e+03
2.280000e-06	3.030238e-09	2.434889e-08	2.131763e+01	1.449281e+03
2.290000e-06	2.886295e-09	2.421251e-08	2.030501e+01	1.441558e+03
2.300000e-06	2.741327e-09	2.407825e-08	1.928518e+01	1.433624e+03
2.310000e-06	2.595429e-09	2.394333e-08	1.825881e+01	1.425446e+03
2.320000e-06	2.448624e-09	2.380313e-08	1.722605e+01	1.417012e+03
2.330000e-06	2.300930e-09	2.365863e-08	1.618704e+01	1.408327e+03
2.340000e-06	2.152399e-09	2.350732e-08	1.514215e+01	1.399413e+03
2.350000e-06	2.003136e-09	2.335002e-08	1.409210e+01	1.390292e+03
2.360000e-06	1.853200e-09	2.318740e-08	1.303732e+01	1.380972e+03
2.370000e-06	1.702642e-09	2.302429e-08	1.197816e+01	1.371444e+03
2.380000e-06	1.551515e-09	2.285978e-08	1.091500e+01	1.361677e+03
2.390000e-06	1.399817e-09	2.269087e-08	9.847823e+00	1.351628e+03
2.400000e-06	1.247596e-09	2.251561e-08	8.776965e+00	1.341260e+03
2.410000e-06	1.094922e-09	2.233416e-08	7.702920e+00	1.330548e+03
2.420000e-06	9.418400e-10	2.214684e-08	6.626008e+00	1.319489e+03
2.430000e-06	7.884336e-10	2.195360e-08	5.546811e+00	1.308090e+03
2.440000e-06	6.347672e-10	2.175443e-08	4.465787e+00	1.296359e+03
2.450000e-06	4.808682e-10	2.155108e-08	3.383124e+00	1.284283e+03
2.460000e-06	3.268067e-10	2.134182e-08	2.299320e+00	1.271817e+03
2.470000e-06	1.726382e-10	2.112372e-08	1.214762e+00	1.258876e+03
2.480000e-06	1.840604e-11	2.089444e-08	1.297568e-01	1.245348e+03
2.490000e-06	-1.358084e-10	2.065319e-08	-9.551243e-01	1.231104e+03
2.500000e-06	-2.899442e-10	2.039848e-08	-2.039453e+00	1.216026e+03
2.510000e-06	-4.439486e-10	2.012893e-08	-3.122856e+00	1.200023e+03
2.520000e-06	-5.977806e-10	1.984435e-08	-4.205048e+00	1.183035e+03
2.530000e-06	-7.513973e-10	1.954315e-08	-5.285724e+00	1.165030e+03
2.540000e-06	-9.047327e-10	1.922391e-08	-6.364423e+00	1.145986e+03
2.550000e-06	-1.057722e-09	1.888408e-08	-7.440687e+00	1.125872e+03
2.560000e-06	-1.210290e-09	1.852382e-08	-8.513992e+00	1.104626e+03
2.570000e-06	-1.362366e-09	1.814308e-08	-9.583827e+00	1.082147e+03
2.580000e-06	-1.513906e-09	1.774052e-08	-1.064990e+01	1.058296e+03
2.590000e-06	-1.664889e-09	1.731375e-08	-1.171205e+01	1.032911e+03
2.600000e-06	-1.815289e-09	1.686103e-08	-1.277009e+01	1.005814e+03
2.610000e-06	-1.965064e-09	1.637920e-08	-1.382374e+01	9.768209e+02
2.620000e-06	-2.114132e-09	1.586159e-08	-1.487242e+01	9.457246e+02
2.630000e-06	-2.262424e-09	1.530176e-08	-1.591564e+01	9.122599e+02
2.640000e-06	-2.409922e-09	1.469310e-08	-1.695327e+01	8.760434e+02
2.650000e-06	-2.556567e-09	1.402818e-08	-1.798490e+01	8.365015e+02
2.660000e-06	-2.702305e-09	1.329400e-08	-1.901016e+01	7.928036e+02
2.670000e-06	-2.847101e-09	1.247263e-08	-2.002878e+01	7.438226e+02
2.680000e-06	-2.990850e-09	1.154472e-08	-2.104005e+01	6.881463e+02
2.690000e-06	-3.133454e-09	1.048728e-08	-2.204324e+01	6.241568e+02
2.700000e-06	-3.274852e-09	9.270655e-09	-2.303797e+01	5.501861e+02
2.710000e-06	-3.415004e-09	7.861614e-09	-2.402392e+01	4.647386e+02
2.720000e-06	-3.553863e-09	6.232541e-09	-2.500077e+01	3.667546e+02
2.730000e-06	-3.691396e-09	4.371584e-09	-2.596831e+01	2.558751e+02
2.740000e-06	-3.827543e-09	2.295710e-09	-2.692609e+01	1.326562e+02
2.750000e-06	-3.962257e-09	5.372611e-11	-2.787379e+01	-1.314782e+00
2.760000e-06	-4.095557e-09	-2.293456e-09	-2.881154e+01	-1.434389e+02
2.770000e-06	-4.227405e-09	-4.697730e-09	-2.973907e+01	-2.902761e+02
2.780000e-06	-4.357762e-09	-7.127006e-09	-3.065612e+01	-4.378525e+02
2.790000e-06	-4.486613e-09	-9.546491e-09	-3.156258e+01	-5.820612e+02
2.800000e-06	-4.613869e-09	-1.188493e-08	-3.245782e+01	-7.190919e+02
2.810000e-06	-4.739479e-09	-1.404865e-08	-3.334147e+01	-8.458165e+02
2.820000e-06	-4.863410e-09	-1.598184e-08	-3.421331e+01	-9.600641e+02
2.830000e-06	-4.985607e-09	-1.767588e-08	-3.507296e+01	-1.060741e+03
2.840000e-06	-5.105993e-09	-1.914134e-08	-3.591987e+01	-1.147787e+03
2.850000e-06	-5.224451e-09	-2.039791e-08	-3.675320e+01	-1.221986e+03
2.860000e-06	-5.340844e-09	-2.146852e-08	-3.757201e+01	-1.284693e+03
2.870000e-06	-5.455037e-09	-2.237608e-08	-3.837535e+01	-1.337528e+03
2.880000e-06	-5.567016e-09	-2.314439e-08	-3.916311e+01	-1.382108e+03
2.890000e-06	-5.676882e-09	-2.379394e-08	-3.993601e+01	-1.419864e+03
2.900000e-06	-5.784778e-09	-2.434194e-08	-4.069505e+01	-1.451951e+03
2.910000e-06	-5.890766e-09	-2.480417e-08	-4.144067e+01	-1.479254e+03
2.920000e-06	-5.994713e-09	-2.519536e-08	-4.217192e+01	-1.502452e+03
2.930000e-06	-6.096443e-09	-2.552750e-08	-4.288759e+01	-1.522099e+03
2.940000e-06	-6.195939e-09	-2.581053e-08	-4.358753e+01	-1.538698e+03
2.950000e-06	-6.293300e-09	-2.605335e-08	-4.427246e+01	-1.552736e+03
2.960000e-06	-6.388484e-09	-2.626298e-08	-4.494207e+01	-1.564686e+03
2.970000e-06	-6.481350e-09	-2.644473e-08	-4.559537e+01	-1.574978e+03
2.980000e-06	-6.571923e-09	-2.660254e-08	-4.623255e+01	-1.583970e+03
2.990000e-06	-6.660223e-09	-2.673958e-08	-4.685374e+01	-1.591923e+03
3.000000e-06	-6.746119e-09	-2.685976e-08	-4.745801e+01	-1.599008e+03
3.010000e-06	-6.829576e-09	-2.696598e-08	-4.804512e+01	-1.605324e+03
3.020000e-06	-6.910669e-09	-2.706025e-08	-4.861561e+01	-1.610938e+03
3.030000e-06	-6.989261e-09	-2.714484e-08	-4.916850e+01	-1.615914e+03
3.040000e-06	-7.065133e-09	-2.722148e-08	-4.970225e+01	-1.620334e+03
3.050000e-06	-7.138352e-09	-2.729139e-08	-5.021734e+01	-1.624295e+03
3.060000e-06	-7.209003e-09	-2.735592e-08	-5.071437e+01	-1.627898e+03
3.070000e-06	-7.277049e-09	-2.741634e-08	-5.119307e+01	-1.631224e+03
3.080000e-06	-7.342550e-09	-2.747228e-08	-5.165387e+01	-1.634321e+03
3.090000e-06	-7.405479e-09	-2.752249e-08	-5.209657e+01	-1.637200e+03
3.100000e-06	-7.465735e-09	-2.756755e-08	-5.252047e+01	-1.639849e+03
3.110000e-06	-7.523314e-09	-2.760841e-08	-5.292553e+01	-1.642248e+03
3.120000e-06	-7.578135e-09	-2.764558e-08	-5.331120e+01	-1.644396e+03
3.130000e-06	-7.630005e-09	-2.768014e-08	-5.367610e+01	-1.646315e+03
3.140000e-06	-7.678775e-09	-2.771354e-08	-5.401919e+01	-1.648049e+03
3.150000e-06	-7.724628e-09	-2.774559e-08	-5.434177e+01	-1.649650e+03
3.160000e-06	-7.767950e-09	-2.777586e-08	-5.464654e+01	-1.651158e+03
3.170000e-06	-7.808769e-09	-2.780384e-08	-5.493370e+01	-1.652588e+03
3.180000e-06	-7.846855e-09	-2.782796e-08	-5.520164e+01	-1.653925e+03
3.190000e-06	-7.882162e-09	-2.784948e-08	-5.545003e+01	-1.655135e+03
3.200000e-06	-7.914708e-09	-2.786799e-08	-5.567899e+01	-1.656182e+03
3.210000e-06	-7.944370e-09	-2.788506e-08	-5.588766e+01	-1.657046e+03
3.220000e-06	-7.971179e-09	-2.790138e-08	-5.607626e+01	-1.657737e+03
3.230000e-06	-7.995206e-09	-2.791592e-08	-5.624529e+01	-1.658290e+03
3.240000e-06	-8.016364e-09	-2.792834e-08	-5.639414e+01	-1.658753e+03
3.250000e-06	-8.034705e-09	-2.793894e-08	-5.652317e+01	-1.659167e+03
3.260000e-06	-8.050177e-09	-2.794836e-08	-5.663202e+01	-1.659549e+03
3.270000e-06	-8.062561e-09	-2.795673e-08	-5.671915e+01	-1.659885e+03
3.280000e-06	-8.071941e-09	-2.796260e-08	-5.678514e+01	-1.660138e+03
3.290000e-06	-8.078405e-09	-2.796554e-08	-5.683062e+01	-1.660261e+03
3.300000e-06	-8.082006e-09	-2.796688e-08	-5.685596e+01	-1.660225e+03
3.310000e-06	-8.082873e-09	-2.796629e-08	-5.686206e+01	-1.660028e+03
