# Configuracion:
# Concentracion g/m^3_=_23900.0
# C_Vs_to_Am_M_A/Vsm_=_59384043850.047264
# pendiente_HvsI_1/m_=_3716.3
# ordenada_HvsI_A/m_=_1297.0
# frecuencia_ref_Hz_=_301340.4293947948
# 
Resultados:
# tau_ns_=_(3.12+/-0.05)e+02
# dphi_rad_=_6.82+/-0.01
# SAR_W/g_=_2078.93+/-35.72
# Hc_kA/m_=_28.68+/-0.45
# Mr_A/m_=_1103.16+/-39.90
# Magnetizacion_max_=_1502.23+/-26.19
# Suceptibilidad_a_M=0_=_(1.210+/-0.110)e-01

Nombre_archivo	Time_m_(s)	Temperatura_(ºC)	Mr_(A/m)	Hc_(kA/m)	Campo_max_(A/m)	Mag_max_(A/m)	f0	mag0	dphi0	SAR_(W/g)	Tau_(ns)	N	xi_M_0
300kHz_125dA_100Mss_bobN1M17-0009.txt	3.35	23.12	1023.02	29.24	47750.75	1448.49	3.012696e+05	1.208214e+02	6.822591e+00	1991.04	316.203893	4647	1.008e-01
300kHz_125dA_100Mss_bobN1M17-0010.txt	3.83	26.72	1048.60	29.17	47750.75	1468.44	3.012696e+05	1.230224e+02	6.822840e+00	2028.16	316.382580	4647	1.072e-01
300kHz_125dA_100Mss_bobN1M17-0011.txt	4.29	30.58	1063.74	29.11	47750.75	1478.20	3.012696e+05	1.241914e+02	6.822913e+00	2047.68	316.433623	4647	1.108e-01
300kHz_125dA_100Mss_bobN1M17-0012.txt	4.75	34.67	1076.45	29.05	47750.75	1485.60	3.012696e+05	1.252173e+02	6.822655e+00	2063.70	316.248493	4647	1.153e-01
300kHz_125dA_100Mss_bobN1M17-0013.txt	5.2	38.72	1088.44	28.94	47750.75	1490.71	3.012696e+05	1.259752e+02	6.821913e+00	2073.62	315.717786	4647	1.123e-01
300kHz_125dA_100Mss_bobN1M17-0014.txt	5.65	42.82	1098.18	28.92	47750.75	1497.39	3.012696e+05	1.267898e+02	6.822184e+00	2087.97	315.911644	4647	1.221e-01
300kHz_125dA_100Mss_bobN1M17-0015.txt	6.12	47.07	1109.62	28.77	47750.75	1506.21	3.012696e+05	1.278026e+02	6.819624e+00	2095.64	314.079272	4647	1.184e-01
300kHz_125dA_100Mss_bobN1M17-0016.txt	6.56	50.98	1119.31	28.56	47750.75	1513.63	3.012696e+05	1.287619e+02	6.815656e+00	2097.26	311.248501	4647	1.242e-01
300kHz_125dA_100Mss_bobN1M17-0017.txt	7.02	55.07	1125.19	28.68	47750.75	1513.31	3.012696e+05	1.288929e+02	6.819860e+00	2114.36	314.250004	4647	1.256e-01
300kHz_125dA_100Mss_bobN1M17-0018.txt	7.47	58.99	1134.02	28.43	47750.75	1522.31	3.012696e+05	1.299101e+02	6.814168e+00	2110.62	310.191292	4647	1.309e-01
300kHz_125dA_100Mss_bobN1M17-0019.txt	8.4	67.00	1146.97	28.06	47750.75	1533.87	3.012696e+05	1.313822e+02	6.806180e+00	2105.43	304.543148	4647	1.317e-01
300kHz_125dA_100Mss_bobN1M17-0020.txt	8.87	70.99	1152.02	27.96	47750.75	1536.07	3.012696e+05	1.317473e+02	6.804603e+00	2105.50	303.433354	4647	1.352e-01
300kHz_125dA_100Mss_bobN1M17-0021.txt	9.32	74.69	1155.56	27.91	47750.75	1534.75	3.012696e+05	1.318389e+02	6.804104e+00	2105.14	303.085308	4647	1.382e-01
