# Configuracion:
# Concentracion g/m^3_=_16500.0
# C_Vs_to_Am_M_A/Vsm_=_65563218390.804596
# pendiente_HvsI_1/m_=_3716.3
# ordenada_HvsI_A/m_=_1297.0
# frecuencia_ref_Hz_=_302521.31794679025
# 
Resultados:
# tau_ns_=_(1.30+/-0.10)e+02
# dphi_rad_=_6.53+/-0.02
# SAR_W/g_=_1472.51+/-228.16
# Hc_kA/m_=_16.32+/-1.02
# Mr_A/m_=_931.72+/-94.76
# Magnetizacion_max_=_1206.07+/-103.43
# Suceptibilidad_a_M=0_=_(1.417+/-0.116)e-01

Nombre_archivo	Time_m_(s)	Temperatura_(ºC)	Mr_(A/m)	Hc_(kA/m)	Campo_max_(A/m)	Mag_max_(A/m)	f0	mag0	dphi0	SAR_(W/g)	Tau_(ns)	N	xi_M_0
300kHz_150dA_100Mss_bobN1M16-0009.txt	9.57	27.20	1038.25	18.30	57041.50	1311.18	3.025719e+05	1.079557e+02	6.559689e+00	1814.16	149.284570	4627	1.512e-01
300kHz_150dA_100Mss_bobN1M16-0010.txt	10.03	27.38	1038.31	18.17	57041.50	1314.51	3.025719e+05	1.082096e+02	6.557394e+00	1803.72	147.981065	4627	1.499e-01
300kHz_150dA_100Mss_bobN1M16-0011.txt	10.48	30.08	1038.07	18.02	57041.50	1311.29	3.025719e+05	1.080493e+02	6.555471e+00	1788.73	146.889733	4627	1.509e-01
300kHz_150dA_100Mss_bobN1M16-0012.txt	10.93	32.78	1039.29	17.97	57041.50	1313.16	3.025719e+05	1.082017e+02	6.554549e+00	1785.33	146.366344	4627	1.511e-01
300kHz_150dA_100Mss_bobN1M16-0013.txt	11.38	35.44	1040.61	17.83	57041.50	1313.12	3.025719e+05	1.082595e+02	6.552819e+00	1775.18	145.386572	4627	1.528e-01
300kHz_150dA_100Mss_bobN1M16-0014.txt	11.83	38.10	1039.65	17.65	57041.50	1315.13	3.025719e+05	1.084155e+02	6.549290e+00	1755.02	143.389532	4627	1.537e-01
300kHz_150dA_100Mss_bobN1M16-0015.txt	12.29	40.72	1042.25	17.53	57041.50	1323.04	3.025719e+05	1.090473e+02	6.547239e+00	1751.97	142.231163	4627	1.551e-01
300kHz_150dA_100Mss_bobN1M16-0016.txt	12.74	43.24	1045.07	17.48	57041.50	1323.90	3.025719e+05	1.091542e+02	6.546765e+00	1750.61	141.963392	4627	1.555e-01
300kHz_150dA_100Mss_bobN1M16-0017.txt	13.2	45.82	1046.25	17.42	57041.50	1323.13	3.025719e+05	1.091560e+02	6.546148e+00	1746.64	141.615379	4627	1.555e-01
300kHz_150dA_100Mss_bobN1M16-0018.txt	13.65	48.34	1044.19	17.27	57041.50	1327.27	3.025719e+05	1.094052e+02	6.543223e+00	1731.60	139.966655	4627	1.536e-01
300kHz_150dA_100Mss_bobN1M16-0019.txt	14.54	53.00	1036.79	17.09	57041.50	1317.55	3.025065e+05	1.086819e+02	6.540526e+00	1702.33	138.448886	4628	1.514e-01
300kHz_150dA_100Mss_bobN1M16-0020.txt	15.0	55.30	1025.43	16.84	57041.50	1305.93	3.025719e+05	1.077338e+02	6.536219e+00	1660.22	136.027787	4627	1.519e-01
300kHz_150dA_100Mss_bobN1M16-0021.txt	15.45	57.24	1015.91	16.79	57041.50	1296.28	3.025719e+05	1.068653e+02	6.534867e+00	1638.22	135.269972	4627	1.510e-01
300kHz_150dA_100Mss_bobN1M16-0022.txt	15.94	59.34	1000.46	16.61	57041.50	1279.65	3.025719e+05	1.054801e+02	6.531564e+00	1596.20	133.418917	4627	1.518e-01
300kHz_150dA_100Mss_bobN1M16-0023.txt	16.39	60.81	986.64	16.61	57041.50	1260.29	3.025719e+05	1.038990e+02	6.531979e+00	1574.85	133.651808	4627	1.495e-01
300kHz_150dA_100Mss_bobN1M16-0024.txt	16.84	62.20	965.12	16.39	57041.50	1233.62	3.025719e+05	1.017483e+02	6.528197e+00	1519.28	131.534740	4627	1.491e-01
300kHz_150dA_100Mss_bobN1M16-0025.txt	17.3	63.30	944.16	16.28	57041.50	1212.20	3.025719e+05	9.987755e+01	6.525969e+00	1478.05	130.290374	4627	1.467e-01
300kHz_150dA_100Mss_bobN1M16-0026.txt	17.75	64.20	918.40	16.18	57041.50	1182.90	3.025719e+05	9.740071e+01	6.523848e+00	1429.05	129.107006	4627	1.399e-01
300kHz_150dA_100Mss_bobN1M16-0027.txt	18.2	64.92	891.25	16.03	57041.50	1148.98	3.025719e+05	9.463190e+01	6.521558e+00	1375.47	127.830256	4627	1.371e-01
300kHz_150dA_100Mss_bobN1M16-0028.txt	18.64	65.40	863.46	15.89	57041.50	1122.29	3.025719e+05	9.231649e+01	6.518355e+00	1324.12	126.046687	4627	1.321e-01
300kHz_150dA_100Mss_bobN1M16-0029.txt	19.09	65.76	837.64	15.79	57041.50	1088.23	3.025719e+05	8.959410e+01	6.517329e+00	1279.57	125.476828	4627	1.280e-01
300kHz_150dA_100Mss_bobN1M16-0030.txt	19.54	65.58	812.15	15.62	57041.50	1062.76	3.025719e+05	8.740109e+01	6.513431e+00	1227.84	123.311035	4627	1.246e-01
300kHz_150dA_100Mss_bobN1M16-0031.txt	20.0	65.40	790.71	15.45	57041.50	1039.71	3.025719e+05	8.546973e+01	6.510769e+00	1187.07	121.834576	4627	1.225e-01
300kHz_150dA_100Mss_bobN1M16-0032.txt	20.46	63.79	772.29	15.35	57041.50	1021.28	3.025719e+05	8.390591e+01	6.508443e+00	1153.64	120.546742	4627	1.199e-01
300kHz_150dA_100Mss_bobN1M16-0033.txt	20.91	62.22	771.13	15.27	57041.50	1018.98	3.025719e+05	8.374026e+01	6.507363e+00	1145.94	119.947877	4627	1.180e-01
300kHz_150dA_100Mss_bobN1M16-0034.txt	21.36	61.83	784.58	15.23	57041.50	1039.32	3.025719e+05	8.529904e+01	6.505003e+00	1155.18	118.642329	4627	1.213e-01
300kHz_150dA_100Mss_bobN1M16-0035.txt	21.82	61.74	790.80	15.20	57041.50	1046.79	3.025719e+05	8.597176e+01	6.505571e+00	1167.22	118.956233	4627	1.227e-01
300kHz_150dA_100Mss_bobN1M16-0036.txt	22.29	63.64	818.82	15.31	57041.50	1079.57	3.025719e+05	8.866674e+01	6.507644e+00	1214.85	120.103764	4627	1.274e-01
300kHz_150dA_100Mss_bobN1M16-0037.txt	22.74	66.66	843.40	15.40	57041.50	1117.11	3.025719e+05	9.158121e+01	6.507472e+00	1253.84	120.009296	4627	1.333e-01
300kHz_150dA_100Mss_bobN1M16-0038.txt	23.64	69.17	855.81	15.29	57041.50	1130.99	3.025719e+05	9.283398e+01	6.506521e+00	1265.69	119.481964	4627	1.361e-01
300kHz_150dA_100Mss_bobN1M16-0039.txt	24.08	70.24	879.94	15.34	57041.50	1166.74	3.025719e+05	9.566046e+01	6.506252e+00	1302.68	119.332768	4627	1.407e-01
300kHz_150dA_100Mss_bobN1M16-0040.txt	24.53	73.84	886.66	15.34	57041.50	1178.84	3.025719e+05	9.663807e+01	6.506286e+00	1316.19	119.352325	4627	1.385e-01
300kHz_150dA_100Mss_bobN1M16-0041.txt	24.98	77.44	883.20	15.32	57041.50	1173.74	3.025719e+05	9.625284e+01	6.506396e+00	1311.58	119.412795	4627	1.378e-01
300kHz_150dA_100Mss_bobN1M16-0042.txt	25.43	81.60	910.54	15.39	57041.50	1215.76	3.025719e+05	9.957826e+01	6.506797e+00	1359.29	119.634035	4627	1.446e-01
300kHz_150dA_100Mss_bobN1M16-0043.txt	25.9	85.97	914.87	15.35	57041.50	1220.28	3.025719e+05	9.998104e+01	6.506544e+00	1363.27	119.494737	4627	1.424e-01
300kHz_150dA_100Mss_bobN1M16-0044.txt	26.35	87.11	935.75	15.41	57041.50	1250.56	3.025719e+05	1.024079e+02	6.506938e+00	1398.78	119.712589	4627	1.479e-01
300kHz_150dA_100Mss_bobN1M16-0045.txt	26.79	87.37	925.83	15.35	57041.50	1238.62	3.025719e+05	1.014071e+02	6.506010e+00	1379.46	119.198883	4627	1.465e-01
