# Configuracion:
# Concentracion g/m^3_=_16500.0
# C_Vs_to_Am_M_A/Vsm_=_65563218390.804596
# pendiente_HvsI_1/m_=_3716.3
# ordenada_HvsI_A/m_=_1297.0
# frecuencia_ref_Hz_=_302066.09205008746
# 
Resultados:
# tau_ns_=_(2.42+/-0.19)e+02
# dphi_rad_=_6.71+/-0.03
# SAR_W/g_=_1630.98+/-229.10
# Hc_kA/m_=_17.75+/-1.06
# Mr_A/m_=_944.47+/-88.94
# Magnetizacion_max_=_1168.71+/-94.86
# Suceptibilidad_a_M=0_=_(1.322+/-0.138)e-01

Nombre_archivo	Time_m_(s)	Temperatura_(ºC)	Mr_(A/m)	Hc_(kA/m)	Campo_max_(A/m)	Mag_max_(A/m)	f0	mag0	dphi0	SAR_(W/g)	Tau_(ns)	N	xi_M_0
300kHz_100dA_100Mss_bobN1M16-0011.txt	6.36	23.49	1019.21	19.48	38460.00	1243.75	3.020496e+05	1.000052e+02	6.759314e+00	1899.14	271.771153	4635	1.488e-01
300kHz_100dA_100Mss_bobN1M16-0012.txt	6.8	26.04	1022.06	19.38	38460.00	1249.36	3.020496e+05	1.004266e+02	6.756745e+00	1897.64	270.057366	4635	1.484e-01
300kHz_100dA_100Mss_bobN1M16-0013.txt	7.25	28.58	1022.95	19.28	38460.00	1245.83	3.019845e+05	1.002994e+02	6.755032e+00	1888.49	268.920337	4636	1.477e-01
300kHz_100dA_100Mss_bobN1M16-0014.txt	7.85	31.88	1021.74	19.14	38460.00	1249.82	3.020496e+05	1.004476e+02	6.750050e+00	1873.20	265.619340	4635	1.470e-01
300kHz_100dA_100Mss_bobN1M16-0015.txt	8.29	34.24	1022.81	19.08	38460.00	1249.84	3.020496e+05	1.004907e+02	6.749204e+00	1870.85	265.060498	4635	1.465e-01
300kHz_100dA_100Mss_bobN1M16-0016.txt	8.74	36.62	1023.81	18.99	38460.00	1251.05	3.020496e+05	1.006478e+02	6.746973e+00	1865.46	263.590748	4635	1.465e-01
300kHz_100dA_100Mss_bobN1M16-0017.txt	9.2	39.02	1023.31	18.88	38460.00	1253.34	3.020496e+05	1.007649e+02	6.743507e+00	1854.68	261.310002	4635	1.446e-01
300kHz_100dA_100Mss_bobN1M16-0018.txt	9.64	41.26	1025.18	18.81	38460.00	1255.16	3.020496e+05	1.009585e+02	6.742000e+00	1852.59	260.322310	4635	1.443e-01
300kHz_100dA_100Mss_bobN1M16-0019.txt	10.59	43.10	1027.93	18.66	38460.00	1254.58	3.019845e+05	1.010896e+02	6.739473e+00	1845.11	258.667982	4636	1.434e-01
300kHz_100dA_100Mss_bobN1M16-0020.txt	11.05	43.35	1030.80	18.50	38460.00	1262.51	3.020496e+05	1.016793e+02	6.734219e+00	1836.37	255.239857	4635	1.456e-01
300kHz_100dA_100Mss_bobN1M16-0021.txt	11.5	45.55	1031.95	18.45	38460.00	1260.92	3.020496e+05	1.016485e+02	6.733664e+00	1833.71	254.879025	4635	1.443e-01
300kHz_100dA_100Mss_bobN1M16-0022.txt	11.95	47.76	1032.56	18.36	38460.00	1261.84	3.020496e+05	1.017489e+02	6.731631e+00	1827.81	253.560334	4635	1.438e-01
300kHz_100dA_100Mss_bobN1M16-0023.txt	12.4	49.96	1029.33	18.25	38460.00	1262.40	3.020496e+05	1.017143e+02	6.727744e+00	1812.41	251.042980	4635	1.419e-01
300kHz_100dA_100Mss_bobN1M16-0024.txt	12.84	52.12	1025.24	18.15	38460.00	1257.60	3.020496e+05	1.013781e+02	6.725218e+00	1796.83	249.409445	4635	1.414e-01
300kHz_100dA_100Mss_bobN1M16-0025.txt	13.29	54.29	1017.24	18.05	38460.00	1249.02	3.020496e+05	1.006857e+02	6.722173e+00	1773.07	247.449388	4635	1.412e-01
300kHz_100dA_100Mss_bobN1M16-0026.txt	13.74	56.45	1007.02	17.92	38460.00	1239.33	3.020496e+05	9.988982e+01	6.718502e+00	1745.29	245.092264	4635	1.389e-01
300kHz_100dA_100Mss_bobN1M16-0027.txt	14.18	58.47	992.13	17.77	38460.00	1222.92	3.020496e+05	9.857283e+01	6.714011e+00	1705.63	242.218792	4635	1.376e-01
300kHz_100dA_100Mss_bobN1M16-0028.txt	14.63	60.41	974.70	17.66	38460.00	1201.91	3.020496e+05	9.692673e+01	6.711044e+00	1666.32	240.326306	4635	1.350e-01
300kHz_100dA_100Mss_bobN1M16-0029.txt	15.08	62.29	955.41	17.51	38460.00	1183.97	3.019845e+05	9.544835e+01	6.705985e+00	1622.33	237.113619	4636	1.328e-01
300kHz_100dA_100Mss_bobN1M16-0030.txt	15.53	63.91	933.95	17.42	38460.00	1158.88	3.019845e+05	9.340714e+01	6.703693e+00	1579.54	235.663775	4636	1.278e-01
300kHz_100dA_100Mss_bobN1M16-0031.txt	15.98	65.53	912.48	17.30	38460.00	1134.45	3.020496e+05	9.141234e+01	6.700082e+00	1533.65	233.386008	4635	1.262e-01
300kHz_100dA_100Mss_bobN1M16-0032.txt	16.42	66.73	891.29	17.17	38460.00	1109.14	3.019845e+05	8.945706e+01	6.696832e+00	1489.50	231.339457	4636	1.228e-01
300kHz_100dA_100Mss_bobN1M16-0033.txt	16.91	68.06	867.68	17.01	38460.00	1084.90	3.020496e+05	8.737614e+01	6.691836e+00	1438.58	228.207003	4635	1.182e-01
300kHz_100dA_100Mss_bobN1M16-0034.txt	17.36	69.06	846.69	16.88	38460.00	1059.74	3.019845e+05	8.543515e+01	6.688265e+00	1394.72	225.975405	4636	1.153e-01
300kHz_100dA_100Mss_bobN1M16-0035.txt	17.81	70.00	827.63	16.74	38460.00	1039.07	3.020496e+05	8.370320e+01	6.684383e+00	1354.35	223.556902	4635	1.134e-01
300kHz_100dA_100Mss_bobN1M16-0036.txt	18.32	70.91	807.91	16.57	38460.00	1019.02	3.020496e+05	8.201847e+01	6.678920e+00	1309.98	220.168247	4635	1.102e-01
300kHz_100dA_100Mss_bobN1M16-0037.txt	18.78	71.65	794.01	16.46	38460.00	1002.78	3.020496e+05	8.077640e+01	6.676440e+00	1282.48	218.633954	4635	1.089e-01
300kHz_100dA_100Mss_bobN1M16-0038.txt	19.67	72.67	792.30	16.24	38460.00	1005.51	3.020496e+05	8.094450e+01	6.669801e+00	1264.56	214.544897	4635	1.091e-01
300kHz_100dA_100Mss_bobN1M16-0039.txt	20.14	73.60	804.58	16.23	38460.00	1020.48	3.019845e+05	8.216875e+01	6.669346e+00	1281.97	214.265590	4636	1.121e-01
300kHz_100dA_100Mss_bobN1M16-0040.txt	20.59	75.54	848.85	16.36	38460.00	1069.44	3.020496e+05	8.627569e+01	6.674078e+00	1361.99	217.177150	4635	1.207e-01
300kHz_100dA_100Mss_bobN1M16-0041.txt	21.04	77.45	837.13	16.25	38460.00	1059.16	3.020496e+05	8.534251e+01	6.670655e+00	1336.06	215.068996	4635	1.172e-01
300kHz_100dA_100Mss_bobN1M16-0042.txt	21.51	79.24	848.35	16.31	38460.00	1074.50	3.019845e+05	8.652813e+01	6.671834e+00	1358.25	215.794110	4636	1.201e-01
300kHz_100dA_100Mss_bobN1M16-0043.txt	21.96	80.95	849.21	16.46	38460.00	1075.28	3.020496e+05	8.653321e+01	6.675215e+00	1369.83	217.878496	4635	1.195e-01
