# Configuracion:
# Concentracion g/m^3_=_16500.0
# C_Vs_to_Am_M_A/Vsm_=_65563218390.804596
# pendiente_HvsI_1/m_=_3716.3
# ordenada_HvsI_A/m_=_1297.0
# frecuencia_ref_Hz_=_301983.4570453101
# 
Resultados:
# tau_ns_=_(2.36+/-0.19)e+02
# dphi_rad_=_6.70+/-0.03
# SAR_W/g_=_1638.80+/-189.01
# Hc_kA/m_=_17.44+/-1.02
# Mr_A/m_=_966.52+/-69.02
# Magnetizacion_max_=_1200.57+/-67.79
# Suceptibilidad_a_M=0_=_(1.365+/-0.094)e-01

Nombre_archivo	Time_m_(s)	Temperatura_(ºC)	Mr_(A/m)	Hc_(kA/m)	Campo_max_(A/m)	Mag_max_(A/m)	f0	mag0	dphi0	SAR_(W/g)	Tau_(ns)	N	xi_M_0
300kHz_100dA_100Mss_bobN1M16-0009.txt	5.84	25.00	1019.29	19.35	38460.00	1242.71	3.019193e+05	1.000295e+02	6.755281e+00	1883.92	269.131634	4637	1.474e-01
300kHz_100dA_100Mss_bobN1M16-0010.txt	6.28	27.37	1023.71	19.23	38460.00	1247.62	3.019193e+05	1.003957e+02	6.752045e+00	1878.82	266.986821	4637	1.482e-01
300kHz_100dA_100Mss_bobN1M16-0011.txt	6.74	29.94	1023.56	19.13	38460.00	1250.18	3.019193e+05	1.005447e+02	6.749336e+00	1871.54	265.194100	4637	1.464e-01
300kHz_100dA_100Mss_bobN1M16-0012.txt	7.21	32.56	1023.05	19.04	38460.00	1251.98	3.019193e+05	1.006371e+02	6.746363e+00	1862.19	263.233358	4637	1.464e-01
300kHz_100dA_100Mss_bobN1M16-0013.txt	7.66	35.03	1024.73	18.96	38460.00	1248.57	3.019193e+05	1.005808e+02	6.746129e+00	1860.27	263.079922	4637	1.464e-01
300kHz_100dA_100Mss_bobN1M16-0014.txt	8.13	37.59	1024.99	18.90	38460.00	1247.52	3.019193e+05	1.005319e+02	6.745165e+00	1855.78	262.445507	4637	1.465e-01
300kHz_100dA_100Mss_bobN1M16-0015.txt	8.6	40.08	1023.32	18.76	38460.00	1250.44	3.019193e+05	1.006369e+02	6.740111e+00	1838.83	259.127511	4637	1.469e-01
300kHz_100dA_100Mss_bobN1M16-0016.txt	9.05	42.45	1023.12	18.69	38460.00	1249.14	3.019193e+05	1.005723e+02	6.738779e+00	1832.67	258.259325	4637	1.443e-01
300kHz_100dA_100Mss_bobN1M16-0017.txt	9.5	44.70	1024.73	18.62	38460.00	1249.88	3.019193e+05	1.007036e+02	6.737658e+00	1830.87	257.526425	4637	1.450e-01
300kHz_100dA_100Mss_bobN1M16-0018.txt	9.95	46.95	1025.88	18.55	38460.00	1251.90	3.019193e+05	1.009183e+02	6.735961e+00	1828.40	256.419300	4637	1.434e-01
300kHz_100dA_100Mss_bobN1M16-0019.txt	10.85	51.28	1027.14	18.35	38460.00	1256.34	3.019193e+05	1.012146e+02	6.729931e+00	1811.00	252.498592	4637	1.451e-01
300kHz_100dA_100Mss_bobN1M16-0020.txt	11.3	53.35	1028.78	18.26	38460.00	1260.16	3.019193e+05	1.015550e+02	6.727719e+00	1808.69	251.067517	4637	1.447e-01
300kHz_100dA_100Mss_bobN1M16-0021.txt	11.75	55.38	1030.18	18.16	38460.00	1265.30	3.019193e+05	1.019211e+02	6.724334e+00	1802.31	248.881952	4637	1.453e-01
300kHz_100dA_100Mss_bobN1M16-0022.txt	12.19	57.32	1032.95	18.11	38460.00	1265.76	3.019193e+05	1.020431e+02	6.723732e+00	1802.16	248.492926	4637	1.442e-01
300kHz_100dA_100Mss_bobN1M16-0023.txt	12.64	59.25	1034.91	18.02	38460.00	1267.41	3.019193e+05	1.022310e+02	6.721902e+00	1798.47	247.317158	4637	1.445e-01
300kHz_100dA_100Mss_bobN1M16-0024.txt	13.09	61.16	1035.31	17.92	38460.00	1268.66	3.019193e+05	1.023401e+02	6.719270e+00	1790.28	245.625873	4637	1.447e-01
300kHz_100dA_100Mss_bobN1M16-0025.txt	13.56	63.04	1035.03	17.83	38460.00	1269.69	3.019193e+05	1.024457e+02	6.716837e+00	1782.77	244.064563	4637	1.436e-01
300kHz_100dA_100Mss_bobN1M16-0026.txt	14.01	64.84	1033.15	17.78	38460.00	1267.75	3.019193e+05	1.022748e+02	6.715426e+00	1774.37	243.164203	4637	1.437e-01
300kHz_100dA_100Mss_bobN1M16-0027.txt	14.46	66.46	1029.09	17.65	38460.00	1267.04	3.019193e+05	1.021469e+02	6.711058e+00	1755.36	240.377585	4637	1.437e-01
300kHz_100dA_100Mss_bobN1M16-0028.txt	14.91	68.08	1024.66	17.53	38460.00	1262.01	3.019193e+05	1.017779e+02	6.707969e+00	1737.16	238.413891	4637	1.439e-01
300kHz_100dA_100Mss_bobN1M16-0029.txt	15.36	69.44	1018.66	17.46	38460.00	1255.20	3.019193e+05	1.013056e+02	6.706273e+00	1722.61	237.338492	4637	1.412e-01
300kHz_100dA_100Mss_bobN1M16-0030.txt	15.81	70.75	1010.67	17.35	38460.00	1248.51	3.019193e+05	1.007056e+02	6.703044e+00	1700.12	235.293375	4637	1.405e-01
300kHz_100dA_100Mss_bobN1M16-0031.txt	16.26	71.82	1000.96	17.28	38460.00	1237.62	3.019193e+05	9.983796e+01	6.700825e+00	1677.09	233.891812	4637	1.397e-01
300kHz_100dA_100Mss_bobN1M16-0032.txt	16.73	72.76	990.06	17.14	38460.00	1226.89	3.019193e+05	9.898564e+01	6.696668e+00	1647.18	231.274994	4637	1.377e-01
300kHz_100dA_100Mss_bobN1M16-0033.txt	17.18	73.55	979.19	17.09	38460.00	1211.80	3.019193e+05	9.784085e+01	6.696241e+00	1626.55	231.006941	4637	1.356e-01
300kHz_100dA_100Mss_bobN1M16-0034.txt	17.63	74.18	964.66	16.96	38460.00	1201.33	3.019193e+05	9.683874e+01	6.691257e+00	1591.56	227.881173	4637	1.342e-01
300kHz_100dA_100Mss_bobN1M16-0035.txt	18.08	74.75	950.25	16.87	38460.00	1183.30	3.019193e+05	9.545859e+01	6.688782e+00	1559.89	226.335685	4637	1.328e-01
300kHz_100dA_100Mss_bobN1M16-0036.txt	18.54	75.02	934.48	16.72	38460.00	1171.37	3.019193e+05	9.432754e+01	6.683517e+00	1522.49	223.054470	4637	1.308e-01
300kHz_100dA_100Mss_bobN1M16-0037.txt	19.0	75.30	919.37	16.67	38460.00	1149.27	3.019193e+05	9.271108e+01	6.683355e+00	1495.82	222.954184	4637	1.283e-01
300kHz_100dA_100Mss_bobN1M16-0038.txt	19.9	75.12	883.37	16.40	38460.00	1113.00	3.019193e+05	8.968495e+01	6.674409e+00	1416.34	217.416925	4637	1.244e-01
300kHz_100dA_100Mss_bobN1M16-0039.txt	20.35	74.61	865.39	16.33	38460.00	1088.91	3.019193e+05	8.783373e+01	6.673605e+00	1384.40	216.920657	4637	1.212e-01
300kHz_100dA_100Mss_bobN1M16-0040.txt	20.84	73.92	845.72	16.24	38460.00	1068.50	3.019193e+05	8.607683e+01	6.670263e+00	1345.68	214.862477	4637	1.192e-01
300kHz_100dA_100Mss_bobN1M16-0041.txt	21.29	74.37	830.65	16.23	38460.00	1053.60	3.019193e+05	8.481453e+01	6.668307e+00	1319.58	213.662226	4637	1.179e-01
300kHz_100dA_100Mss_bobN1M16-0042.txt	21.74	75.40	849.87	16.40	38460.00	1078.80	3.019193e+05	8.676796e+01	6.672442e+00	1363.74	216.203812	4637	1.216e-01
300kHz_100dA_100Mss_bobN1M16-0043.txt	22.24	75.88	855.01	16.34	38460.00	1085.10	3.019193e+05	8.728163e+01	6.671084e+00	1367.27	215.369523	4637	1.221e-01
300kHz_100dA_100Mss_bobN1M16-0044.txt	22.69	75.66	857.60	16.32	38460.00	1090.52	3.019193e+05	8.772092e+01	6.670311e+00	1371.55	214.893075	4637	1.227e-01
300kHz_100dA_100Mss_bobN1M16-0045.txt	23.14	76.12	868.37	16.29	38460.00	1106.35	3.019193e+05	8.894446e+01	6.668960e+00	1386.07	214.064663	4637	1.246e-01
300kHz_100dA_100Mss_bobN1M16-0046.txt	23.58	78.05	870.27	16.36	38460.00	1111.75	3.019193e+05	8.924490e+01	6.670019e+00	1394.38	214.713668	4637	1.249e-01
300kHz_100dA_100Mss_bobN1M16-0047.txt	24.03	80.08	888.54	16.31	38460.00	1133.47	3.019193e+05	9.109709e+01	6.669229e+00	1420.56	214.230273	4637	1.275e-01
300kHz_100dA_100Mss_bobN1M16-0048.txt	24.49	82.84	895.68	16.40	38460.00	1141.82	3.019193e+05	9.171024e+01	6.671898e+00	1439.50	215.869593	4637	1.280e-01
300kHz_100dA_100Mss_bobN1M16-0049.txt	24.96	85.66	919.54	16.42	38460.00	1171.68	3.019193e+05	9.411643e+01	6.672372e+00	1478.98	216.161598	4637	1.316e-01
300kHz_100dA_100Mss_bobN1M16-0050.txt	25.41	87.79	931.17	16.38	38460.00	1187.18	3.019193e+05	9.540150e+01	6.671625e+00	1496.44	215.702210	4637	1.323e-01
300kHz_100dA_100Mss_bobN1M16-0051.txt	25.86	89.86	928.52	16.33	38460.00	1189.06	3.019193e+05	9.543240e+01	6.669365e+00	1488.66	214.314298	4637	1.324e-01
300kHz_100dA_100Mss_bobN1M16-0052.txt	26.32	89.96	921.47	16.43	38460.00	1179.99	3.019193e+05	9.467518e+01	6.671544e+00	1484.76	215.653620	4637	1.314e-01
