# Temperatura_=_59.887894736842114
# Concentracion g/m^3_=_16500.0
# C_Vs_to_Am_M_A/Vsm_=_65563218390.804596
# pendiente_HvsI_1/m_=_3716.3
# ordenada_HvsI_A/m_=_1297.0
# frecuencia_Hz_=_302253.2473936651
# Promedio de 38 ciclos

Tiempo_(s)	Campo_(V.s)	Magnetizacion_(V.s)	Campo_(kA/m)	Magnetizacion_(A/m)
0.000000e+00	-6.730646e-09	-1.829590e-08	-4.767541e+01	-1.198560e+03
1.000000e-08	-6.728139e-09	-1.829442e-08	-4.765766e+01	-1.198266e+03
2.000000e-08	-6.723329e-09	-1.828977e-08	-4.762360e+01	-1.197949e+03
3.000000e-08	-6.716423e-09	-1.828463e-08	-4.757469e+01	-1.197664e+03
4.000000e-08	-6.707380e-09	-1.828218e-08	-4.751064e+01	-1.197441e+03
5.000000e-08	-6.695966e-09	-1.827987e-08	-4.742980e+01	-1.197282e+03
6.000000e-08	-6.682059e-09	-1.827552e-08	-4.733131e+01	-1.197158e+03
7.000000e-08	-6.665686e-09	-1.826152e-08	-4.721534e+01	-1.197018e+03
8.000000e-08	-6.647025e-09	-1.825620e-08	-4.708317e+01	-1.196809e+03
9.000000e-08	-6.626117e-09	-1.829209e-08	-4.693508e+01	-1.196488e+03
1.000000e-07	-6.602674e-09	-1.830569e-08	-4.676903e+01	-1.196039e+03
1.100000e-07	-6.576525e-09	-1.826643e-08	-4.658382e+01	-1.195479e+03
1.200000e-07	-6.547903e-09	-1.824406e-08	-4.638109e+01	-1.194850e+03
1.300000e-07	-6.517271e-09	-1.822314e-08	-4.616412e+01	-1.194204e+03
1.400000e-07	-6.484922e-09	-1.817551e-08	-4.593499e+01	-1.193593e+03
1.500000e-07	-6.450664e-09	-1.820626e-08	-4.569234e+01	-1.193045e+03
1.600000e-07	-6.414214e-09	-1.823788e-08	-4.543416e+01	-1.192561e+03
1.700000e-07	-6.375680e-09	-1.816265e-08	-4.516122e+01	-1.192109e+03
1.800000e-07	-6.334954e-09	-1.819519e-08	-4.487275e+01	-1.191639e+03
1.900000e-07	-6.291796e-09	-1.820556e-08	-4.456705e+01	-1.191094e+03
2.000000e-07	-6.246411e-09	-1.815197e-08	-4.424559e+01	-1.190428e+03
2.100000e-07	-6.198789e-09	-1.816627e-08	-4.390827e+01	-1.189625e+03
2.200000e-07	-6.148644e-09	-1.810806e-08	-4.355309e+01	-1.188693e+03
2.300000e-07	-6.095901e-09	-1.809343e-08	-4.317950e+01	-1.187673e+03
2.400000e-07	-6.040684e-09	-1.811293e-08	-4.278840e+01	-1.186616e+03
2.500000e-07	-5.983157e-09	-1.810054e-08	-4.238092e+01	-1.185570e+03
2.600000e-07	-5.923341e-09	-1.809437e-08	-4.195723e+01	-1.184566e+03
2.700000e-07	-5.861360e-09	-1.805884e-08	-4.151821e+01	-1.183605e+03
2.800000e-07	-5.797346e-09	-1.804126e-08	-4.106478e+01	-1.182661e+03
2.900000e-07	-5.731190e-09	-1.802235e-08	-4.059619e+01	-1.181685e+03
3.000000e-07	-5.662823e-09	-1.800196e-08	-4.011193e+01	-1.180622e+03
3.100000e-07	-5.592298e-09	-1.797714e-08	-3.961239e+01	-1.179430e+03
3.200000e-07	-5.519687e-09	-1.794725e-08	-3.909807e+01	-1.178090e+03
3.300000e-07	-5.444964e-09	-1.795756e-08	-3.856879e+01	-1.176612e+03
3.400000e-07	-5.368033e-09	-1.794034e-08	-3.802387e+01	-1.175032e+03
3.500000e-07	-5.288929e-09	-1.790571e-08	-3.746356e+01	-1.173401e+03
3.600000e-07	-5.207743e-09	-1.787129e-08	-3.688850e+01	-1.171766e+03
3.700000e-07	-5.124707e-09	-1.783489e-08	-3.630034e+01	-1.170156e+03
3.800000e-07	-5.040019e-09	-1.782352e-08	-3.570047e+01	-1.168570e+03
3.900000e-07	-4.953704e-09	-1.780137e-08	-3.508907e+01	-1.166982e+03
4.000000e-07	-4.865767e-09	-1.777499e-08	-3.446620e+01	-1.165341e+03
4.100000e-07	-4.776140e-09	-1.774065e-08	-3.383135e+01	-1.163594e+03
4.200000e-07	-4.684765e-09	-1.771826e-08	-3.318411e+01	-1.161699e+03
4.300000e-07	-4.591708e-09	-1.769388e-08	-3.252497e+01	-1.159640e+03
4.400000e-07	-4.497072e-09	-1.765011e-08	-3.185463e+01	-1.157428e+03
4.500000e-07	-4.400861e-09	-1.760800e-08	-3.117315e+01	-1.155103e+03
4.600000e-07	-4.303038e-09	-1.756834e-08	-3.048024e+01	-1.152715e+03
4.700000e-07	-4.203632e-09	-1.754611e-08	-2.977612e+01	-1.150308e+03
4.800000e-07	-4.102724e-09	-1.751839e-08	-2.906136e+01	-1.147907e+03
4.900000e-07	-4.000403e-09	-1.747799e-08	-2.833659e+01	-1.145504e+03
5.000000e-07	-3.896676e-09	-1.743079e-08	-2.760187e+01	-1.143060e+03
5.100000e-07	-3.791490e-09	-1.738873e-08	-2.685681e+01	-1.140518e+03
5.200000e-07	-3.684848e-09	-1.734952e-08	-2.610143e+01	-1.137814e+03
5.300000e-07	-3.576806e-09	-1.729879e-08	-2.533614e+01	-1.134903e+03
5.400000e-07	-3.467485e-09	-1.724453e-08	-2.456178e+01	-1.131770e+03
5.500000e-07	-3.356960e-09	-1.719472e-08	-2.377891e+01	-1.128433e+03
5.600000e-07	-3.245212e-09	-1.715346e-08	-2.298736e+01	-1.124940e+03
5.700000e-07	-3.132203e-09	-1.710832e-08	-2.218689e+01	-1.121351e+03
5.800000e-07	-3.017919e-09	-1.705176e-08	-2.137738e+01	-1.117720e+03
5.900000e-07	-2.902343e-09	-1.698915e-08	-2.055872e+01	-1.114072e+03
6.000000e-07	-2.785507e-09	-1.692973e-08	-1.973114e+01	-1.110394e+03
6.100000e-07	-2.667598e-09	-1.687215e-08	-1.889595e+01	-1.106637e+03
6.200000e-07	-2.548774e-09	-1.680811e-08	-1.805429e+01	-1.102725e+03
6.300000e-07	-2.429054e-09	-1.673701e-08	-1.720628e+01	-1.098577e+03
6.400000e-07	-2.308412e-09	-1.666642e-08	-1.635173e+01	-1.094133e+03
6.500000e-07	-2.186895e-09	-1.659950e-08	-1.549099e+01	-1.089364e+03
6.600000e-07	-2.064608e-09	-1.652760e-08	-1.462480e+01	-1.084285e+03
6.700000e-07	-1.941603e-09	-1.644655e-08	-1.375351e+01	-1.078944e+03
6.800000e-07	-1.817886e-09	-1.636131e-08	-1.287719e+01	-1.073404e+03
6.900000e-07	-1.693489e-09	-1.627856e-08	-1.199605e+01	-1.067718e+03
7.000000e-07	-1.568497e-09	-1.619360e-08	-1.111069e+01	-1.061904e+03
7.100000e-07	-1.443021e-09	-1.609962e-08	-1.022190e+01	-1.055936e+03
7.200000e-07	-1.317137e-09	-1.599581e-08	-9.330220e+00	-1.049742e+03
7.300000e-07	-1.190888e-09	-1.588867e-08	-8.435958e+00	-1.043219e+03
7.400000e-07	-1.064289e-09	-1.578224e-08	-7.539216e+00	-1.036263e+03
7.500000e-07	-9.373427e-10	-1.567112e-08	-6.640017e+00	-1.028790e+03
7.600000e-07	-8.100717e-10	-1.554941e-08	-5.738515e+00	-1.020760e+03
7.700000e-07	-6.825308e-10	-1.541882e-08	-4.835101e+00	-1.012178e+03
7.800000e-07	-5.547703e-10	-1.528658e-08	-3.930132e+00	-1.003080e+03
7.900000e-07	-4.268261e-10	-1.514806e-08	-3.023862e+00	-9.935052e+02
8.000000e-07	-2.987295e-10	-1.499469e-08	-2.116513e+00	-9.834555e+02
8.100000e-07	-1.704973e-10	-1.482546e-08	-1.208202e+00	-9.728679e+02
8.200000e-07	-4.216320e-11	-1.464429e-08	-2.991695e-01	-9.615957e+02
8.300000e-07	8.622999e-11	-1.445262e-08	6.102816e-01	-9.494145e+02
8.400000e-07	2.146276e-10	-1.424488e-08	1.519764e+00	-9.360480e+02
8.500000e-07	3.429704e-10	-1.401495e-08	2.428859e+00	-9.212059e+02
8.600000e-07	4.711987e-10	-1.376079e-08	3.337142e+00	-9.046195e+02
8.700000e-07	5.992666e-10	-1.348151e-08	4.244291e+00	-8.860583e+02
8.800000e-07	7.271366e-10	-1.317147e-08	5.150038e+00	-8.653137e+02
8.900000e-07	8.547677e-10	-1.282117e-08	6.054092e+00	-8.421457e+02
9.000000e-07	9.821158e-10	-1.242324e-08	6.956142e+00	-8.161992e+02
9.100000e-07	1.109119e-09	-1.197232e-08	7.855747e+00	-7.869089e+02
9.200000e-07	1.235738e-09	-1.145722e-08	8.752633e+00	-7.534202e+02
9.300000e-07	1.361972e-09	-1.085721e-08	9.646798e+00	-7.145577e+02
9.400000e-07	1.487797e-09	-1.014760e-08	1.053806e+01	-6.688655e+02
9.500000e-07	1.613159e-09	-9.306492e-09	1.142604e+01	-6.147323e+02
9.600000e-07	1.737976e-09	-8.317195e-09	1.231016e+01	-5.505953e+02
9.700000e-07	1.862129e-09	-7.164064e-09	1.318959e+01	-4.751979e+02
9.800000e-07	1.985530e-09	-5.833188e-09	1.406368e+01	-3.878587e+02
9.900000e-07	2.108152e-09	-4.322535e-09	1.493225e+01	-2.887030e+02
1.000000e-06	2.229981e-09	-2.645689e-09	1.579521e+01	-1.788054e+02
1.010000e-06	2.350941e-09	-8.330129e-10	1.665201e+01	-6.020972e+01
1.020000e-06	2.470973e-09	1.071373e-09	1.750225e+01	6.419088e+01
1.030000e-06	2.590079e-09	3.014590e-09	1.834592e+01	1.909021e+02
1.040000e-06	2.708246e-09	4.935595e-09	1.918294e+01	3.161707e+02
1.050000e-06	2.825401e-09	6.771223e-09	2.001279e+01	4.363676e+02
1.060000e-06	2.941403e-09	8.466861e-09	2.083447e+01	5.483491e+02
1.070000e-06	3.056158e-09	9.988488e-09	2.164732e+01	6.497418e+02
1.080000e-06	3.169660e-09	1.132289e-08	2.245130e+01	7.391070e+02
1.090000e-06	3.281919e-09	1.247044e-08	2.324647e+01	8.159687e+02
1.100000e-06	3.393009e-09	1.344040e-08	2.403336e+01	8.807112e+02
1.110000e-06	3.503011e-09	1.424850e-08	2.481255e+01	9.343774e+02
1.120000e-06	3.611906e-09	1.491790e-08	2.558390e+01	9.784133e+02
1.130000e-06	3.719576e-09	1.547039e-08	2.634656e+01	1.014409e+03
1.140000e-06	3.825898e-09	1.592327e-08	2.709968e+01	1.043882e+03
1.150000e-06	3.930785e-09	1.629018e-08	2.784263e+01	1.068130e+03
1.160000e-06	4.034218e-09	1.658642e-08	2.857529e+01	1.088163e+03
1.170000e-06	4.136264e-09	1.682776e-08	2.929812e+01	1.104721e+03
1.180000e-06	4.236899e-09	1.702480e-08	3.001096e+01	1.118330e+03
1.190000e-06	4.335967e-09	1.718429e-08	3.071270e+01	1.129390e+03
1.200000e-06	4.433344e-09	1.731231e-08	3.140246e+01	1.138253e+03
1.210000e-06	4.529067e-09	1.741742e-08	3.208050e+01	1.145278e+03
1.220000e-06	4.623253e-09	1.750672e-08	3.274766e+01	1.150845e+03
1.230000e-06	4.715925e-09	1.758332e-08	3.340409e+01	1.155343e+03
1.240000e-06	4.806930e-09	1.764777e-08	3.404871e+01	1.159129e+03
1.250000e-06	4.896086e-09	1.770178e-08	3.468024e+01	1.162491e+03
1.260000e-06	4.983416e-09	1.774737e-08	3.529884e+01	1.165614e+03
1.270000e-06	5.069036e-09	1.778745e-08	3.590532e+01	1.168580e+03
1.280000e-06	5.152952e-09	1.782325e-08	3.649974e+01	1.171379e+03
1.290000e-06	5.235016e-09	1.785570e-08	3.708103e+01	1.173951e+03
1.300000e-06	5.315097e-09	1.788640e-08	3.764827e+01	1.176224e+03
1.310000e-06	5.393207e-09	1.791645e-08	3.820156e+01	1.178158e+03
1.320000e-06	5.469283e-09	1.794588e-08	3.874044e+01	1.179762e+03
1.330000e-06	5.543186e-09	1.797276e-08	3.926393e+01	1.181101e+03
1.340000e-06	5.614983e-09	1.799564e-08	3.977250e+01	1.182277e+03
1.350000e-06	5.684810e-09	1.801446e-08	4.026711e+01	1.183400e+03
1.360000e-06	5.752630e-09	1.803243e-08	4.074751e+01	1.184558e+03
1.370000e-06	5.818305e-09	1.805038e-08	4.121272e+01	1.185793e+03
1.380000e-06	5.881883e-09	1.806792e-08	4.166307e+01	1.187095e+03
1.390000e-06	5.943524e-09	1.808525e-08	4.209970e+01	1.188408e+03
1.400000e-06	6.003168e-09	1.810223e-08	4.252219e+01	1.189654e+03
1.410000e-06	6.060629e-09	1.811917e-08	4.292922e+01	1.190762e+03
1.420000e-06	6.115887e-09	1.813428e-08	4.332063e+01	1.191686e+03
1.430000e-06	6.168841e-09	1.814696e-08	4.369573e+01	1.192427e+03
1.440000e-06	6.219244e-09	1.815837e-08	4.405276e+01	1.193023e+03
1.450000e-06	6.267186e-09	1.816938e-08	4.439236e+01	1.193545e+03
1.460000e-06	6.312968e-09	1.818041e-08	4.471666e+01	1.194068e+03
1.470000e-06	6.356615e-09	1.819165e-08	4.502584e+01	1.194646e+03
1.480000e-06	6.397919e-09	1.820226e-08	4.531841e+01	1.195303e+03
1.490000e-06	6.436925e-09	1.821155e-08	4.559472e+01	1.196019e+03
1.500000e-06	6.473799e-09	1.821984e-08	4.585591e+01	1.196743e+03
1.510000e-06	6.508383e-09	1.822783e-08	4.610089e+01	1.197406e+03
1.520000e-06	6.540556e-09	1.823510e-08	4.632880e+01	1.197949e+03
1.530000e-06	6.570485e-09	1.824142e-08	4.654080e+01	1.198337e+03
1.540000e-06	6.598163e-09	1.824726e-08	4.673686e+01	1.198572e+03
1.550000e-06	6.623346e-09	1.825308e-08	4.691526e+01	1.198691e+03
1.560000e-06	6.646078e-09	1.825861e-08	4.707628e+01	1.198753e+03
1.570000e-06	6.666591e-09	1.826302e-08	4.722159e+01	1.198822e+03
1.580000e-06	6.684773e-09	1.826609e-08	4.735039e+01	1.198947e+03
1.590000e-06	6.700420e-09	1.826849e-08	4.746124e+01	1.199145e+03
1.600000e-06	6.713490e-09	1.827049e-08	4.755382e+01	1.199397e+03
1.610000e-06	6.723899e-09	1.827245e-08	4.762757e+01	1.199657e+03
1.620000e-06	6.731744e-09	1.827466e-08	4.768314e+01	1.199864e+03
1.630000e-06	6.737258e-09	1.827742e-08	4.772221e+01	1.199967e+03
1.640000e-06	6.740416e-09	1.827947e-08	4.774459e+01	1.199933e+03
1.650000e-06	6.741127e-09	1.828012e-08	4.774963e+01	1.199764e+03
1.660000e-06	6.739554e-09	1.827725e-08	4.773850e+01	1.199495e+03
1.670000e-06	6.735821e-09	1.827013e-08	4.771206e+01	1.199180e+03
1.680000e-06	6.729791e-09	1.826601e-08	4.766936e+01	1.198874e+03
1.690000e-06	6.721491e-09	1.826319e-08	4.761058e+01	1.198622e+03
1.700000e-06	6.711002e-09	1.826114e-08	4.753629e+01	1.198439e+03
1.710000e-06	6.698163e-09	1.826313e-08	4.744536e+01	1.198306e+03
1.720000e-06	6.683028e-09	1.827502e-08	4.733816e+01	1.198181e+03
1.730000e-06	6.665842e-09	1.826669e-08	4.721644e+01	1.198008e+03
1.740000e-06	6.646372e-09	1.820443e-08	4.707854e+01	1.197739e+03
1.750000e-06	6.623878e-09	1.818679e-08	4.691921e+01	1.197344e+03
1.760000e-06	6.598208e-09	1.821092e-08	4.673740e+01	1.196827e+03
1.770000e-06	6.569946e-09	1.821524e-08	4.653722e+01	1.196219e+03
1.780000e-06	6.539640e-09	1.826222e-08	4.632256e+01	1.195572e+03
1.790000e-06	6.507806e-09	1.824872e-08	4.609707e+01	1.194941e+03
1.800000e-06	6.474454e-09	1.815575e-08	4.586084e+01	1.194364e+03
1.810000e-06	6.438902e-09	1.820298e-08	4.560902e+01	1.193855e+03
1.820000e-06	6.400981e-09	1.819611e-08	4.534042e+01	1.193396e+03
1.830000e-06	6.360908e-09	1.814886e-08	4.505658e+01	1.192942e+03
1.840000e-06	6.318590e-09	1.820732e-08	4.475684e+01	1.192435e+03
1.850000e-06	6.274097e-09	1.814216e-08	4.444169e+01	1.191825e+03
1.860000e-06	6.227287e-09	1.815943e-08	4.411013e+01	1.191080e+03
1.870000e-06	6.178097e-09	1.818461e-08	4.376171e+01	1.190199e+03
1.880000e-06	6.126627e-09	1.812004e-08	4.339713e+01	1.189209e+03
1.890000e-06	6.072567e-09	1.812948e-08	4.301422e+01	1.188160e+03
1.900000e-06	6.016102e-09	1.806215e-08	4.261427e+01	1.187103e+03
1.910000e-06	5.957445e-09	1.808032e-08	4.219880e+01	1.186080e+03
1.920000e-06	5.896473e-09	1.810361e-08	4.176692e+01	1.185103e+03
1.930000e-06	5.833281e-09	1.804946e-08	4.131932e+01	1.184158e+03
1.940000e-06	5.767954e-09	1.806250e-08	4.085659e+01	1.183203e+03
1.950000e-06	5.700565e-09	1.801578e-08	4.037926e+01	1.182184e+03
1.960000e-06	5.630969e-09	1.802924e-08	3.988630e+01	1.181051e+03
1.970000e-06	5.559134e-09	1.799774e-08	3.937748e+01	1.179773e+03
1.980000e-06	5.485212e-09	1.793941e-08	3.885388e+01	1.178349e+03
1.990000e-06	5.409094e-09	1.794458e-08	3.831471e+01	1.176806e+03
2.000000e-06	5.330840e-09	1.790663e-08	3.776043e+01	1.175189e+03
2.010000e-06	5.250645e-09	1.793219e-08	3.719238e+01	1.173550e+03
2.020000e-06	5.168642e-09	1.789256e-08	3.661154e+01	1.171928e+03
2.030000e-06	5.084853e-09	1.785390e-08	3.601804e+01	1.170334e+03
2.040000e-06	4.999187e-09	1.782864e-08	3.541124e+01	1.168753e+03
2.050000e-06	4.911715e-09	1.779377e-08	3.479166e+01	1.167142e+03
2.060000e-06	4.822593e-09	1.778539e-08	3.416038e+01	1.165447e+03
2.070000e-06	4.731880e-09	1.772704e-08	3.351784e+01	1.163619e+03
2.080000e-06	4.639479e-09	1.771062e-08	3.286334e+01	1.161629e+03
2.090000e-06	4.545367e-09	1.768328e-08	3.219672e+01	1.159478e+03
2.100000e-06	4.449632e-09	1.767033e-08	3.151860e+01	1.157194e+03
2.110000e-06	4.352417e-09	1.763300e-08	3.083001e+01	1.154825e+03
2.120000e-06	4.253780e-09	1.757320e-08	3.013133e+01	1.152421e+03
2.130000e-06	4.153607e-09	1.754073e-08	2.942178e+01	1.150016e+03
2.140000e-06	4.051840e-09	1.750583e-08	2.870094e+01	1.147618e+03
2.150000e-06	3.948485e-09	1.748466e-08	2.796884e+01	1.145199e+03
2.160000e-06	3.843686e-09	1.743304e-08	2.722652e+01	1.142707e+03
2.170000e-06	3.737599e-09	1.739031e-08	2.647508e+01	1.140080e+03
2.180000e-06	3.630293e-09	1.735010e-08	2.571500e+01	1.137262e+03
2.190000e-06	3.521720e-09	1.731193e-08	2.494595e+01	1.134222e+03
2.200000e-06	3.411806e-09	1.726030e-08	2.416740e+01	1.130966e+03
2.210000e-06	3.300514e-09	1.719502e-08	2.337909e+01	1.127530e+03
2.220000e-06	3.187870e-09	1.714330e-08	2.258120e+01	1.123973e+03
2.230000e-06	3.073972e-09	1.710093e-08	2.177443e+01	1.120354e+03
2.240000e-06	2.958839e-09	1.705835e-08	2.095891e+01	1.116712e+03
2.250000e-06	2.842493e-09	1.699671e-08	2.013479e+01	1.113052e+03
2.260000e-06	2.724972e-09	1.693060e-08	1.930236e+01	1.109339e+03
2.270000e-06	2.606337e-09	1.686769e-08	1.846203e+01	1.105504e+03
2.280000e-06	2.486667e-09	1.681176e-08	1.761437e+01	1.101467e+03
2.290000e-06	2.366100e-09	1.674253e-08	1.676036e+01	1.097154e+03
2.300000e-06	2.244781e-09	1.666614e-08	1.590102e+01	1.092523e+03
2.310000e-06	2.122767e-09	1.659100e-08	1.503676e+01	1.087570e+03
2.320000e-06	2.000054e-09	1.652393e-08	1.416754e+01	1.082331e+03
2.330000e-06	1.876642e-09	1.645306e-08	1.329338e+01	1.076867e+03
2.340000e-06	1.752547e-09	1.636687e-08	1.241438e+01	1.071237e+03
2.350000e-06	1.627827e-09	1.627298e-08	1.153094e+01	1.065478e+03
2.360000e-06	1.502569e-09	1.617764e-08	1.064370e+01	1.059584e+03
2.370000e-06	1.376823e-09	1.608708e-08	9.753005e+00	1.053499e+03
2.380000e-06	1.250635e-09	1.598664e-08	8.859177e+00	1.047131e+03
2.390000e-06	1.123995e-09	1.587742e-08	7.962150e+00	1.040373e+03
2.400000e-06	9.969166e-10	1.576287e-08	7.062011e+00	1.033128e+03
2.410000e-06	8.694396e-10	1.565096e-08	6.159051e+00	1.025335e+03
2.420000e-06	7.416417e-10	1.553426e-08	5.253817e+00	1.016983e+03
2.430000e-06	6.136054e-10	1.540271e-08	4.346895e+00	1.008097e+03
2.440000e-06	4.853593e-10	1.525906e-08	3.438485e+00	9.987201e+02
2.450000e-06	3.569449e-10	1.510944e-08	2.528883e+00	9.888753e+02
2.460000e-06	2.283882e-10	1.495707e-08	1.618273e+00	9.785312e+02
2.470000e-06	9.974456e-11	1.479071e-08	7.070469e-01	9.675771e+02
2.480000e-06	-2.894463e-11	1.460493e-08	-2.045020e-01	9.558190e+02
2.490000e-06	-1.576533e-10	1.440157e-08	-1.116189e+00	9.429975e+02
2.500000e-06	-2.863233e-10	1.418529e-08	-2.027602e+00	9.288222e+02
2.510000e-06	-4.149173e-10	1.395074e-08	-2.938478e+00	9.130113e+02
2.520000e-06	-5.434159e-10	1.368754e-08	-3.848677e+00	8.953180e+02
2.530000e-06	-6.717757e-10	1.338978e-08	-4.757893e+00	8.755297e+02
2.540000e-06	-7.999360e-10	1.305733e-08	-5.665697e+00	8.534305e+02
2.550000e-06	-9.278210e-10	1.268860e-08	-6.571550e+00	8.287280e+02
2.560000e-06	-1.055346e-09	1.227133e-08	-7.474852e+00	8.009597e+02
2.570000e-06	-1.182446e-09	1.178931e-08	-8.375150e+00	7.694026e+02
2.580000e-06	-1.309072e-09	1.122957e-08	-9.272081e+00	7.330172e+02
2.590000e-06	-1.435185e-09	1.057940e-08	-1.016538e+01	6.904545e+02
2.600000e-06	-1.560763e-09	9.816682e-09	-1.105490e+01	6.401445e+02
2.610000e-06	-1.685779e-09	8.912707e-09	-1.194043e+01	5.804694e+02
2.620000e-06	-1.810155e-09	7.844526e-09	-1.282143e+01	5.100033e+02
2.630000e-06	-1.933789e-09	6.601542e-09	-1.369717e+01	4.277835e+02
2.640000e-06	-2.056615e-09	5.182948e-09	-1.456719e+01	3.335651e+02
2.650000e-06	-2.178631e-09	3.591495e-09	-1.543147e+01	2.280078e+02
2.660000e-06	-2.299877e-09	1.842121e-09	-1.629031e+01	1.127516e+02
2.670000e-06	-2.420351e-09	-2.817475e-11	-1.714366e+01	-9.643318e+00
2.680000e-06	-2.539935e-09	-1.964408e-09	-1.799072e+01	-1.358943e+02
2.690000e-06	-2.658483e-09	-3.905962e-09	-1.883044e+01	-2.623048e+02
2.700000e-06	-2.775949e-09	-5.796393e-09	-1.966249e+01	-3.851388e+02
2.710000e-06	-2.892295e-09	-7.581020e-09	-2.048661e+01	-5.010002e+02
2.720000e-06	-3.007442e-09	-9.211452e-09	-2.130225e+01	-6.071568e+02
2.730000e-06	-3.121335e-09	-1.065666e-08	-2.210899e+01	-7.017604e+02
2.740000e-06	-3.233921e-09	-1.190920e-08	-2.290648e+01	-7.839331e+02
2.750000e-06	-3.345181e-09	-1.297915e-08	-2.369458e+01	-8.537171e+02
2.760000e-06	-3.455141e-09	-1.388121e-08	-2.447347e+01	-9.119095e+02
2.770000e-06	-3.563907e-09	-1.462940e-08	-2.524389e+01	-9.598225e+02
2.780000e-06	-3.671574e-09	-1.524233e-08	-2.600654e+01	-9.990190e+02
2.790000e-06	-3.778116e-09	-1.574443e-08	-2.676122e+01	-1.031072e+03
2.800000e-06	-3.883449e-09	-1.615826e-08	-2.750733e+01	-1.057386e+03
2.810000e-06	-3.987445e-09	-1.649768e-08	-2.824397e+01	-1.079096e+03
2.820000e-06	-4.089929e-09	-1.677137e-08	-2.896991e+01	-1.097051e+03
2.830000e-06	-4.190834e-09	-1.698985e-08	-2.968466e+01	-1.111854e+03
2.840000e-06	-4.290223e-09	-1.716746e-08	-3.038867e+01	-1.123948e+03
2.850000e-06	-4.388169e-09	-1.731549e-08	-3.108246e+01	-1.133696e+03
2.860000e-06	-4.484661e-09	-1.743675e-08	-3.176595e+01	-1.141449e+03
2.870000e-06	-4.579568e-09	-1.753310e-08	-3.243821e+01	-1.147579e+03
2.880000e-06	-4.672756e-09	-1.761154e-08	-3.309830e+01	-1.152477e+03
2.890000e-06	-4.764246e-09	-1.768175e-08	-3.374637e+01	-1.156520e+03
2.900000e-06	-4.854096e-09	-1.774518e-08	-3.438281e+01	-1.160029e+03
2.910000e-06	-4.942237e-09	-1.779762e-08	-3.500715e+01	-1.163236e+03
2.920000e-06	-5.028512e-09	-1.783955e-08	-3.561827e+01	-1.166265e+03
2.930000e-06	-5.112871e-09	-1.787707e-08	-3.621582e+01	-1.169142e+03
2.940000e-06	-5.195438e-09	-1.791381e-08	-3.680068e+01	-1.171821e+03
2.950000e-06	-5.276258e-09	-1.794718e-08	-3.737316e+01	-1.174230e+03
2.960000e-06	-5.355175e-09	-1.797526e-08	-3.793217e+01	-1.176310e+03
2.970000e-06	-5.431953e-09	-1.800009e-08	-3.847602e+01	-1.178047e+03
2.980000e-06	-5.506541e-09	-1.802535e-08	-3.900436e+01	-1.179486e+03
2.990000e-06	-5.579090e-09	-1.805079e-08	-3.951825e+01	-1.180715e+03
3.000000e-06	-5.649601e-09	-1.807291e-08	-4.001771e+01	-1.181846e+03
3.010000e-06	-5.717970e-09	-1.809063e-08	-4.050201e+01	-1.182980e+03
3.020000e-06	-5.784289e-09	-1.810701e-08	-4.097177e+01	-1.184182e+03
3.030000e-06	-5.848666e-09	-1.812460e-08	-4.142778e+01	-1.185461e+03
3.040000e-06	-5.910987e-09	-1.814185e-08	-4.186924e+01	-1.186780e+03
3.050000e-06	-5.971112e-09	-1.815635e-08	-4.229513e+01	-1.188067e+03
3.060000e-06	-6.029087e-09	-1.816851e-08	-4.270579e+01	-1.189243e+03
3.070000e-06	-6.085019e-09	-1.818096e-08	-4.310199e+01	-1.190248e+03
3.080000e-06	-6.138746e-09	-1.819531e-08	-4.348256e+01	-1.191063e+03
3.090000e-06	-6.189989e-09	-1.820931e-08	-4.384555e+01	-1.191712e+03
3.100000e-06	-6.238631e-09	-1.822102e-08	-4.419010e+01	-1.192255e+03
3.110000e-06	-6.284824e-09	-1.823028e-08	-4.451731e+01	-1.192767e+03
3.120000e-06	-6.328955e-09	-1.823951e-08	-4.482991e+01	-1.193317e+03
3.130000e-06	-6.371130e-09	-1.824884e-08	-4.512866e+01	-1.193941e+03
3.140000e-06	-6.411214e-09	-1.825646e-08	-4.541260e+01	-1.194638e+03
3.150000e-06	-6.449035e-09	-1.826172e-08	-4.568051e+01	-1.195368e+03
3.160000e-06	-6.484518e-09	-1.826689e-08	-4.593185e+01	-1.196067e+03
3.170000e-06	-6.517737e-09	-1.827441e-08	-4.616716e+01	-1.196669e+03
3.180000e-06	-6.548633e-09	-1.828269e-08	-4.638602e+01	-1.197126e+03
3.190000e-06	-6.577091e-09	-1.828919e-08	-4.658761e+01	-1.197422e+03
3.200000e-06	-6.603196e-09	-1.829287e-08	-4.677253e+01	-1.197583e+03
3.210000e-06	-6.626999e-09	-1.829538e-08	-4.694114e+01	-1.197659e+03
3.220000e-06	-6.648356e-09	-1.829735e-08	-4.709243e+01	-1.197718e+03
3.230000e-06	-6.667308e-09	-1.829829e-08	-4.722669e+01	-1.197815e+03
3.240000e-06	-6.683976e-09	-1.829791e-08	-4.734476e+01	-1.197982e+03
3.250000e-06	-6.698142e-09	-1.829779e-08	-4.744511e+01	-1.198217e+03
3.260000e-06	-6.709602e-09	-1.829928e-08	-4.752630e+01	-1.198482e+03
3.270000e-06	-6.718541e-09	-1.830179e-08	-4.758963e+01	-1.198721e+03
3.280000e-06	-6.725075e-09	-1.830243e-08	-4.763592e+01	-1.198874e+03
3.290000e-06	-6.729168e-09	-1.830157e-08	-4.766492e+01	-1.198900e+03
3.300000e-06	-6.730950e-09	-1.829917e-08	-4.767755e+01	-1.198786e+03
