# Temperatura_=_59.790731707317065
# Concentracion g/m^3_=_16500.0
# C_Vs_to_Am_M_A/Vsm_=_65563218390.804596
# pendiente_HvsI_1/m_=_3716.3
# ordenada_HvsI_A/m_=_1297.0
# frecuencia_Hz_=_302245.92431044334
# Promedio de 41 ciclos

Tiempo_(s)	Campo_(V.s)	Magnetizacion_(V.s)	Campo_(kA/m)	Magnetizacion_(A/m)
0.000000e+00	-6.696997e-09	-1.813363e-08	-4.768410e+01	-1.188875e+03
1.000000e-08	-6.694944e-09	-1.813926e-08	-4.766948e+01	-1.188628e+03
2.000000e-08	-6.690546e-09	-1.813920e-08	-4.763816e+01	-1.188346e+03
3.000000e-08	-6.684056e-09	-1.813737e-08	-4.759195e+01	-1.188082e+03
4.000000e-08	-6.675502e-09	-1.813817e-08	-4.753105e+01	-1.187871e+03
5.000000e-08	-6.664624e-09	-1.813180e-08	-4.745360e+01	-1.187717e+03
6.000000e-08	-6.651275e-09	-1.812221e-08	-4.735854e+01	-1.187597e+03
7.000000e-08	-6.635447e-09	-1.809963e-08	-4.724584e+01	-1.187464e+03
8.000000e-08	-6.617281e-09	-1.809176e-08	-4.711650e+01	-1.187265e+03
9.000000e-08	-6.596924e-09	-1.816984e-08	-4.697155e+01	-1.186953e+03
1.000000e-07	-6.574116e-09	-1.818254e-08	-4.680916e+01	-1.186506e+03
1.100000e-07	-6.548598e-09	-1.810109e-08	-4.662746e+01	-1.185932e+03
1.200000e-07	-6.520519e-09	-1.809395e-08	-4.642753e+01	-1.185263e+03
1.300000e-07	-6.490347e-09	-1.809091e-08	-4.621270e+01	-1.184551e+03
1.400000e-07	-6.458485e-09	-1.798453e-08	-4.598584e+01	-1.183848e+03
1.500000e-07	-6.424839e-09	-1.804772e-08	-4.574626e+01	-1.183192e+03
1.600000e-07	-6.388996e-09	-1.812289e-08	-4.549106e+01	-1.182599e+03
1.700000e-07	-6.351046e-09	-1.794806e-08	-4.522085e+01	-1.182054e+03
1.800000e-07	-6.311006e-09	-1.806662e-08	-4.493575e+01	-1.181522e+03
1.900000e-07	-6.268496e-09	-1.808770e-08	-4.463307e+01	-1.180953e+03
2.000000e-07	-6.223725e-09	-1.798752e-08	-4.431429e+01	-1.180305e+03
2.100000e-07	-6.176825e-09	-1.806558e-08	-4.398035e+01	-1.179547e+03
2.200000e-07	-6.127466e-09	-1.794591e-08	-4.362890e+01	-1.178672e+03
2.300000e-07	-6.075503e-09	-1.794565e-08	-4.325892e+01	-1.177696e+03
2.400000e-07	-6.021009e-09	-1.796874e-08	-4.287091e+01	-1.176649e+03
2.500000e-07	-5.964215e-09	-1.792693e-08	-4.246652e+01	-1.175564e+03
2.600000e-07	-5.905141e-09	-1.794352e-08	-4.204590e+01	-1.174465e+03
2.700000e-07	-5.843849e-09	-1.790364e-08	-4.160949e+01	-1.173358e+03
2.800000e-07	-5.780555e-09	-1.789137e-08	-4.115882e+01	-1.172229e+03
2.900000e-07	-5.715169e-09	-1.786039e-08	-4.069325e+01	-1.171047e+03
3.000000e-07	-5.647568e-09	-1.784677e-08	-4.021192e+01	-1.169779e+03
3.100000e-07	-5.577791e-09	-1.780970e-08	-3.971509e+01	-1.168396e+03
3.200000e-07	-5.505947e-09	-1.775704e-08	-3.920355e+01	-1.166885e+03
3.300000e-07	-5.432055e-09	-1.779684e-08	-3.867742e+01	-1.165256e+03
3.400000e-07	-5.355988e-09	-1.775968e-08	-3.813581e+01	-1.163536e+03
3.500000e-07	-5.277763e-09	-1.772590e-08	-3.757883e+01	-1.161761e+03
3.600000e-07	-5.197398e-09	-1.770267e-08	-3.700661e+01	-1.159968e+03
3.700000e-07	-5.115067e-09	-1.765524e-08	-3.642040e+01	-1.158177e+03
3.800000e-07	-5.031063e-09	-1.764589e-08	-3.582227e+01	-1.156390e+03
3.900000e-07	-4.945449e-09	-1.761252e-08	-3.521268e+01	-1.154586e+03
4.000000e-07	-4.858260e-09	-1.758628e-08	-3.459187e+01	-1.152730e+03
4.100000e-07	-4.769453e-09	-1.753825e-08	-3.395955e+01	-1.150780e+03
4.200000e-07	-4.678902e-09	-1.751981e-08	-3.331480e+01	-1.148707e+03
4.300000e-07	-4.586618e-09	-1.749451e-08	-3.265772e+01	-1.146498e+03
4.400000e-07	-4.492745e-09	-1.744869e-08	-3.198932e+01	-1.144162e+03
4.500000e-07	-4.397350e-09	-1.741271e-08	-3.131009e+01	-1.141726e+03
4.600000e-07	-4.300371e-09	-1.736867e-08	-3.061958e+01	-1.139229e+03
4.700000e-07	-4.201802e-09	-1.734923e-08	-2.991774e+01	-1.136702e+03
4.800000e-07	-4.101695e-09	-1.731214e-08	-2.920496e+01	-1.134160e+03
4.900000e-07	-4.000145e-09	-1.726403e-08	-2.848190e+01	-1.131597e+03
5.000000e-07	-3.897220e-09	-1.720904e-08	-2.774905e+01	-1.128981e+03
5.100000e-07	-3.792866e-09	-1.716549e-08	-2.700603e+01	-1.126268e+03
5.200000e-07	-3.687075e-09	-1.712939e-08	-2.625277e+01	-1.123411e+03
5.300000e-07	-3.579870e-09	-1.708328e-08	-2.548945e+01	-1.120376e+03
5.400000e-07	-3.471319e-09	-1.703460e-08	-2.471654e+01	-1.117153e+03
5.500000e-07	-3.361535e-09	-1.698336e-08	-2.393486e+01	-1.113758e+03
5.600000e-07	-3.250587e-09	-1.693972e-08	-2.314488e+01	-1.110224e+03
5.700000e-07	-3.138447e-09	-1.688811e-08	-2.234642e+01	-1.106598e+03
5.800000e-07	-3.025061e-09	-1.682315e-08	-2.153908e+01	-1.102913e+03
5.900000e-07	-2.910402e-09	-1.675478e-08	-2.072269e+01	-1.099183e+03
6.000000e-07	-2.794434e-09	-1.669585e-08	-1.989697e+01	-1.095391e+03
6.100000e-07	-2.677300e-09	-1.664242e-08	-1.906295e+01	-1.091494e+03
6.200000e-07	-2.559213e-09	-1.658293e-08	-1.822215e+01	-1.087429e+03
6.300000e-07	-2.440258e-09	-1.651430e-08	-1.737516e+01	-1.083135e+03
6.400000e-07	-2.320433e-09	-1.644229e-08	-1.652198e+01	-1.078567e+03
6.500000e-07	-2.199722e-09	-1.637235e-08	-1.566249e+01	-1.073708e+03
6.600000e-07	-2.078196e-09	-1.629678e-08	-1.479720e+01	-1.068577e+03
6.700000e-07	-1.955973e-09	-1.621136e-08	-1.392694e+01	-1.063212e+03
6.800000e-07	-1.833078e-09	-1.612200e-08	-1.305190e+01	-1.057663e+03
6.900000e-07	-1.709490e-09	-1.603812e-08	-1.217193e+01	-1.051964e+03
7.000000e-07	-1.585241e-09	-1.595522e-08	-1.128725e+01	-1.046120e+03
7.100000e-07	-1.460431e-09	-1.586379e-08	-1.039857e+01	-1.040095e+03
7.200000e-07	-1.335170e-09	-1.575979e-08	-9.506687e+00	-1.033820e+03
7.300000e-07	-1.209532e-09	-1.565109e-08	-8.612117e+00	-1.027201e+03
7.400000e-07	-1.083565e-09	-1.554288e-08	-7.715203e+00	-1.020149e+03
7.500000e-07	-9.572874e-10	-1.543171e-08	-6.816080e+00	-1.012594e+03
7.600000e-07	-8.307012e-10	-1.530968e-08	-5.914758e+00	-1.004508e+03
7.700000e-07	-7.038334e-10	-1.517634e-08	-5.011431e+00	-9.958964e+02
7.800000e-07	-5.767500e-10	-1.504185e-08	-4.106569e+00	-9.867906e+02
7.900000e-07	-4.495103e-10	-1.490165e-08	-3.200594e+00	-9.772155e+02
8.000000e-07	-3.221331e-10	-1.474795e-08	-2.293640e+00	-9.671600e+02
8.100000e-07	-1.946156e-10	-1.457817e-08	-1.385687e+00	-9.565498e+02
8.200000e-07	-6.698495e-11	-1.439612e-08	-4.769287e-01	-9.452353e+02
8.300000e-07	6.069691e-11	-1.420485e-08	4.321943e-01	-9.329986e+02
8.400000e-07	1.883789e-10	-1.399960e-08	1.341318e+00	-9.195774e+02
8.500000e-07	3.160224e-10	-1.377342e-08	2.250169e+00	-9.046987e+02
8.600000e-07	4.435793e-10	-1.352118e-08	3.158401e+00	-8.881079e+02
8.700000e-07	5.710017e-10	-1.324139e-08	4.065678e+00	-8.695796e+02
8.800000e-07	6.982475e-10	-1.292917e-08	4.971696e+00	-8.488995e+02
8.900000e-07	8.252845e-10	-1.257586e-08	5.876228e+00	-8.258124e+02
9.000000e-07	9.520632e-10	-1.217557e-08	6.778920e+00	-7.999456e+02
9.100000e-07	1.078527e-09	-1.172437e-08	7.679373e+00	-7.707243e+02
9.200000e-07	1.204653e-09	-1.121311e-08	8.577412e+00	-7.373044e+02
9.300000e-07	1.330420e-09	-1.062064e-08	9.472908e+00	-6.985497e+02
9.400000e-07	1.455787e-09	-9.920305e-09	1.036555e+01	-6.530764e+02
9.500000e-07	1.580682e-09	-9.090746e-09	1.125483e+01	-5.993735e+02
9.600000e-07	1.704999e-09	-8.114677e-09	1.213999e+01	-5.359941e+02
9.700000e-07	1.828621e-09	-6.977904e-09	1.302021e+01	-4.617932e+02
9.800000e-07	1.951493e-09	-5.668490e-09	1.389508e+01	-3.761739e+02
9.900000e-07	2.073616e-09	-4.187116e-09	1.476463e+01	-2.792968e+02
1.000000e-06	2.194958e-09	-2.550610e-09	1.562861e+01	-1.722078e+02
1.010000e-06	2.315428e-09	-7.890823e-10	1.648638e+01	-5.685305e+01
1.020000e-06	2.434992e-09	1.057960e-09	1.733770e+01	6.403360e+01
1.030000e-06	2.553668e-09	2.943531e-09	1.818270e+01	1.871597e+02
1.040000e-06	2.671438e-09	4.808529e-09	1.902125e+01	3.089893e+02
1.050000e-06	2.788178e-09	6.595441e-09	1.985246e+01	4.260948e+02
1.060000e-06	2.903733e-09	8.254736e-09	2.067524e+01	5.354911e+02
1.070000e-06	3.018048e-09	9.754372e-09	2.148918e+01	6.348993e+02
1.080000e-06	3.131131e-09	1.107726e-08	2.229436e+01	7.229037e+02
1.090000e-06	3.243015e-09	1.221878e-08	2.309100e+01	7.989835e+02
1.100000e-06	3.353774e-09	1.318504e-08	2.387963e+01	8.634253e+02
1.110000e-06	3.463477e-09	1.399258e-08	2.466074e+01	9.171446e+02
1.120000e-06	3.572092e-09	1.466504e-08	2.543410e+01	9.614548e+02
1.130000e-06	3.679460e-09	1.522102e-08	2.619859e+01	9.978299e+02
1.140000e-06	3.785454e-09	1.567727e-08	2.695328e+01	1.027702e+03
1.150000e-06	3.890025e-09	1.604910e-08	2.769785e+01	1.052321e+03
1.160000e-06	3.993190e-09	1.635294e-08	2.843241e+01	1.072686e+03
1.170000e-06	4.095009e-09	1.660268e-08	2.915739e+01	1.089545e+03
1.180000e-06	4.195420e-09	1.680806e-08	2.987233e+01	1.103447e+03
1.190000e-06	4.294254e-09	1.697510e-08	3.057605e+01	1.114811e+03
1.200000e-06	4.391415e-09	1.711036e-08	3.126786e+01	1.123999e+03
1.210000e-06	4.486958e-09	1.722104e-08	3.194814e+01	1.131363e+03
1.220000e-06	4.580991e-09	1.731401e-08	3.261768e+01	1.137266e+03
1.230000e-06	4.673531e-09	1.739199e-08	3.327658e+01	1.142072e+03
1.240000e-06	4.764400e-09	1.745562e-08	3.392359e+01	1.146115e+03
1.250000e-06	4.853419e-09	1.750992e-08	3.455743e+01	1.149668e+03
1.260000e-06	4.940638e-09	1.755904e-08	3.517845e+01	1.152917e+03
1.270000e-06	5.026191e-09	1.760417e-08	3.578760e+01	1.155953e+03
1.280000e-06	5.110060e-09	1.764409e-08	3.638477e+01	1.158788e+03
1.290000e-06	5.192057e-09	1.767907e-08	3.696860e+01	1.161387e+03
1.300000e-06	5.272084e-09	1.771169e-08	3.753842e+01	1.163700e+03
1.310000e-06	5.350181e-09	1.774314e-08	3.809448e+01	1.165700e+03
1.320000e-06	5.426249e-09	1.777184e-08	3.863610e+01	1.167398e+03
1.330000e-06	5.500152e-09	1.779647e-08	3.916231e+01	1.168853e+03
1.340000e-06	5.571977e-09	1.781800e-08	3.967372e+01	1.170151e+03
1.350000e-06	5.641854e-09	1.783866e-08	4.017125e+01	1.171387e+03
1.360000e-06	5.709741e-09	1.785998e-08	4.065463e+01	1.172635e+03
1.370000e-06	5.775489e-09	1.788065e-08	4.112277e+01	1.173933e+03
1.380000e-06	5.839137e-09	1.790033e-08	4.157595e+01	1.175272e+03
1.390000e-06	5.900872e-09	1.791916e-08	4.201552e+01	1.176604e+03
1.400000e-06	5.960637e-09	1.793708e-08	4.244106e+01	1.177866e+03
1.410000e-06	6.018221e-09	1.795391e-08	4.285107e+01	1.178997e+03
1.420000e-06	6.073617e-09	1.796861e-08	4.324550e+01	1.179960e+03
1.430000e-06	6.126759e-09	1.798108e-08	4.362388e+01	1.180758e+03
1.440000e-06	6.177352e-09	1.799237e-08	4.398411e+01	1.181428e+03
1.450000e-06	6.225457e-09	1.800404e-08	4.432663e+01	1.182031e+03
1.460000e-06	6.271426e-09	1.801628e-08	4.465394e+01	1.182634e+03
1.470000e-06	6.315308e-09	1.802848e-08	4.496639e+01	1.183285e+03
1.480000e-06	6.356857e-09	1.804005e-08	4.526223e+01	1.184004e+03
1.490000e-06	6.396081e-09	1.805113e-08	4.554151e+01	1.184773e+03
1.500000e-06	6.433207e-09	1.806243e-08	4.580586e+01	1.185545e+03
1.510000e-06	6.468079e-09	1.807255e-08	4.605415e+01	1.186260e+03
1.520000e-06	6.500534e-09	1.808001e-08	4.628524e+01	1.186863e+03
1.530000e-06	6.530755e-09	1.808568e-08	4.650042e+01	1.187322e+03
1.540000e-06	6.558779e-09	1.809142e-08	4.669996e+01	1.187640e+03
1.550000e-06	6.584333e-09	1.809769e-08	4.688191e+01	1.187850e+03
1.560000e-06	6.607397e-09	1.810363e-08	4.704612e+01	1.188007e+03
1.570000e-06	6.628258e-09	1.810914e-08	4.719466e+01	1.188169e+03
1.580000e-06	6.646852e-09	1.811529e-08	4.732705e+01	1.188381e+03
1.590000e-06	6.662928e-09	1.812205e-08	4.744152e+01	1.188659e+03
1.600000e-06	6.676459e-09	1.812787e-08	4.753786e+01	1.188985e+03
1.610000e-06	6.687339e-09	1.813113e-08	4.761533e+01	1.189315e+03
1.620000e-06	6.695598e-09	1.813163e-08	4.767414e+01	1.189593e+03
1.630000e-06	6.701540e-09	1.813134e-08	4.771645e+01	1.189766e+03
1.640000e-06	6.705178e-09	1.813100e-08	4.774234e+01	1.189802e+03
1.650000e-06	6.706358e-09	1.813251e-08	4.775075e+01	1.189699e+03
1.660000e-06	6.705210e-09	1.813014e-08	4.774257e+01	1.189485e+03
1.670000e-06	6.701952e-09	1.812417e-08	4.771937e+01	1.189212e+03
1.680000e-06	6.696426e-09	1.812742e-08	4.768003e+01	1.188935e+03
1.690000e-06	6.688590e-09	1.812830e-08	4.762423e+01	1.188697e+03
1.700000e-06	6.678612e-09	1.812395e-08	4.755319e+01	1.188519e+03
1.710000e-06	6.666328e-09	1.812142e-08	4.746572e+01	1.188388e+03
1.720000e-06	6.651693e-09	1.813888e-08	4.736152e+01	1.188267e+03
1.730000e-06	6.634991e-09	1.813179e-08	4.724260e+01	1.188104e+03
1.740000e-06	6.616180e-09	1.801970e-08	4.710866e+01	1.187847e+03
1.750000e-06	6.594471e-09	1.802042e-08	4.695408e+01	1.187462e+03
1.760000e-06	6.569474e-09	1.808413e-08	4.677610e+01	1.186942e+03
1.770000e-06	6.541792e-09	1.805432e-08	4.657900e+01	1.186309e+03
1.780000e-06	6.511969e-09	1.814925e-08	4.636665e+01	1.185610e+03
1.790000e-06	6.480557e-09	1.814425e-08	4.614299e+01	1.184897e+03
1.800000e-06	6.447779e-09	1.794930e-08	4.590961e+01	1.184217e+03
1.810000e-06	6.412917e-09	1.809656e-08	4.566138e+01	1.183596e+03
1.820000e-06	6.375626e-09	1.806423e-08	4.539586e+01	1.183032e+03
1.830000e-06	6.336199e-09	1.793674e-08	4.511513e+01	1.182500e+03
1.840000e-06	6.294500e-09	1.808737e-08	4.481822e+01	1.181954e+03
1.850000e-06	6.250660e-09	1.791644e-08	4.450607e+01	1.181346e+03
1.860000e-06	6.204595e-09	1.799664e-08	4.417808e+01	1.180639e+03
1.870000e-06	6.156095e-09	1.805177e-08	4.383275e+01	1.179816e+03
1.880000e-06	6.105425e-09	1.792152e-08	4.347197e+01	1.178882e+03
1.890000e-06	6.052173e-09	1.801914e-08	4.309280e+01	1.177863e+03
1.900000e-06	5.996412e-09	1.787603e-08	4.269577e+01	1.176791e+03
1.910000e-06	5.938515e-09	1.791757e-08	4.228353e+01	1.175696e+03
1.920000e-06	5.878310e-09	1.795540e-08	4.185485e+01	1.174593e+03
1.930000e-06	5.815885e-09	1.785850e-08	4.141038e+01	1.173477e+03
1.940000e-06	5.751290e-09	1.792012e-08	4.095045e+01	1.172323e+03
1.950000e-06	5.684666e-09	1.781976e-08	4.047607e+01	1.171098e+03
1.960000e-06	5.615924e-09	1.789023e-08	3.998661e+01	1.169769e+03
1.970000e-06	5.544869e-09	1.782405e-08	3.948068e+01	1.168315e+03
1.980000e-06	5.471769e-09	1.774171e-08	3.896019e+01	1.166737e+03
1.990000e-06	5.396546e-09	1.778625e-08	3.842458e+01	1.165053e+03
2.000000e-06	5.319143e-09	1.769249e-08	3.787346e+01	1.163298e+03
2.010000e-06	5.239728e-09	1.777065e-08	3.730801e+01	1.161509e+03
2.020000e-06	5.158460e-09	1.769509e-08	3.672937e+01	1.159716e+03
2.030000e-06	5.075468e-09	1.766639e-08	3.613844e+01	1.157928e+03
2.040000e-06	4.990635e-09	1.763306e-08	3.553441e+01	1.156136e+03
2.050000e-06	4.903967e-09	1.758461e-08	3.491731e+01	1.154307e+03
2.060000e-06	4.815589e-09	1.759696e-08	3.428804e+01	1.152404e+03
2.070000e-06	4.725629e-09	1.750481e-08	3.364751e+01	1.150390e+03
2.080000e-06	4.634046e-09	1.751360e-08	3.299541e+01	1.148242e+03
2.090000e-06	4.540774e-09	1.746339e-08	3.233130e+01	1.145960e+03
2.100000e-06	4.445835e-09	1.746935e-08	3.165532e+01	1.143564e+03
2.110000e-06	4.349377e-09	1.742076e-08	3.096851e+01	1.141090e+03
2.120000e-06	4.251536e-09	1.735271e-08	3.027186e+01	1.138573e+03
2.130000e-06	4.152210e-09	1.732515e-08	2.956464e+01	1.136037e+03
2.140000e-06	4.051321e-09	1.727807e-08	2.884628e+01	1.133486e+03
2.150000e-06	3.948801e-09	1.726715e-08	2.811632e+01	1.130899e+03
2.160000e-06	3.844767e-09	1.719877e-08	2.737558e+01	1.128235e+03
2.170000e-06	3.739416e-09	1.716190e-08	2.662545e+01	1.125448e+03
2.180000e-06	3.632877e-09	1.711260e-08	2.586687e+01	1.122496e+03
2.190000e-06	3.525126e-09	1.708036e-08	2.509966e+01	1.119357e+03
2.200000e-06	3.416087e-09	1.702720e-08	2.432327e+01	1.116035e+03
2.210000e-06	3.305699e-09	1.695837e-08	2.353729e+01	1.112559e+03
2.220000e-06	3.193917e-09	1.690773e-08	2.274138e+01	1.108969e+03
2.230000e-06	3.080900e-09	1.686454e-08	2.193667e+01	1.105306e+03
2.240000e-06	2.966689e-09	1.682324e-08	2.112346e+01	1.101597e+03
2.250000e-06	2.851266e-09	1.675344e-08	2.030163e+01	1.097837e+03
2.260000e-06	2.734642e-09	1.668261e-08	1.947124e+01	1.093994e+03
2.270000e-06	2.616894e-09	1.661420e-08	1.863285e+01	1.090012e+03
2.280000e-06	2.498081e-09	1.656245e-08	1.778687e+01	1.085828e+03
2.290000e-06	2.378265e-09	1.649267e-08	1.693375e+01	1.081387e+03
2.300000e-06	2.257628e-09	1.641662e-08	1.607480e+01	1.076658e+03
2.310000e-06	2.136316e-09	1.633834e-08	1.521103e+01	1.071645e+03
2.320000e-06	2.014365e-09	1.627260e-08	1.434271e+01	1.066379e+03
2.330000e-06	1.891751e-09	1.619958e-08	1.346967e+01	1.060907e+03
2.340000e-06	1.768470e-09	1.610832e-08	1.259188e+01	1.055273e+03
2.350000e-06	1.644519e-09	1.600886e-08	1.170932e+01	1.049496e+03
2.360000e-06	1.519994e-09	1.591229e-08	1.082268e+01	1.043559e+03
2.370000e-06	1.394976e-09	1.582774e-08	9.932519e+00	1.037407e+03
2.380000e-06	1.269539e-09	1.572949e-08	9.039378e+00	1.030954e+03
2.390000e-06	1.143689e-09	1.562194e-08	8.143298e+00	1.024107e+03
2.400000e-06	1.017418e-09	1.550368e-08	7.244225e+00	1.016783e+03
2.410000e-06	8.907316e-10	1.539291e-08	6.342189e+00	1.008937e+03
2.420000e-06	7.636744e-10	1.527500e-08	5.437514e+00	1.000558e+03
2.430000e-06	6.363550e-10	1.514070e-08	4.530971e+00	9.916705e+02
2.440000e-06	5.087990e-10	1.499384e-08	3.622744e+00	9.823046e+02
2.450000e-06	3.810465e-10	1.484213e-08	2.713118e+00	9.724698e+02
2.460000e-06	2.531098e-10	1.469243e-08	1.802179e+00	9.621225e+02
2.470000e-06	1.250581e-10	1.452710e-08	8.904227e-01	9.511475e+02
2.480000e-06	-3.050764e-12	1.434145e-08	-2.174100e-02	9.393552e+02
2.490000e-06	-1.311905e-10	1.413833e-08	-9.341244e-01	9.264997e+02
2.500000e-06	-2.593003e-10	1.392575e-08	-1.846295e+00	9.123085e+02
2.510000e-06	-3.873282e-10	1.369460e-08	-2.757883e+00	8.965159e+02
2.520000e-06	-5.152476e-10	1.343133e-08	-3.668697e+00	8.788840e+02
2.530000e-06	-6.430369e-10	1.313146e-08	-4.578586e+00	8.591978e+02
2.540000e-06	-7.706138e-10	1.279763e-08	-5.486962e+00	8.372286e+02
2.550000e-06	-8.978988e-10	1.242873e-08	-6.393259e+00	8.126671e+02
2.560000e-06	-1.024813e-09	1.201176e-08	-7.296920e+00	7.850390e+02
2.570000e-06	-1.151296e-09	1.153170e-08	-8.197505e+00	7.536271e+02
2.580000e-06	-1.277324e-09	1.097737e-08	-9.094850e+00	7.174254e+02
2.590000e-06	-1.402877e-09	1.033856e-08	-9.988815e+00	6.751509e+02
2.600000e-06	-1.527938e-09	9.589464e-09	-1.087928e+01	6.253300e+02
2.610000e-06	-1.652439e-09	8.698672e-09	-1.176575e+01	5.664600e+02
2.620000e-06	-1.776272e-09	7.645104e-09	-1.264747e+01	4.972296e+02
2.630000e-06	-1.899363e-09	6.423068e-09	-1.352391e+01	4.167670e+02
2.640000e-06	-2.021681e-09	5.035082e-09	-1.439484e+01	3.248711e+02
2.650000e-06	-2.143240e-09	3.483383e-09	-1.526036e+01	2.221815e+02
2.660000e-06	-2.264084e-09	1.783143e-09	-1.612080e+01	1.102461e+02
2.670000e-06	-2.384162e-09	-3.040853e-11	-1.697578e+01	-8.533111e+00
2.680000e-06	-2.503315e-09	-1.905370e-09	-1.782418e+01	-1.310801e+02
2.690000e-06	-2.621419e-09	-3.786354e-09	-1.866510e+01	-2.539260e+02
2.700000e-06	-2.738445e-09	-5.624358e-09	-1.949835e+01	-3.735514e+02
2.710000e-06	-2.854349e-09	-7.368613e-09	-2.032361e+01	-4.867350e+02
2.720000e-06	-2.969068e-09	-8.970585e-09	-2.114044e+01	-5.908548e+02
2.730000e-06	-3.082541e-09	-1.039675e-08	-2.194839e+01	-6.840961e+02
2.740000e-06	-3.194723e-09	-1.163779e-08	-2.274715e+01	-7.655404e+02
2.750000e-06	-3.305618e-09	-1.270361e-08	-2.353675e+01	-8.351291e+02
2.760000e-06	-3.415240e-09	-1.360643e-08	-2.431728e+01	-8.935214e+02
2.770000e-06	-3.523712e-09	-1.435908e-08	-2.508962e+01	-9.418817e+02
2.780000e-06	-3.631117e-09	-1.497725e-08	-2.585437e+01	-9.816395e+02
2.790000e-06	-3.737394e-09	-1.548500e-08	-2.661108e+01	-1.014267e+03
2.800000e-06	-3.842475e-09	-1.590478e-08	-2.735929e+01	-1.041109e+03
2.810000e-06	-3.946216e-09	-1.624956e-08	-2.809795e+01	-1.063279e+03
2.820000e-06	-4.048434e-09	-1.652745e-08	-2.882576e+01	-1.081636e+03
2.830000e-06	-4.149087e-09	-1.675142e-08	-2.954243e+01	-1.096809e+03
2.840000e-06	-4.248256e-09	-1.693672e-08	-3.024853e+01	-1.109267e+03
2.850000e-06	-4.346021e-09	-1.709233e-08	-3.094464e+01	-1.119389e+03
2.860000e-06	-4.442373e-09	-1.722041e-08	-3.163069e+01	-1.127529e+03
2.870000e-06	-4.537141e-09	-1.732228e-08	-3.230546e+01	-1.134043e+03
2.880000e-06	-4.630194e-09	-1.740579e-08	-3.296802e+01	-1.139298e+03
2.890000e-06	-4.721575e-09	-1.747782e-08	-3.361867e+01	-1.143647e+03
2.900000e-06	-4.811341e-09	-1.754015e-08	-3.425782e+01	-1.147392e+03
2.910000e-06	-4.899417e-09	-1.759193e-08	-3.488495e+01	-1.150761e+03
2.920000e-06	-4.985639e-09	-1.763554e-08	-3.549886e+01	-1.153887e+03
2.930000e-06	-5.069955e-09	-1.767644e-08	-3.609921e+01	-1.156815e+03
2.940000e-06	-5.152497e-09	-1.771748e-08	-3.668692e+01	-1.159527e+03
2.950000e-06	-5.233319e-09	-1.775501e-08	-3.726240e+01	-1.161974e+03
2.960000e-06	-5.312246e-09	-1.778554e-08	-3.782437e+01	-1.164115e+03
2.970000e-06	-5.389008e-09	-1.781109e-08	-3.837094e+01	-1.165944e+03
2.980000e-06	-5.463593e-09	-1.783556e-08	-3.890200e+01	-1.167499e+03
2.990000e-06	-5.536188e-09	-1.785978e-08	-3.941889e+01	-1.168856e+03
3.000000e-06	-5.606764e-09	-1.788134e-08	-3.992140e+01	-1.170109e+03
3.010000e-06	-5.675195e-09	-1.789958e-08	-4.040865e+01	-1.171345e+03
3.020000e-06	-5.741577e-09	-1.791720e-08	-4.088131e+01	-1.172619e+03
3.030000e-06	-5.806053e-09	-1.793691e-08	-4.134039e+01	-1.173943e+03
3.040000e-06	-5.868510e-09	-1.795734e-08	-4.178510e+01	-1.175286e+03
3.050000e-06	-5.928775e-09	-1.797498e-08	-4.221419e+01	-1.176588e+03
3.060000e-06	-5.986881e-09	-1.798978e-08	-4.262792e+01	-1.177784e+03
3.070000e-06	-6.042974e-09	-1.800294e-08	-4.302731e+01	-1.178825e+03
3.080000e-06	-6.096896e-09	-1.801632e-08	-4.341125e+01	-1.179694e+03
3.090000e-06	-6.148366e-09	-1.802683e-08	-4.377773e+01	-1.180415e+03
3.100000e-06	-6.197254e-09	-1.803644e-08	-4.412582e+01	-1.181040e+03
3.110000e-06	-6.243661e-09	-1.804681e-08	-4.445625e+01	-1.181636e+03
3.120000e-06	-6.288002e-09	-1.805814e-08	-4.477197e+01	-1.182261e+03
3.130000e-06	-6.330408e-09	-1.806985e-08	-4.507391e+01	-1.182950e+03
3.140000e-06	-6.370773e-09	-1.808090e-08	-4.536132e+01	-1.183701e+03
3.150000e-06	-6.408894e-09	-1.809111e-08	-4.563274e+01	-1.184479e+03
3.160000e-06	-6.444656e-09	-1.809988e-08	-4.588737e+01	-1.185227e+03
3.170000e-06	-6.478179e-09	-1.810707e-08	-4.612607e+01	-1.185886e+03
3.180000e-06	-6.509421e-09	-1.811176e-08	-4.634851e+01	-1.186411e+03
3.190000e-06	-6.538223e-09	-1.811472e-08	-4.655359e+01	-1.186790e+03
3.200000e-06	-6.564654e-09	-1.811750e-08	-4.674179e+01	-1.187043e+03
3.210000e-06	-6.588841e-09	-1.812182e-08	-4.691401e+01	-1.187216e+03
3.220000e-06	-6.610604e-09	-1.812614e-08	-4.706897e+01	-1.187370e+03
3.230000e-06	-6.629941e-09	-1.813018e-08	-4.720665e+01	-1.187556e+03
3.240000e-06	-6.647039e-09	-1.813503e-08	-4.732839e+01	-1.187804e+03
3.250000e-06	-6.661679e-09	-1.814027e-08	-4.743263e+01	-1.188112e+03
3.260000e-06	-6.673600e-09	-1.814275e-08	-4.751751e+01	-1.188448e+03
3.270000e-06	-6.683000e-09	-1.814267e-08	-4.758444e+01	-1.188757e+03
3.280000e-06	-6.690028e-09	-1.814037e-08	-4.763448e+01	-1.188982e+03
3.290000e-06	-6.694593e-09	-1.813885e-08	-4.766698e+01	-1.189082e+03
3.300000e-06	-6.696823e-09	-1.813647e-08	-4.768285e+01	-1.189039e+03
