# Temperatura_=_55.763030303030305
# Concentracion g/m^3_=_16500.0
# C_Vs_to_Am_M_A/Vsm_=_65563218390.804596
# pendiente_HvsI_1/m_=_3716.3
# ordenada_HvsI_A/m_=_1297.0
# frecuencia_Hz_=_302066.09205008746
# Promedio de 33 ciclos

Tiempo_(s)	Campo_(V.s)	Magnetizacion_(V.s)	Campo_(kA/m)	Magnetizacion_(A/m)
0.000000e+00	-5.324756e-09	-1.773518e-08	-3.822659e+01	-1.162089e+03
1.000000e-08	-5.322004e-09	-1.773835e-08	-3.820683e+01	-1.161987e+03
2.000000e-08	-5.317453e-09	-1.773562e-08	-3.817416e+01	-1.161892e+03
3.000000e-08	-5.311311e-09	-1.773336e-08	-3.813007e+01	-1.161802e+03
4.000000e-08	-5.303594e-09	-1.773095e-08	-3.807466e+01	-1.161698e+03
5.000000e-08	-5.294124e-09	-1.772530e-08	-3.800668e+01	-1.161556e+03
6.000000e-08	-5.282617e-09	-1.771662e-08	-3.792407e+01	-1.161345e+03
7.000000e-08	-5.269177e-09	-1.770217e-08	-3.782759e+01	-1.161044e+03
8.000000e-08	-5.253680e-09	-1.771559e-08	-3.771633e+01	-1.160645e+03
9.000000e-08	-5.235878e-09	-1.776629e-08	-3.758853e+01	-1.160160e+03
1.000000e-07	-5.215979e-09	-1.775374e-08	-3.744568e+01	-1.159619e+03
1.100000e-07	-5.194211e-09	-1.770697e-08	-3.728940e+01	-1.159064e+03
1.200000e-07	-5.170776e-09	-1.768576e-08	-3.712116e+01	-1.158539e+03
1.300000e-07	-5.145975e-09	-1.761393e-08	-3.694311e+01	-1.158078e+03
1.400000e-07	-5.119667e-09	-1.764497e-08	-3.675425e+01	-1.157697e+03
1.500000e-07	-5.091578e-09	-1.772469e-08	-3.655260e+01	-1.157385e+03
1.600000e-07	-5.061890e-09	-1.760677e-08	-3.633947e+01	-1.157109e+03
1.700000e-07	-5.030662e-09	-1.762901e-08	-3.611528e+01	-1.156818e+03
1.800000e-07	-4.997436e-09	-1.769628e-08	-3.587675e+01	-1.156450e+03
1.900000e-07	-4.962255e-09	-1.759766e-08	-3.562418e+01	-1.155951e+03
2.000000e-07	-4.925615e-09	-1.764088e-08	-3.536115e+01	-1.155280e+03
2.100000e-07	-4.887345e-09	-1.761528e-08	-3.508641e+01	-1.154420e+03
2.200000e-07	-4.847304e-09	-1.752615e-08	-3.479895e+01	-1.153380e+03
2.300000e-07	-4.805367e-09	-1.757065e-08	-3.449788e+01	-1.152189e+03
2.400000e-07	-4.761440e-09	-1.756852e-08	-3.418253e+01	-1.150890e+03
2.500000e-07	-4.715758e-09	-1.756416e-08	-3.385458e+01	-1.149529e+03
2.600000e-07	-4.668293e-09	-1.753931e-08	-3.351382e+01	-1.148147e+03
2.700000e-07	-4.618901e-09	-1.747259e-08	-3.315924e+01	-1.146770e+03
2.800000e-07	-4.567463e-09	-1.749093e-08	-3.278996e+01	-1.145407e+03
2.900000e-07	-4.514072e-09	-1.747582e-08	-3.240667e+01	-1.144052e+03
3.000000e-07	-4.459020e-09	-1.743171e-08	-3.201145e+01	-1.142688e+03
3.100000e-07	-4.402325e-09	-1.740650e-08	-3.160443e+01	-1.141291e+03
3.200000e-07	-4.343827e-09	-1.739390e-08	-3.118447e+01	-1.139842e+03
3.300000e-07	-4.283692e-09	-1.740407e-08	-3.075277e+01	-1.138324e+03
3.400000e-07	-4.222153e-09	-1.737399e-08	-3.031098e+01	-1.136734e+03
3.500000e-07	-4.159226e-09	-1.734046e-08	-2.985922e+01	-1.135072e+03
3.600000e-07	-4.094893e-09	-1.728436e-08	-2.939737e+01	-1.133345e+03
3.700000e-07	-4.028948e-09	-1.725388e-08	-2.892396e+01	-1.131562e+03
3.800000e-07	-3.961340e-09	-1.726170e-08	-2.843859e+01	-1.129729e+03
3.900000e-07	-3.892317e-09	-1.722633e-08	-2.794307e+01	-1.127847e+03
4.000000e-07	-3.822061e-09	-1.719074e-08	-2.743871e+01	-1.125914e+03
4.100000e-07	-3.750647e-09	-1.716095e-08	-2.692602e+01	-1.123923e+03
4.200000e-07	-3.678032e-09	-1.714528e-08	-2.640472e+01	-1.121866e+03
4.300000e-07	-3.603904e-09	-1.711966e-08	-2.587255e+01	-1.119736e+03
4.400000e-07	-3.528092e-09	-1.706165e-08	-2.532829e+01	-1.117527e+03
4.500000e-07	-3.450817e-09	-1.701295e-08	-2.477354e+01	-1.115238e+03
4.600000e-07	-3.372199e-09	-1.697979e-08	-2.420913e+01	-1.112870e+03
4.700000e-07	-3.292238e-09	-1.696743e-08	-2.363509e+01	-1.110423e+03
4.800000e-07	-3.210998e-09	-1.693779e-08	-2.305187e+01	-1.107897e+03
4.900000e-07	-3.128585e-09	-1.688212e-08	-2.246022e+01	-1.105293e+03
5.000000e-07	-3.045125e-09	-1.683316e-08	-2.186106e+01	-1.102608e+03
5.100000e-07	-2.960762e-09	-1.679449e-08	-2.125542e+01	-1.099839e+03
5.200000e-07	-2.875561e-09	-1.675939e-08	-2.064376e+01	-1.096982e+03
5.300000e-07	-2.789436e-09	-1.670444e-08	-2.002546e+01	-1.094035e+03
5.400000e-07	-2.702337e-09	-1.664834e-08	-1.940018e+01	-1.090997e+03
5.500000e-07	-2.614288e-09	-1.660777e-08	-1.876807e+01	-1.087867e+03
5.600000e-07	-2.525252e-09	-1.657239e-08	-1.812888e+01	-1.084645e+03
5.700000e-07	-2.435136e-09	-1.652500e-08	-1.748193e+01	-1.081326e+03
5.800000e-07	-2.343930e-09	-1.645701e-08	-1.682717e+01	-1.077904e+03
5.900000e-07	-2.251793e-09	-1.639219e-08	-1.616570e+01	-1.074370e+03
6.000000e-07	-2.158907e-09	-1.634078e-08	-1.549888e+01	-1.070709e+03
6.100000e-07	-2.065362e-09	-1.629321e-08	-1.482731e+01	-1.066908e+03
6.200000e-07	-1.971131e-09	-1.623417e-08	-1.415083e+01	-1.062956e+03
6.300000e-07	-1.876204e-09	-1.616426e-08	-1.346935e+01	-1.058845e+03
6.400000e-07	-1.780609e-09	-1.609989e-08	-1.278306e+01	-1.054572e+03
6.500000e-07	-1.684371e-09	-1.603955e-08	-1.209217e+01	-1.050141e+03
6.600000e-07	-1.587545e-09	-1.596949e-08	-1.139705e+01	-1.045554e+03
6.700000e-07	-1.490118e-09	-1.588627e-08	-1.069762e+01	-1.040817e+03
6.800000e-07	-1.392031e-09	-1.580321e-08	-9.993449e+00	-1.035929e+03
6.900000e-07	-1.293320e-09	-1.573160e-08	-9.284805e+00	-1.030881e+03
7.000000e-07	-1.194115e-09	-1.566243e-08	-8.572607e+00	-1.025658e+03
7.100000e-07	-1.094513e-09	-1.558098e-08	-7.857558e+00	-1.020237e+03
7.200000e-07	-9.945791e-10	-1.548711e-08	-7.140131e+00	-1.014590e+03
7.300000e-07	-8.943460e-10	-1.539258e-08	-6.420555e+00	-1.008692e+03
7.400000e-07	-7.938410e-10	-1.530207e-08	-5.699026e+00	-1.002522e+03
7.500000e-07	-6.931156e-10	-1.520527e-08	-4.975916e+00	-9.960626e+02
7.600000e-07	-5.921983e-10	-1.509550e-08	-4.251427e+00	-9.893021e+02
7.700000e-07	-4.911024e-10	-1.498019e-08	-3.525657e+00	-9.822294e+02
7.800000e-07	-3.898685e-10	-1.486886e-08	-2.798896e+00	-9.748277e+02
7.900000e-07	-2.885222e-10	-1.475705e-08	-2.071327e+00	-9.670688e+02
8.000000e-07	-1.870635e-10	-1.463167e-08	-1.342952e+00	-9.589080e+02
8.100000e-07	-8.549556e-11	-1.449202e-08	-6.137929e-01	-9.502828e+02
8.200000e-07	1.615296e-11	-1.434716e-08	1.159449e-01	-9.411150e+02
8.300000e-07	1.178171e-10	-1.420081e-08	8.457950e-01	-9.313163e+02
8.400000e-07	2.194494e-10	-1.404393e-08	1.575416e+00	-9.207955e+02
8.500000e-07	3.210239e-10	-1.386808e-08	2.304622e+00	-9.094645e+02
8.600000e-07	4.225125e-10	-1.367551e-08	3.033212e+00	-8.972406e+02
8.700000e-07	5.238808e-10	-1.347124e-08	3.760939e+00	-8.840431e+02
8.800000e-07	6.251035e-10	-1.325517e-08	4.487619e+00	-8.697831e+02
8.900000e-07	7.261574e-10	-1.301979e-08	5.213089e+00	-8.543476e+02
9.000000e-07	8.270030e-10	-1.275947e-08	5.937062e+00	-8.375808e+02
9.100000e-07	9.275896e-10	-1.247555e-08	6.659176e+00	-8.192662e+02
9.200000e-07	1.027898e-09	-1.216929e-08	7.379294e+00	-7.991147e+02
9.300000e-07	1.127897e-09	-1.183302e-08	8.097187e+00	-7.767608e+02
9.400000e-07	1.227505e-09	-1.145127e-08	8.812278e+00	-7.517707e+02
9.500000e-07	1.326624e-09	-1.101395e-08	9.523854e+00	-7.236617e+02
9.600000e-07	1.425143e-09	-1.052103e-08	1.023113e+01	-6.919306e+02
9.700000e-07	1.522982e-09	-9.970424e-09	1.093352e+01	-6.560874e+02
9.800000e-07	1.620109e-09	-9.351590e-09	1.163079e+01	-6.156909e+02
9.900000e-07	1.716545e-09	-8.652668e-09	1.232311e+01	-5.703803e+02
1.000000e-06	1.812339e-09	-7.873847e-09	1.301082e+01	-5.199012e+02
1.010000e-06	1.907534e-09	-7.018709e-09	1.369423e+01	-4.641241e+02
1.020000e-06	2.002117e-09	-6.087396e-09	1.437324e+01	-4.030562e+02
1.030000e-06	2.096001e-09	-5.074888e-09	1.504724e+01	-3.368479e+02
1.040000e-06	2.189167e-09	-3.980895e-09	1.571608e+01	-2.657960e+02
1.050000e-06	2.281668e-09	-2.819039e-09	1.638015e+01	-1.903464e+02
1.060000e-06	2.373473e-09	-1.604605e-09	1.703922e+01	-1.110940e+02
1.070000e-06	2.464387e-09	-3.488243e-10	1.769190e+01	-2.878048e+01
1.080000e-06	2.554217e-09	9.401284e-10	1.833678e+01	5.571361e+01
1.090000e-06	2.642973e-09	2.248771e-09	1.897397e+01	1.413869e+02
1.100000e-06	2.730789e-09	3.555878e-09	1.960440e+01	2.271465e+02
1.110000e-06	2.817718e-09	4.842935e-09	2.022847e+01	3.118512e+02
1.120000e-06	2.903722e-09	6.096658e-09	2.084589e+01	3.943660e+02
1.130000e-06	2.988802e-09	7.304157e-09	2.145668e+01	4.736235e+02
1.140000e-06	3.073007e-09	8.447325e-09	2.206120e+01	5.486858e+02
1.150000e-06	3.156243e-09	9.508622e-09	2.265875e+01	6.187987e+02
1.160000e-06	3.238307e-09	1.048148e-08	2.324789e+01	6.834300e+02
1.170000e-06	3.319162e-09	1.136685e-08	2.382835e+01	7.422873e+02
1.180000e-06	3.398842e-09	1.216693e-08	2.440038e+01	7.953116e+02
1.190000e-06	3.477310e-09	1.288099e-08	2.496370e+01	8.426494e+02
1.200000e-06	3.554555e-09	1.351300e-08	2.551824e+01	8.846079e+02
1.210000e-06	3.630522e-09	1.407076e-08	2.606361e+01	9.216012e+02
1.220000e-06	3.704988e-09	1.456224e-08	2.659821e+01	9.540959e+02
1.230000e-06	3.777866e-09	1.499235e-08	2.712140e+01	9.825644e+02
1.240000e-06	3.849319e-09	1.536461e-08	2.763437e+01	1.007452e+03
1.250000e-06	3.919428e-09	1.568590e-08	2.813768e+01	1.029156e+03
1.260000e-06	3.988241e-09	1.596784e-08	2.863169e+01	1.048028e+03
1.270000e-06	4.055708e-09	1.621558e-08	2.911604e+01	1.064374e+03
1.280000e-06	4.121559e-09	1.642979e-08	2.958878e+01	1.078471e+03
1.290000e-06	4.185764e-09	1.661238e-08	3.004972e+01	1.090578e+03
1.300000e-06	4.248520e-09	1.676901e-08	3.050024e+01	1.100941e+03
1.310000e-06	4.309899e-09	1.690456e-08	3.094089e+01	1.109803e+03
1.320000e-06	4.369934e-09	1.701931e-08	3.137188e+01	1.117390e+03
1.330000e-06	4.428368e-09	1.711502e-08	3.179138e+01	1.123908e+03
1.340000e-06	4.484993e-09	1.719616e-08	3.219789e+01	1.129538e+03
1.350000e-06	4.539967e-09	1.727002e-08	3.259255e+01	1.134425e+03
1.360000e-06	4.593314e-09	1.733783e-08	3.297553e+01	1.138679e+03
1.370000e-06	4.644779e-09	1.739688e-08	3.334500e+01	1.142382e+03
1.380000e-06	4.694226e-09	1.744514e-08	3.369998e+01	1.145596e+03
1.390000e-06	4.741861e-09	1.748599e-08	3.404196e+01	1.148372e+03
1.400000e-06	4.787897e-09	1.752179e-08	3.437245e+01	1.150760e+03
1.410000e-06	4.832421e-09	1.755232e-08	3.469209e+01	1.152815e+03
1.420000e-06	4.875230e-09	1.757725e-08	3.499942e+01	1.154596e+03
1.430000e-06	4.916140e-09	1.759953e-08	3.529311e+01	1.156165e+03
1.440000e-06	4.955341e-09	1.762295e-08	3.557454e+01	1.157577e+03
1.450000e-06	4.992946e-09	1.764726e-08	3.584450e+01	1.158876e+03
1.460000e-06	5.028924e-09	1.766905e-08	3.610279e+01	1.160088e+03
1.470000e-06	5.063034e-09	1.768629e-08	3.634767e+01	1.161221e+03
1.480000e-06	5.095221e-09	1.770115e-08	3.657874e+01	1.162270e+03
1.490000e-06	5.125700e-09	1.771453e-08	3.679755e+01	1.163219e+03
1.500000e-06	5.154549e-09	1.772599e-08	3.700466e+01	1.164056e+03
1.510000e-06	5.181588e-09	1.773525e-08	3.719878e+01	1.164773e+03
1.520000e-06	5.206555e-09	1.774351e-08	3.737801e+01	1.165376e+03
1.530000e-06	5.229572e-09	1.775241e-08	3.754325e+01	1.165884e+03
1.540000e-06	5.250874e-09	1.776266e-08	3.769618e+01	1.166323e+03
1.550000e-06	5.270467e-09	1.777222e-08	3.783684e+01	1.166718e+03
1.560000e-06	5.288141e-09	1.777972e-08	3.796373e+01	1.167093e+03
1.570000e-06	5.303796e-09	1.778623e-08	3.807611e+01	1.167456e+03
1.580000e-06	5.317501e-09	1.779251e-08	3.817450e+01	1.167803e+03
1.590000e-06	5.329115e-09	1.779710e-08	3.825787e+01	1.168119e+03
1.600000e-06	5.338515e-09	1.779862e-08	3.832536e+01	1.168382e+03
1.610000e-06	5.345921e-09	1.779933e-08	3.837853e+01	1.168574e+03
1.620000e-06	5.351544e-09	1.780099e-08	3.841890e+01	1.168683e+03
1.630000e-06	5.355375e-09	1.780418e-08	3.844640e+01	1.168711e+03
1.640000e-06	5.357203e-09	1.780726e-08	3.845952e+01	1.168672e+03
1.650000e-06	5.357069e-09	1.780832e-08	3.845856e+01	1.168589e+03
1.660000e-06	5.355228e-09	1.780395e-08	3.844535e+01	1.168489e+03
1.670000e-06	5.351781e-09	1.780139e-08	3.842060e+01	1.168389e+03
1.680000e-06	5.346544e-09	1.780314e-08	3.838300e+01	1.168297e+03
1.690000e-06	5.339384e-09	1.780143e-08	3.833160e+01	1.168203e+03
1.700000e-06	5.330556e-09	1.779738e-08	3.826823e+01	1.168085e+03
1.710000e-06	5.320155e-09	1.779473e-08	3.819356e+01	1.167914e+03
1.720000e-06	5.307932e-09	1.780364e-08	3.810581e+01	1.167663e+03
1.730000e-06	5.293697e-09	1.777939e-08	3.800361e+01	1.167317e+03
1.740000e-06	5.277452e-09	1.770356e-08	3.788699e+01	1.166875e+03
1.750000e-06	5.258840e-09	1.770872e-08	3.775338e+01	1.166359e+03
1.760000e-06	5.237521e-09	1.773912e-08	3.760032e+01	1.165806e+03
1.770000e-06	5.214079e-09	1.777975e-08	3.743204e+01	1.165259e+03
1.780000e-06	5.189469e-09	1.783497e-08	3.725536e+01	1.164759e+03
1.790000e-06	5.164065e-09	1.769229e-08	3.707299e+01	1.164334e+03
1.800000e-06	5.137160e-09	1.768747e-08	3.687983e+01	1.163986e+03
1.810000e-06	5.108093e-09	1.779968e-08	3.667116e+01	1.163696e+03
1.820000e-06	5.077340e-09	1.768978e-08	3.645039e+01	1.163420e+03
1.830000e-06	5.044873e-09	1.776368e-08	3.621731e+01	1.163100e+03
1.840000e-06	5.010442e-09	1.780162e-08	3.597012e+01	1.162678e+03
1.850000e-06	4.974423e-09	1.766130e-08	3.571154e+01	1.162104e+03
1.860000e-06	4.936553e-09	1.776600e-08	3.543967e+01	1.161347e+03
1.870000e-06	4.896858e-09	1.775070e-08	3.515470e+01	1.160402e+03
1.880000e-06	4.855587e-09	1.766809e-08	3.485841e+01	1.159288e+03
1.890000e-06	4.812524e-09	1.769689e-08	3.454926e+01	1.158041e+03
1.900000e-06	4.767830e-09	1.758343e-08	3.422840e+01	1.156708e+03
1.910000e-06	4.721283e-09	1.763318e-08	3.389424e+01	1.155333e+03
1.920000e-06	4.672751e-09	1.763519e-08	3.354583e+01	1.153950e+03
1.930000e-06	4.622565e-09	1.751582e-08	3.318554e+01	1.152578e+03
1.940000e-06	4.570435e-09	1.757547e-08	3.281130e+01	1.151220e+03
1.950000e-06	4.516293e-09	1.752495e-08	3.242262e+01	1.149863e+03
1.960000e-06	4.460446e-09	1.752566e-08	3.202169e+01	1.148486e+03
1.970000e-06	4.402993e-09	1.750546e-08	3.160923e+01	1.147067e+03
1.980000e-06	4.344084e-09	1.741684e-08	3.118632e+01	1.145588e+03
1.990000e-06	4.283608e-09	1.744637e-08	3.075216e+01	1.144037e+03
2.000000e-06	4.221476e-09	1.739193e-08	3.030611e+01	1.142412e+03
2.010000e-06	4.157770e-09	1.741829e-08	2.984877e+01	1.140719e+03
2.020000e-06	4.092573e-09	1.738182e-08	2.938072e+01	1.138965e+03
2.030000e-06	4.026030e-09	1.730070e-08	2.890301e+01	1.137158e+03
2.040000e-06	3.958141e-09	1.731670e-08	2.841563e+01	1.135303e+03
2.050000e-06	3.888791e-09	1.725457e-08	2.791776e+01	1.133398e+03
2.060000e-06	3.817885e-09	1.725506e-08	2.740873e+01	1.131439e+03
2.070000e-06	3.745586e-09	1.719558e-08	2.688969e+01	1.129418e+03
2.080000e-06	3.672028e-09	1.715847e-08	2.636161e+01	1.127328e+03
2.090000e-06	3.597136e-09	1.717412e-08	2.582396e+01	1.125162e+03
2.100000e-06	3.520820e-09	1.712124e-08	2.527609e+01	1.122916e+03
2.110000e-06	3.442936e-09	1.709693e-08	2.471696e+01	1.120590e+03
2.120000e-06	3.363694e-09	1.701243e-08	2.414807e+01	1.118185e+03
2.130000e-06	3.283330e-09	1.698337e-08	2.357114e+01	1.115701e+03
2.140000e-06	3.201852e-09	1.696071e-08	2.298621e+01	1.113140e+03
2.150000e-06	3.119318e-09	1.691704e-08	2.239370e+01	1.110499e+03
2.160000e-06	3.035763e-09	1.688621e-08	2.179385e+01	1.107776e+03
2.170000e-06	2.951101e-09	1.682647e-08	2.118606e+01	1.104966e+03
2.180000e-06	2.865160e-09	1.680998e-08	2.056908e+01	1.102068e+03
2.190000e-06	2.778068e-09	1.676261e-08	1.994385e+01	1.099079e+03
2.200000e-06	2.690016e-09	1.670574e-08	1.931172e+01	1.095999e+03
2.210000e-06	2.601024e-09	1.663953e-08	1.867285e+01	1.092826e+03
2.220000e-06	2.511117e-09	1.658569e-08	1.802740e+01	1.089560e+03
2.230000e-06	2.420369e-09	1.655854e-08	1.737592e+01	1.086194e+03
2.240000e-06	2.328882e-09	1.650915e-08	1.671913e+01	1.082722e+03
2.250000e-06	2.236634e-09	1.645110e-08	1.605688e+01	1.079131e+03
2.260000e-06	2.143497e-09	1.638272e-08	1.538825e+01	1.075408e+03
2.270000e-06	2.049338e-09	1.633032e-08	1.471228e+01	1.071539e+03
2.280000e-06	1.954275e-09	1.627829e-08	1.402982e+01	1.067514e+03
2.290000e-06	1.858547e-09	1.621012e-08	1.334258e+01	1.063329e+03
2.300000e-06	1.762266e-09	1.613564e-08	1.265138e+01	1.058983e+03
2.310000e-06	1.665445e-09	1.606662e-08	1.195630e+01	1.054479e+03
2.320000e-06	1.568071e-09	1.600653e-08	1.125725e+01	1.049823e+03
2.330000e-06	1.470197e-09	1.593863e-08	1.055461e+01	1.045017e+03
2.340000e-06	1.371869e-09	1.585428e-08	9.848704e+00	1.040057e+03
2.350000e-06	1.273151e-09	1.576549e-08	9.140009e+00	1.034932e+03
2.360000e-06	1.174098e-09	1.568746e-08	8.428899e+00	1.029621e+03
2.370000e-06	1.074747e-09	1.561432e-08	7.715661e+00	1.024099e+03
2.380000e-06	9.751441e-10	1.553134e-08	7.000605e+00	1.018341e+03
2.390000e-06	8.752711e-10	1.543426e-08	6.283614e+00	1.012321e+03
2.400000e-06	7.750575e-10	1.533783e-08	5.564178e+00	1.006020e+03
2.410000e-06	6.744789e-10	1.524399e-08	4.842121e+00	9.994236e+02
2.420000e-06	5.736155e-10	1.514297e-08	4.118020e+00	9.925219e+02
2.430000e-06	4.726037e-10	1.502616e-08	3.392853e+00	9.853014e+02
2.440000e-06	3.714668e-10	1.490412e-08	2.666788e+00	9.777408e+02
2.450000e-06	2.701230e-10	1.478738e-08	1.939239e+00	9.698048e+02
2.460000e-06	1.685969e-10	1.467051e-08	1.210380e+00	9.614405e+02
2.470000e-06	6.698010e-11	1.454141e-08	4.808700e-01	9.525779e+02
2.480000e-06	-3.465866e-11	1.439166e-08	-2.487974e-01	9.431333e+02
2.490000e-06	-1.363118e-10	1.423372e-08	-9.785680e-01	9.330162e+02
2.500000e-06	-2.379439e-10	1.407167e-08	-1.708188e+00	9.221362e+02
2.510000e-06	-3.394755e-10	1.390003e-08	-2.437086e+00	9.104078e+02
2.520000e-06	-4.408366e-10	1.370913e-08	-3.164761e+00	8.977501e+02
2.530000e-06	-5.420071e-10	1.349834e-08	-3.891066e+00	8.840801e+02
2.540000e-06	-6.429652e-10	1.327527e-08	-4.615847e+00	8.693002e+02
2.550000e-06	-7.436424e-10	1.303594e-08	-5.338612e+00	8.532804e+02
2.560000e-06	-8.439821e-10	1.277182e-08	-6.058954e+00	8.358390e+02
2.570000e-06	-9.439635e-10	1.247598e-08	-6.776724e+00	8.167278e+02
2.580000e-06	-1.043595e-09	1.215131e-08	-7.491983e+00	7.956224e+02
2.590000e-06	-1.142879e-09	1.179895e-08	-8.204743e+00	7.721246e+02
2.600000e-06	-1.241797e-09	1.140782e-08	-8.914882e+00	7.457755e+02
2.610000e-06	-1.340319e-09	1.096218e-08	-9.622175e+00	7.160788e+02
2.620000e-06	-1.438383e-09	1.045315e-08	-1.032618e+01	6.825331e+02
2.630000e-06	-1.535911e-09	9.880148e-09	-1.102633e+01	6.446661e+02
2.640000e-06	-1.632875e-09	9.238034e-09	-1.172244e+01	6.020696e+02
2.650000e-06	-1.729302e-09	8.517296e-09	-1.241470e+01	5.544281e+02
2.660000e-06	-1.825228e-09	7.713008e-09	-1.310335e+01	5.015423e+02
2.670000e-06	-1.920609e-09	6.827758e-09	-1.378810e+01	4.433437e+02
2.680000e-06	-2.015302e-09	5.866233e-09	-1.446790e+01	3.799039e+02
2.690000e-06	-2.109121e-09	4.830381e-09	-1.514143e+01	3.114398e+02
2.700000e-06	-2.201968e-09	3.721338e-09	-1.580798e+01	2.383160e+02
2.710000e-06	-2.293888e-09	2.545231e-09	-1.646788e+01	1.610466e+02
2.720000e-06	-2.384979e-09	1.315541e-09	-1.712182e+01	8.029402e+01
2.730000e-06	-2.475254e-09	4.697820e-11	-1.776991e+01	-3.134821e+00
2.740000e-06	-2.564629e-09	-1.249185e-09	-1.841153e+01	-8.830123e+01
2.750000e-06	-2.653125e-09	-2.561811e-09	-1.904685e+01	-1.741574e+02
2.760000e-06	-2.740837e-09	-3.871807e-09	-1.967654e+01	-2.595821e+02
2.770000e-06	-2.827694e-09	-5.155879e-09	-2.030008e+01	-3.434295e+02
2.780000e-06	-2.913445e-09	-6.396879e-09	-2.091570e+01	-4.245875e+02
2.790000e-06	-2.997975e-09	-7.583162e-09	-2.152254e+01	-5.020404e+02
2.800000e-06	-3.081413e-09	-8.703291e-09	-2.212154e+01	-5.749283e+02
2.810000e-06	-3.163869e-09	-9.743776e-09	-2.271350e+01	-6.425946e+02
2.820000e-06	-3.245309e-09	-1.069491e-08	-2.329816e+01	-7.046159e+02
2.830000e-06	-3.325701e-09	-1.155679e-08	-2.387530e+01	-7.608084e+02
2.840000e-06	-3.405017e-09	-1.233376e-08	-2.444471e+01	-8.112115e+02
2.850000e-06	-3.483025e-09	-1.302912e-08	-2.500473e+01	-8.560513e+02
2.860000e-06	-3.559500e-09	-1.364335e-08	-2.555374e+01	-8.956908e+02
2.870000e-06	-3.634476e-09	-1.418087e-08	-2.609200e+01	-9.305743e+02
2.880000e-06	-3.708059e-09	-1.465208e-08	-2.662026e+01	-9.611761e+02
2.890000e-06	-3.780340e-09	-1.506585e-08	-2.713916e+01	-9.879595e+02
2.900000e-06	-3.851306e-09	-1.542830e-08	-2.764863e+01	-1.011350e+03
2.910000e-06	-3.920716e-09	-1.574139e-08	-2.814693e+01	-1.031722e+03
2.920000e-06	-3.988555e-09	-1.601134e-08	-2.863395e+01	-1.049407e+03
2.930000e-06	-4.055030e-09	-1.624629e-08	-2.911117e+01	-1.064694e+03
2.940000e-06	-4.120137e-09	-1.645072e-08	-2.957858e+01	-1.077852e+03
2.950000e-06	-4.183856e-09	-1.662647e-08	-3.003602e+01	-1.089134e+03
2.960000e-06	-4.246035e-09	-1.677486e-08	-3.048240e+01	-1.098784e+03
2.970000e-06	-4.306475e-09	-1.690120e-08	-3.091631e+01	-1.107037e+03
2.980000e-06	-4.365335e-09	-1.701168e-08	-3.133886e+01	-1.114113e+03
2.990000e-06	-4.422765e-09	-1.710751e-08	-3.175116e+01	-1.120207e+03
3.000000e-06	-4.478707e-09	-1.718827e-08	-3.215277e+01	-1.125482e+03
3.010000e-06	-4.532898e-09	-1.725652e-08	-3.254180e+01	-1.130069e+03
3.020000e-06	-4.585121e-09	-1.731721e-08	-3.291672e+01	-1.134063e+03
3.030000e-06	-4.635486e-09	-1.737186e-08	-3.327828e+01	-1.137537e+03
3.040000e-06	-4.683955e-09	-1.741912e-08	-3.362624e+01	-1.140545e+03
3.050000e-06	-4.730513e-09	-1.745866e-08	-3.396049e+01	-1.143138e+03
3.060000e-06	-4.775463e-09	-1.749257e-08	-3.428319e+01	-1.145367e+03
3.070000e-06	-4.818972e-09	-1.752289e-08	-3.459554e+01	-1.147290e+03
3.080000e-06	-4.860997e-09	-1.754905e-08	-3.489724e+01	-1.148968e+03
3.090000e-06	-4.901489e-09	-1.757221e-08	-3.518793e+01	-1.150459e+03
3.100000e-06	-4.940317e-09	-1.759099e-08	-3.546668e+01	-1.151816e+03
3.110000e-06	-4.977249e-09	-1.760720e-08	-3.573182e+01	-1.153074e+03
3.120000e-06	-5.012332e-09	-1.762452e-08	-3.598368e+01	-1.154250e+03
3.130000e-06	-5.045755e-09	-1.764242e-08	-3.622362e+01	-1.155347e+03
3.140000e-06	-5.077492e-09	-1.765748e-08	-3.645146e+01	-1.156353e+03
3.150000e-06	-5.107305e-09	-1.767025e-08	-3.666549e+01	-1.157253e+03
3.160000e-06	-5.135181e-09	-1.768165e-08	-3.686561e+01	-1.158035e+03
3.170000e-06	-5.161280e-09	-1.769287e-08	-3.705298e+01	-1.158700e+03
3.180000e-06	-5.185616e-09	-1.770226e-08	-3.722769e+01	-1.159258e+03
3.190000e-06	-5.208066e-09	-1.770808e-08	-3.738886e+01	-1.159731e+03
3.200000e-06	-5.228517e-09	-1.771058e-08	-3.753568e+01	-1.160147e+03
3.210000e-06	-5.247126e-09	-1.771299e-08	-3.766928e+01	-1.160532e+03
3.220000e-06	-5.263993e-09	-1.771889e-08	-3.779036e+01	-1.160901e+03
3.230000e-06	-5.278937e-09	-1.772578e-08	-3.789765e+01	-1.161258e+03
3.240000e-06	-5.291662e-09	-1.773069e-08	-3.798900e+01	-1.161594e+03
3.250000e-06	-5.302255e-09	-1.773374e-08	-3.806505e+01	-1.161890e+03
3.260000e-06	-5.310998e-09	-1.773625e-08	-3.812782e+01	-1.162123e+03
3.270000e-06	-5.317853e-09	-1.773766e-08	-3.817703e+01	-1.162278e+03
3.280000e-06	-5.322684e-09	-1.773731e-08	-3.821171e+01	-1.162350e+03
3.290000e-06	-5.325648e-09	-1.773456e-08	-3.823299e+01	-1.162345e+03
3.300000e-06	-5.326893e-09	-1.773108e-08	-3.824192e+01	-1.162284e+03
3.310000e-06	-5.326345e-09	-1.773070e-08	-3.823800e+01	-1.162191e+03
