# Temperatura_=_60.44071428571429
# Concentracion g/m^3_=_16500.0
# C_Vs_to_Am_M_A/Vsm_=_65563218390.804596
# pendiente_HvsI_1/m_=_3716.3
# ordenada_HvsI_A/m_=_1297.0
# frecuencia_Hz_=_301992.08656493534
# Promedio de 42 ciclos

Tiempo_(s)	Campo_(V.s)	Magnetizacion_(V.s)	Campo_(kA/m)	Magnetizacion_(A/m)
0.000000e+00	-5.332771e-09	-1.850850e-08	-3.824454e+01	-1.211604e+03
1.000000e-08	-5.331152e-09	-1.851050e-08	-3.823292e+01	-1.211477e+03
2.000000e-08	-5.327587e-09	-1.851019e-08	-3.820736e+01	-1.211343e+03
3.000000e-08	-5.322327e-09	-1.850660e-08	-3.816963e+01	-1.211211e+03
4.000000e-08	-5.315489e-09	-1.850172e-08	-3.812060e+01	-1.211075e+03
5.000000e-08	-5.307083e-09	-1.849512e-08	-3.806031e+01	-1.210916e+03
6.000000e-08	-5.296782e-09	-1.848865e-08	-3.798644e+01	-1.210710e+03
7.000000e-08	-5.284420e-09	-1.847751e-08	-3.789778e+01	-1.210426e+03
8.000000e-08	-5.270150e-09	-1.846073e-08	-3.779544e+01	-1.210044e+03
9.000000e-08	-5.253636e-09	-1.848616e-08	-3.767701e+01	-1.209555e+03
1.000000e-07	-5.234817e-09	-1.851373e-08	-3.754205e+01	-1.208972e+03
1.100000e-07	-5.214045e-09	-1.847765e-08	-3.739309e+01	-1.208320e+03
1.200000e-07	-5.191491e-09	-1.845366e-08	-3.723133e+01	-1.207641e+03
1.300000e-07	-5.167452e-09	-1.841542e-08	-3.705893e+01	-1.206978e+03
1.400000e-07	-5.142094e-09	-1.837241e-08	-3.687708e+01	-1.206372e+03
1.500000e-07	-5.115035e-09	-1.847025e-08	-3.668302e+01	-1.205848e+03
1.600000e-07	-5.086169e-09	-1.842817e-08	-3.647600e+01	-1.205411e+03
1.700000e-07	-5.055820e-09	-1.832975e-08	-3.625836e+01	-1.205045e+03
1.800000e-07	-5.023760e-09	-1.843796e-08	-3.602844e+01	-1.204714e+03
1.900000e-07	-4.989594e-09	-1.839240e-08	-3.578341e+01	-1.204369e+03
2.000000e-07	-4.953722e-09	-1.836480e-08	-3.552615e+01	-1.203958e+03
2.100000e-07	-4.916361e-09	-1.842003e-08	-3.525821e+01	-1.203433e+03
2.200000e-07	-4.877265e-09	-1.831211e-08	-3.497783e+01	-1.202760e+03
2.300000e-07	-4.836392e-09	-1.830820e-08	-3.468471e+01	-1.201924e+03
2.400000e-07	-4.793516e-09	-1.834533e-08	-3.437721e+01	-1.200926e+03
2.500000e-07	-4.748749e-09	-1.829060e-08	-3.405617e+01	-1.199784e+03
2.600000e-07	-4.702276e-09	-1.830460e-08	-3.372288e+01	-1.198526e+03
2.700000e-07	-4.653976e-09	-1.826105e-08	-3.337649e+01	-1.197186e+03
2.800000e-07	-4.603730e-09	-1.822779e-08	-3.301615e+01	-1.195792e+03
2.900000e-07	-4.551401e-09	-1.825375e-08	-3.264087e+01	-1.194366e+03
3.000000e-07	-4.497210e-09	-1.820773e-08	-3.225223e+01	-1.192922e+03
3.100000e-07	-4.441416e-09	-1.815930e-08	-3.185210e+01	-1.191462e+03
3.200000e-07	-4.383915e-09	-1.814160e-08	-3.143973e+01	-1.189978e+03
3.300000e-07	-4.324648e-09	-1.815433e-08	-3.101468e+01	-1.188460e+03
3.400000e-07	-4.263855e-09	-1.812440e-08	-3.057870e+01	-1.186893e+03
3.500000e-07	-4.201673e-09	-1.808730e-08	-3.013275e+01	-1.185264e+03
3.600000e-07	-4.138100e-09	-1.806058e-08	-2.967684e+01	-1.183563e+03
3.700000e-07	-4.073079e-09	-1.800897e-08	-2.921053e+01	-1.181785e+03
3.800000e-07	-4.006395e-09	-1.800673e-08	-2.873230e+01	-1.179929e+03
3.900000e-07	-3.938086e-09	-1.798810e-08	-2.824242e+01	-1.177998e+03
4.000000e-07	-3.868455e-09	-1.793814e-08	-2.774305e+01	-1.175994e+03
4.100000e-07	-3.797639e-09	-1.791207e-08	-2.723519e+01	-1.173925e+03
4.200000e-07	-3.725680e-09	-1.788690e-08	-2.671912e+01	-1.171795e+03
4.300000e-07	-3.652426e-09	-1.786150e-08	-2.619378e+01	-1.169605e+03
4.400000e-07	-3.577500e-09	-1.780912e-08	-2.565643e+01	-1.167354e+03
4.500000e-07	-3.500912e-09	-1.775697e-08	-2.510718e+01	-1.165039e+03
4.600000e-07	-3.422966e-09	-1.772853e-08	-2.454818e+01	-1.162652e+03
4.700000e-07	-3.343693e-09	-1.770836e-08	-2.397967e+01	-1.160184e+03
4.800000e-07	-3.263048e-09	-1.768227e-08	-2.340131e+01	-1.157625e+03
4.900000e-07	-3.181131e-09	-1.762597e-08	-2.281383e+01	-1.154967e+03
5.000000e-07	-3.098114e-09	-1.757650e-08	-2.221847e+01	-1.152205e+03
5.100000e-07	-3.014151e-09	-1.753221e-08	-2.161632e+01	-1.149337e+03
5.200000e-07	-2.929355e-09	-1.748861e-08	-2.100819e+01	-1.146367e+03
5.300000e-07	-2.843653e-09	-1.743903e-08	-2.039357e+01	-1.143300e+03
5.400000e-07	-2.756942e-09	-1.738211e-08	-1.977172e+01	-1.140143e+03
5.500000e-07	-2.669303e-09	-1.734333e-08	-1.914321e+01	-1.136902e+03
5.600000e-07	-2.580769e-09	-1.730608e-08	-1.850827e+01	-1.133578e+03
5.700000e-07	-2.491198e-09	-1.725550e-08	-1.786591e+01	-1.130166e+03
5.800000e-07	-2.400443e-09	-1.718431e-08	-1.721505e+01	-1.126655e+03
5.900000e-07	-2.308649e-09	-1.711572e-08	-1.655674e+01	-1.123031e+03
6.000000e-07	-2.216112e-09	-1.706360e-08	-1.589310e+01	-1.119275e+03
6.100000e-07	-2.122937e-09	-1.701433e-08	-1.522489e+01	-1.115371e+03
6.200000e-07	-2.029031e-09	-1.695382e-08	-1.455143e+01	-1.111307e+03
6.300000e-07	-1.934346e-09	-1.688315e-08	-1.387239e+01	-1.107078e+03
6.400000e-07	-1.839003e-09	-1.681914e-08	-1.318862e+01	-1.102683e+03
6.500000e-07	-1.743079e-09	-1.675735e-08	-1.250070e+01	-1.098130e+03
6.600000e-07	-1.646570e-09	-1.668349e-08	-1.180857e+01	-1.093424e+03
6.700000e-07	-1.549449e-09	-1.659584e-08	-1.111206e+01	-1.088570e+03
6.800000e-07	-1.451672e-09	-1.651319e-08	-1.041084e+01	-1.083566e+03
6.900000e-07	-1.353237e-09	-1.644229e-08	-9.704903e+00	-1.078401e+03
7.000000e-07	-1.254236e-09	-1.637082e-08	-8.994908e+00	-1.073054e+03
7.100000e-07	-1.154767e-09	-1.628481e-08	-8.281551e+00	-1.067501e+03
7.200000e-07	-1.054891e-09	-1.618833e-08	-7.565278e+00	-1.061715e+03
7.300000e-07	-9.546817e-10	-1.609440e-08	-6.846619e+00	-1.055670e+03
7.400000e-07	-8.542209e-10	-1.600199e-08	-6.126154e+00	-1.049350e+03
7.500000e-07	-7.535320e-10	-1.589943e-08	-5.404053e+00	-1.042743e+03
7.600000e-07	-6.526121e-10	-1.578385e-08	-4.680295e+00	-1.035842e+03
7.700000e-07	-5.514987e-10	-1.567098e-08	-3.955150e+00	-1.028642e+03
7.800000e-07	-4.502416e-10	-1.556462e-08	-3.228974e+00	-1.021128e+03
7.900000e-07	-3.488678e-10	-1.545355e-08	-2.501960e+00	-1.013269e+03
8.000000e-07	-2.473751e-10	-1.532496e-08	-1.774095e+00	-1.005019e+03
8.100000e-07	-1.457631e-10	-1.518257e-08	-1.045374e+00	-9.963081e+02
8.200000e-07	-4.406390e-11	-1.503834e-08	-3.160273e-01	-9.870531e+02
8.300000e-07	5.768434e-11	-1.489028e-08	4.136708e-01	-9.771607e+02
8.400000e-07	1.594399e-10	-1.472819e-08	1.143422e+00	-9.665384e+02
8.500000e-07	2.611524e-10	-1.454732e-08	1.872864e+00	-9.551007e+02
8.600000e-07	3.627942e-10	-1.435678e-08	2.601798e+00	-9.427721e+02
8.700000e-07	4.643244e-10	-1.415988e-08	3.329933e+00	-9.294818e+02
8.800000e-07	5.657194e-10	-1.394712e-08	4.057098e+00	-9.151512e+02
8.900000e-07	6.669777e-10	-1.370904e-08	4.783283e+00	-8.996739e+02
9.000000e-07	7.680557e-10	-1.344645e-08	5.508174e+00	-8.828926e+02
9.100000e-07	8.689090e-10	-1.316430e-08	6.231454e+00	-8.645771e+02
9.200000e-07	9.695030e-10	-1.285602e-08	6.952875e+00	-8.444086e+02
9.300000e-07	1.069804e-09	-1.250978e-08	7.672192e+00	-8.219754e+02
9.400000e-07	1.169764e-09	-1.211776e-08	8.389069e+00	-7.967822e+02
9.500000e-07	1.269286e-09	-1.167800e-08	9.102800e+00	-7.682744e+02
9.600000e-07	1.368248e-09	-1.118581e-08	9.812522e+00	-7.358741e+02
9.700000e-07	1.466572e-09	-1.062836e-08	1.051766e+01	-6.990234e+02
9.800000e-07	1.564194e-09	-9.989820e-09	1.121777e+01	-6.572302e+02
9.900000e-07	1.661110e-09	-9.264299e-09	1.191281e+01	-6.101084e+02
1.000000e-06	1.757376e-09	-8.453540e-09	1.260319e+01	-5.574102e+02
1.010000e-06	1.853030e-09	-7.558795e-09	1.328918e+01	-4.990454e+02
1.020000e-06	1.948071e-09	-6.577287e-09	1.397078e+01	-4.350894e+02
1.030000e-06	2.042448e-09	-5.510071e-09	1.464761e+01	-3.657804e+02
1.040000e-06	2.136115e-09	-4.369593e-09	1.531935e+01	-2.915098e+02
1.050000e-06	2.229101e-09	-3.170162e-09	1.598622e+01	-2.128099e+02
1.060000e-06	2.321426e-09	-1.920252e-09	1.664834e+01	-1.303406e+02
1.070000e-06	2.412977e-09	-6.198479e-10	1.730491e+01	-4.487702e+01
1.080000e-06	2.503523e-09	7.205704e-10	1.795427e+01	4.270267e+01
1.090000e-06	2.592953e-09	2.079717e-09	1.859562e+01	1.314320e+02
1.100000e-06	2.681386e-09	3.436297e-09	1.922982e+01	2.202767e+02
1.110000e-06	2.768928e-09	4.775654e-09	1.985764e+01	3.081628e+02
1.120000e-06	2.855568e-09	6.084923e-09	2.047899e+01	3.940153e+02
1.130000e-06	2.941271e-09	7.345399e-09	2.109362e+01	4.768034e+02
1.140000e-06	3.026082e-09	8.539252e-09	2.170185e+01	5.555918e+02
1.150000e-06	3.110021e-09	9.655873e-09	2.230383e+01	6.295895e+02
1.160000e-06	3.192905e-09	1.069260e-08	2.289824e+01	6.981911e+02
1.170000e-06	3.274587e-09	1.164709e-08	2.348404e+01	7.610040e+02
1.180000e-06	3.355075e-09	1.251179e-08	2.406126e+01	8.178571e+02
1.190000e-06	3.434348e-09	1.328077e-08	2.462978e+01	8.687890e+02
1.200000e-06	3.512398e-09	1.396136e-08	2.518952e+01	9.140188e+02
1.210000e-06	3.589229e-09	1.456399e-08	2.574053e+01	9.539031e+02
1.220000e-06	3.664675e-09	1.509452e-08	2.628160e+01	9.888871e+02
1.230000e-06	3.738508e-09	1.555542e-08	2.681109e+01	1.019456e+03
1.240000e-06	3.810828e-09	1.595366e-08	2.732974e+01	1.046093e+03
1.250000e-06	3.881811e-09	1.630236e-08	2.783881e+01	1.069253e+03
1.260000e-06	3.951455e-09	1.660861e-08	2.833826e+01	1.089346e+03
1.270000e-06	4.019813e-09	1.687308e-08	2.882850e+01	1.106730e+03
1.280000e-06	4.086700e-09	1.709642e-08	2.930819e+01	1.121723e+03
1.290000e-06	4.151892e-09	1.728606e-08	2.977572e+01	1.134608e+03
1.300000e-06	4.215564e-09	1.745083e-08	3.023236e+01	1.145646e+03
1.310000e-06	4.277840e-09	1.759507e-08	3.067897e+01	1.155082e+03
1.320000e-06	4.338754e-09	1.771774e-08	3.111583e+01	1.163143e+03
1.330000e-06	4.398232e-09	1.782105e-08	3.154237e+01	1.170045e+03
1.340000e-06	4.455956e-09	1.791275e-08	3.195635e+01	1.175977e+03
1.350000e-06	4.511933e-09	1.799392e-08	3.235779e+01	1.181103e+03
1.360000e-06	4.566320e-09	1.806170e-08	3.274784e+01	1.185557e+03
1.370000e-06	4.618980e-09	1.811604e-08	3.312549e+01	1.189443e+03
1.380000e-06	4.669622e-09	1.816203e-08	3.348868e+01	1.192840e+03
1.390000e-06	4.718299e-09	1.820533e-08	3.383778e+01	1.195807e+03
1.400000e-06	4.765320e-09	1.824595e-08	3.417499e+01	1.198394e+03
1.410000e-06	4.810797e-09	1.828043e-08	3.450114e+01	1.200648e+03
1.420000e-06	4.854720e-09	1.830825e-08	3.481613e+01	1.202614e+03
1.430000e-06	4.896790e-09	1.833345e-08	3.511784e+01	1.204342e+03
1.440000e-06	4.937008e-09	1.835890e-08	3.540627e+01	1.205877e+03
1.450000e-06	4.975614e-09	1.838151e-08	3.568314e+01	1.207260e+03
1.460000e-06	5.012639e-09	1.839895e-08	3.594867e+01	1.208523e+03
1.470000e-06	5.047939e-09	1.841301e-08	3.620182e+01	1.209685e+03
1.480000e-06	5.081284e-09	1.842807e-08	3.644096e+01	1.210752e+03
1.490000e-06	5.112813e-09	1.844474e-08	3.666707e+01	1.211723e+03
1.500000e-06	5.142686e-09	1.845891e-08	3.688132e+01	1.212590e+03
1.510000e-06	5.170888e-09	1.846908e-08	3.708357e+01	1.213349e+03
1.520000e-06	5.197114e-09	1.847721e-08	3.727165e+01	1.214004e+03
1.530000e-06	5.221260e-09	1.848614e-08	3.744482e+01	1.214563e+03
1.540000e-06	5.243598e-09	1.849546e-08	3.760502e+01	1.215046e+03
1.550000e-06	5.264273e-09	1.850205e-08	3.775329e+01	1.215472e+03
1.560000e-06	5.283172e-09	1.850588e-08	3.788883e+01	1.215863e+03
1.570000e-06	5.300071e-09	1.851089e-08	3.801002e+01	1.216231e+03
1.580000e-06	5.314963e-09	1.851873e-08	3.811682e+01	1.216578e+03
1.590000e-06	5.327848e-09	1.852624e-08	3.820922e+01	1.216897e+03
1.600000e-06	5.338532e-09	1.852915e-08	3.828585e+01	1.217173e+03
1.610000e-06	5.347097e-09	1.852999e-08	3.834727e+01	1.217388e+03
1.620000e-06	5.353803e-09	1.853207e-08	3.839537e+01	1.217527e+03
1.630000e-06	5.358752e-09	1.853522e-08	3.843086e+01	1.217585e+03
1.640000e-06	5.361804e-09	1.853735e-08	3.845275e+01	1.217568e+03
1.650000e-06	5.362815e-09	1.853899e-08	3.846000e+01	1.217490e+03
1.660000e-06	5.361998e-09	1.853996e-08	3.845414e+01	1.217375e+03
1.670000e-06	5.359531e-09	1.853777e-08	3.843645e+01	1.217243e+03
1.680000e-06	5.355379e-09	1.853745e-08	3.840667e+01	1.217109e+03
1.690000e-06	5.349309e-09	1.853387e-08	3.836314e+01	1.216976e+03
1.700000e-06	5.341424e-09	1.852839e-08	3.830659e+01	1.216833e+03
1.710000e-06	5.331984e-09	1.852556e-08	3.823889e+01	1.216659e+03
1.720000e-06	5.320885e-09	1.852892e-08	3.815929e+01	1.216424e+03
1.730000e-06	5.307823e-09	1.854633e-08	3.806562e+01	1.216103e+03
1.740000e-06	5.292777e-09	1.850125e-08	3.795771e+01	1.215678e+03
1.750000e-06	5.275639e-09	1.845548e-08	3.783481e+01	1.215150e+03
1.760000e-06	5.255870e-09	1.848326e-08	3.769303e+01	1.214534e+03
1.770000e-06	5.233527e-09	1.848225e-08	3.753280e+01	1.213866e+03
1.780000e-06	5.209489e-09	1.854219e-08	3.736041e+01	1.213187e+03
1.790000e-06	5.184601e-09	1.849853e-08	3.718192e+01	1.212542e+03
1.800000e-06	5.158746e-09	1.835955e-08	3.699650e+01	1.211966e+03
1.810000e-06	5.130912e-09	1.849301e-08	3.679688e+01	1.211477e+03
1.820000e-06	5.101037e-09	1.847577e-08	3.658264e+01	1.211070e+03
1.830000e-06	5.069639e-09	1.837159e-08	3.635746e+01	1.210723e+03
1.840000e-06	5.036297e-09	1.851166e-08	3.611835e+01	1.210392e+03
1.850000e-06	5.001196e-09	1.841265e-08	3.586662e+01	1.210026e+03
1.860000e-06	4.964482e-09	1.837467e-08	3.560331e+01	1.209574e+03
1.870000e-06	4.925786e-09	1.850915e-08	3.532580e+01	1.208994e+03
1.880000e-06	4.885456e-09	1.839473e-08	3.503657e+01	1.208257e+03
1.890000e-06	4.843441e-09	1.842282e-08	3.473526e+01	1.207355e+03
1.900000e-06	4.799670e-09	1.841956e-08	3.442135e+01	1.206296e+03
1.910000e-06	4.754249e-09	1.831412e-08	3.409561e+01	1.205105e+03
1.920000e-06	4.706789e-09	1.841367e-08	3.375525e+01	1.203810e+03
1.930000e-06	4.657535e-09	1.830678e-08	3.340202e+01	1.202445e+03
1.940000e-06	4.606581e-09	1.827143e-08	3.303660e+01	1.201036e+03
1.950000e-06	4.553521e-09	1.833088e-08	3.265607e+01	1.199602e+03
1.960000e-06	4.498621e-09	1.826419e-08	3.226235e+01	1.198151e+03
1.970000e-06	4.442061e-09	1.828963e-08	3.185672e+01	1.196682e+03
1.980000e-06	4.383954e-09	1.820116e-08	3.144000e+01	1.195185e+03
1.990000e-06	4.324385e-09	1.818640e-08	3.101279e+01	1.193649e+03
2.000000e-06	4.263155e-09	1.817906e-08	3.057368e+01	1.192058e+03
2.010000e-06	4.200308e-09	1.812517e-08	3.012296e+01	1.190401e+03
2.020000e-06	4.135922e-09	1.816781e-08	2.966121e+01	1.188670e+03
2.030000e-06	4.070126e-09	1.807816e-08	2.918935e+01	1.186861e+03
2.040000e-06	4.003010e-09	1.807725e-08	2.870802e+01	1.184974e+03
2.050000e-06	3.934461e-09	1.806047e-08	2.821642e+01	1.183013e+03
2.060000e-06	3.864369e-09	1.799409e-08	2.771374e+01	1.180982e+03
2.070000e-06	3.792788e-09	1.798859e-08	2.720040e+01	1.178888e+03
2.080000e-06	3.719942e-09	1.791201e-08	2.667797e+01	1.176733e+03
2.090000e-06	3.645803e-09	1.792987e-08	2.614628e+01	1.174519e+03
2.100000e-06	3.570283e-09	1.789505e-08	2.560467e+01	1.172244e+03
2.110000e-06	3.493228e-09	1.784765e-08	2.505207e+01	1.169901e+03
2.120000e-06	3.414673e-09	1.780843e-08	2.448870e+01	1.167482e+03
2.130000e-06	3.334950e-09	1.774178e-08	2.391696e+01	1.164979e+03
2.140000e-06	3.254090e-09	1.773747e-08	2.333707e+01	1.162381e+03
2.150000e-06	3.172112e-09	1.768009e-08	2.274915e+01	1.159682e+03
2.160000e-06	3.089103e-09	1.765363e-08	2.215385e+01	1.156877e+03
2.170000e-06	3.005058e-09	1.760121e-08	2.155111e+01	1.153968e+03
2.180000e-06	2.919803e-09	1.755670e-08	2.093969e+01	1.150958e+03
2.190000e-06	2.833280e-09	1.752233e-08	2.031919e+01	1.147854e+03
2.200000e-06	2.745722e-09	1.745095e-08	1.969125e+01	1.144663e+03
2.210000e-06	2.657227e-09	1.740236e-08	1.905660e+01	1.141389e+03
2.220000e-06	2.567816e-09	1.734416e-08	1.841538e+01	1.138030e+03
2.230000e-06	2.477531e-09	1.731531e-08	1.776790e+01	1.134580e+03
2.240000e-06	2.386461e-09	1.726636e-08	1.711477e+01	1.131026e+03
2.250000e-06	2.294614e-09	1.720348e-08	1.645608e+01	1.127351e+03
2.260000e-06	2.201906e-09	1.713847e-08	1.579122e+01	1.123538e+03
2.270000e-06	2.108249e-09	1.707351e-08	1.511955e+01	1.119572e+03
2.280000e-06	2.013619e-09	1.701876e-08	1.444090e+01	1.115443e+03
2.290000e-06	1.918212e-09	1.694758e-08	1.375668e+01	1.111147e+03
2.300000e-06	1.822207e-09	1.687800e-08	1.306816e+01	1.106689e+03
2.310000e-06	1.725665e-09	1.681024e-08	1.237581e+01	1.102074e+03
2.320000e-06	1.628575e-09	1.674737e-08	1.167951e+01	1.097309e+03
2.330000e-06	1.530965e-09	1.667525e-08	1.097949e+01	1.092396e+03
2.340000e-06	1.432889e-09	1.659064e-08	1.027613e+01	1.087329e+03
2.350000e-06	1.334349e-09	1.650278e-08	9.569439e+00	1.082095e+03
2.360000e-06	1.235422e-09	1.642270e-08	8.859977e+00	1.076669e+03
2.370000e-06	1.136234e-09	1.634344e-08	8.148639e+00	1.071027e+03
2.380000e-06	1.036818e-09	1.625473e-08	7.435666e+00	1.065140e+03
2.390000e-06	9.370306e-10	1.615895e-08	6.720029e+00	1.058988e+03
2.400000e-06	8.368105e-10	1.606256e-08	6.001291e+00	1.052555e+03
2.410000e-06	7.362505e-10	1.596706e-08	5.280114e+00	1.045832e+03
2.420000e-06	6.354939e-10	1.586051e-08	4.557528e+00	1.038814e+03
2.430000e-06	5.345125e-10	1.574360e-08	3.833330e+00	1.031492e+03
2.440000e-06	4.332301e-10	1.562330e-08	3.106973e+00	1.023845e+03
2.450000e-06	3.317449e-10	1.550841e-08	2.379162e+00	1.015839e+03
2.460000e-06	2.301636e-10	1.538663e-08	1.650661e+00	1.007415e+03
2.470000e-06	1.284776e-10	1.524973e-08	9.214098e-01	9.984997e+02
2.480000e-06	2.663138e-11	1.509869e-08	1.910090e-01	9.890038e+02
2.490000e-06	-7.528982e-11	1.494198e-08	-5.399296e-01	9.788335e+02
2.500000e-06	-1.771459e-10	1.478072e-08	-1.270401e+00	9.678984e+02
2.510000e-06	-2.788646e-10	1.460152e-08	-1.999887e+00	9.561170e+02
2.520000e-06	-3.804802e-10	1.440603e-08	-2.728634e+00	9.434168e+02
2.530000e-06	-4.819508e-10	1.419798e-08	-3.456340e+00	9.297257e+02
2.540000e-06	-5.831749e-10	1.398004e-08	-4.182279e+00	9.149569e+02
2.550000e-06	-6.841409e-10	1.374252e-08	-4.906367e+00	8.989866e+02
2.560000e-06	-7.848187e-10	1.347692e-08	-5.628388e+00	8.816311e+02
2.570000e-06	-8.851559e-10	1.318337e-08	-6.347967e+00	8.626267e+02
2.580000e-06	-9.851311e-10	1.286234e-08	-7.064950e+00	8.416174e+02
2.590000e-06	-1.084730e-09	1.251030e-08	-7.779238e+00	8.181568e+02
2.600000e-06	-1.183940e-09	1.211206e-08	-8.490728e+00	7.917226e+02
2.610000e-06	-1.282750e-09	1.165611e-08	-9.199358e+00	7.617461e+02
2.620000e-06	-1.381152e-09	1.113932e-08	-9.905055e+00	7.276519e+02
2.630000e-06	-1.479097e-09	1.055815e-08	-1.060748e+01	6.889031e+02
2.640000e-06	-1.576488e-09	9.899623e-09	-1.130593e+01	6.450449e+02
2.650000e-06	-1.673275e-09	9.150341e-09	-1.200005e+01	5.957428e+02
2.660000e-06	-1.769522e-09	8.311105e-09	-1.269030e+01	5.408096e+02
2.670000e-06	-1.865284e-09	7.389026e-09	-1.337706e+01	4.802201e+02
2.680000e-06	-1.960497e-09	6.387235e-09	-1.405989e+01	4.141150e+02
2.690000e-06	-2.054977e-09	5.304707e-09	-1.473747e+01	3.427941e+02
2.700000e-06	-2.148531e-09	4.145677e-09	-1.540840e+01	2.667061e+02
2.710000e-06	-2.241105e-09	2.923431e-09	-1.607230e+01	1.864350e+02
2.720000e-06	-2.332766e-09	1.652015e-09	-1.672966e+01	1.026875e+02
2.730000e-06	-2.423609e-09	3.406022e-10	-1.738115e+01	1.628096e+01
2.740000e-06	-2.513635e-09	-1.004485e-09	-1.802678e+01	-7.186986e+01
2.750000e-06	-2.602767e-09	-2.366356e-09	-1.866600e+01	-1.607690e+02
2.760000e-06	-2.691006e-09	-3.721927e-09	-1.929881e+01	-2.493626e+02
2.770000e-06	-2.778442e-09	-5.053731e-09	-1.992587e+01	-3.365716e+02
2.780000e-06	-2.865004e-09	-6.350466e-09	-2.054666e+01	-4.213325e+02
2.790000e-06	-2.950420e-09	-7.599165e-09	-2.115923e+01	-5.026462e+02
2.800000e-06	-3.034602e-09	-8.781957e-09	-2.176296e+01	-5.796288e+02
2.810000e-06	-3.117713e-09	-9.884781e-09	-2.235899e+01	-6.515582e+02
2.820000e-06	-3.199840e-09	-1.090113e-08	-2.294798e+01	-7.179107e+02
2.830000e-06	-3.280945e-09	-1.183055e-08	-2.352963e+01	-7.783813e+02
2.840000e-06	-3.360999e-09	-1.267073e-08	-2.410375e+01	-8.328837e+02
2.850000e-06	-3.439906e-09	-1.341953e-08	-2.466964e+01	-8.815324e+02
2.860000e-06	-3.517379e-09	-1.408128e-08	-2.522524e+01	-9.246060e+02
2.870000e-06	-3.593311e-09	-1.466469e-08	-2.576980e+01	-9.625021e+02
2.880000e-06	-3.667816e-09	-1.517854e-08	-2.630412e+01	-9.956869e+02
2.890000e-06	-3.740939e-09	-1.562814e-08	-2.682852e+01	-1.024649e+03
2.900000e-06	-3.812771e-09	-1.601731e-08	-2.734368e+01	-1.049864e+03
2.910000e-06	-3.883255e-09	-1.635386e-08	-2.784917e+01	-1.071770e+03
2.920000e-06	-3.952135e-09	-1.664704e-08	-2.834314e+01	-1.090754e+03
2.930000e-06	-4.019492e-09	-1.690141e-08	-2.882620e+01	-1.107161e+03
2.940000e-06	-4.085501e-09	-1.711855e-08	-2.929959e+01	-1.121291e+03
2.950000e-06	-4.150118e-09	-1.730280e-08	-2.976300e+01	-1.133419e+03
2.960000e-06	-4.213340e-09	-1.746193e-08	-3.021640e+01	-1.143797e+03
2.970000e-06	-4.274941e-09	-1.760087e-08	-3.065818e+01	-1.152665e+03
2.980000e-06	-4.334795e-09	-1.772104e-08	-3.108743e+01	-1.160246e+03
2.990000e-06	-4.393140e-09	-1.782283e-08	-3.150586e+01	-1.166744e+03
3.000000e-06	-4.450051e-09	-1.790888e-08	-3.191400e+01	-1.172341e+03
3.010000e-06	-4.505452e-09	-1.798434e-08	-3.231132e+01	-1.177189e+03
3.020000e-06	-4.559033e-09	-1.805073e-08	-3.269558e+01	-1.181409e+03
3.030000e-06	-4.610624e-09	-1.810716e-08	-3.306557e+01	-1.185095e+03
3.040000e-06	-4.660385e-09	-1.815411e-08	-3.342243e+01	-1.188316e+03
3.050000e-06	-4.708170e-09	-1.819513e-08	-3.376513e+01	-1.191129e+03
3.060000e-06	-4.754072e-09	-1.823354e-08	-3.409433e+01	-1.193579e+03
3.070000e-06	-4.798459e-09	-1.826864e-08	-3.441265e+01	-1.195715e+03
3.080000e-06	-4.841392e-09	-1.829895e-08	-3.472055e+01	-1.197582e+03
3.090000e-06	-4.882833e-09	-1.832711e-08	-3.501775e+01	-1.199229e+03
3.100000e-06	-4.922747e-09	-1.835218e-08	-3.530399e+01	-1.200700e+03
3.110000e-06	-4.960905e-09	-1.837368e-08	-3.557765e+01	-1.202034e+03
3.120000e-06	-4.997124e-09	-1.839207e-08	-3.583739e+01	-1.203256e+03
3.130000e-06	-5.031559e-09	-1.840780e-08	-3.608436e+01	-1.204381e+03
3.140000e-06	-5.064335e-09	-1.842071e-08	-3.631941e+01	-1.205411e+03
3.150000e-06	-5.095384e-09	-1.843333e-08	-3.654208e+01	-1.206342e+03
3.160000e-06	-5.124460e-09	-1.844628e-08	-3.675060e+01	-1.207167e+03
3.170000e-06	-5.151633e-09	-1.845925e-08	-3.694548e+01	-1.207885e+03
3.180000e-06	-5.177080e-09	-1.847017e-08	-3.712798e+01	-1.208501e+03
3.190000e-06	-5.200757e-09	-1.847872e-08	-3.729778e+01	-1.209028e+03
3.200000e-06	-5.222463e-09	-1.848579e-08	-3.745344e+01	-1.209487e+03
3.210000e-06	-5.242178e-09	-1.849238e-08	-3.759484e+01	-1.209898e+03
3.220000e-06	-5.260141e-09	-1.849903e-08	-3.772366e+01	-1.210279e+03
3.230000e-06	-5.276336e-09	-1.850534e-08	-3.783980e+01	-1.210640e+03
3.240000e-06	-5.290455e-09	-1.851066e-08	-3.794106e+01	-1.210978e+03
3.250000e-06	-5.302325e-09	-1.851297e-08	-3.802618e+01	-1.211282e+03
3.260000e-06	-5.312175e-09	-1.851304e-08	-3.809682e+01	-1.211537e+03
3.270000e-06	-5.320214e-09	-1.851210e-08	-3.815448e+01	-1.211723e+03
3.280000e-06	-5.326294e-09	-1.851236e-08	-3.819808e+01	-1.211831e+03
3.290000e-06	-5.330358e-09	-1.851245e-08	-3.822722e+01	-1.211859e+03
3.300000e-06	-5.332655e-09	-1.851252e-08	-3.824370e+01	-1.211816e+03
3.310000e-06	-5.333227e-09	-1.851080e-08	-3.824781e+01	-1.211722e+03
