# Configuracion:
# Concentracion g/m^3_=_16500.0
# C_Vs_to_Am_M_A/Vsm_=_65563218390.804596
# pendiente_HvsI_1/m_=_3716.3
# ordenada_HvsI_A/m_=_1297.0
# frecuencia_ref_Hz_=_302245.92431044334
# 
Resultados:
# tau_ns_=_(1.69+/-0.13)e+02
# dphi_rad_=_6.59+/-0.02
# SAR_W/g_=_1535.09+/-214.73
# Hc_kA/m_=_16.86+/-1.03
# Mr_A/m_=_939.23+/-87.34
# Magnetizacion_max_=_1189.88+/-97.33
# Suceptibilidad_a_M=0_=_(1.418+/-0.140)e-01

Nombre_archivo	Time_m_(s)	Temperatura_(ºC)	Mr_(A/m)	Hc_(kA/m)	Campo_max_(A/m)	Mag_max_(A/m)	f0	mag0	dphi0	SAR_(W/g)	Tau_(ns)	N	xi_M_0
300kHz_125dA_100Mss_bobN1M16-0016.txt	7.15	24.80	1048.68	19.01	47750.75	1294.78	3.021800e+05	1.060013e+02	6.638360e+00	1897.09	195.315240	4633	1.581e-01
300kHz_125dA_100Mss_bobN1M16-0017.txt	7.59	27.44	1051.30	18.90	47750.75	1296.43	3.021800e+05	1.062390e+02	6.637043e+00	1894.59	194.526649	4633	1.588e-01
300kHz_125dA_100Mss_bobN1M16-0018.txt	8.04	30.12	1051.16	18.80	47750.75	1297.97	3.021800e+05	1.063364e+02	6.634724e+00	1884.42	193.140854	4633	1.597e-01
300kHz_125dA_100Mss_bobN1M16-0019.txt	8.94	35.16	1056.01	18.63	47750.75	1301.55	3.022453e+05	1.067403e+02	6.632186e+00	1878.89	191.625942	4632	1.587e-01
300kHz_125dA_100Mss_bobN1M16-0020.txt	9.41	37.80	1057.98	18.40	47750.75	1308.42	3.021800e+05	1.072871e+02	6.626879e+00	1860.54	188.466808	4633	1.606e-01
300kHz_125dA_100Mss_bobN1M16-0021.txt	9.86	40.32	1059.59	18.32	47750.75	1308.33	3.022453e+05	1.073303e+02	6.625783e+00	1855.99	187.815973	4632	1.622e-01
300kHz_125dA_100Mss_bobN1M16-0022.txt	10.31	42.71	1059.51	18.28	47750.75	1311.28	3.022453e+05	1.075027e+02	6.624553e+00	1852.56	187.086135	4632	1.598e-01
300kHz_125dA_100Mss_bobN1M16-0023.txt	10.76	45.05	1058.22	18.13	47750.75	1308.05	3.021800e+05	1.073410e+02	6.621806e+00	1835.07	185.458902	4633	1.592e-01
300kHz_125dA_100Mss_bobN1M16-0024.txt	11.22	47.25	1052.83	18.00	47750.75	1306.42	3.022453e+05	1.071160e+02	6.618819e+00	1816.07	183.692334	4632	1.601e-01
300kHz_125dA_100Mss_bobN1M16-0025.txt	11.68	49.22	1042.35	17.88	47750.75	1293.10	3.022453e+05	1.060779e+02	6.616268e+00	1785.31	182.185947	4632	1.597e-01
300kHz_125dA_100Mss_bobN1M16-0026.txt	12.13	51.02	1025.71	17.64	47750.75	1276.96	3.021800e+05	1.047338e+02	6.610526e+00	1733.03	178.807188	4633	1.551e-01
300kHz_125dA_100Mss_bobN1M16-0027.txt	12.61	52.55	1004.85	17.57	47750.75	1252.05	3.022453e+05	1.026965e+02	6.609332e+00	1693.71	178.106309	4632	1.528e-01
300kHz_125dA_100Mss_bobN1M16-0028.txt	13.06	53.93	980.49	17.45	47750.75	1223.85	3.021800e+05	1.003768e+02	6.606875e+00	1643.07	176.666478	4633	1.490e-01
300kHz_125dA_100Mss_bobN1M16-0029.txt	13.52	54.89	954.39	17.29	47750.75	1196.48	3.021800e+05	9.805684e+01	6.602992e+00	1586.50	174.393848	4633	1.424e-01
300kHz_125dA_100Mss_bobN1M16-0030.txt	13.98	55.86	927.18	17.11	47750.75	1167.84	3.022453e+05	9.566854e+01	6.598396e+00	1526.70	171.712388	4632	1.408e-01
300kHz_125dA_100Mss_bobN1M16-0031.txt	14.43	56.29	902.16	16.96	47750.75	1137.92	3.022453e+05	9.324666e+01	6.595613e+00	1475.34	170.092657	4632	1.351e-01
300kHz_125dA_100Mss_bobN1M16-0032.txt	14.87	56.68	879.18	16.84	47750.75	1112.18	3.021800e+05	9.111822e+01	6.593111e+00	1430.18	168.638352	4633	1.304e-01
300kHz_125dA_100Mss_bobN1M16-0033.txt	15.34	56.94	855.60	16.67	47750.75	1087.70	3.021800e+05	8.904348e+01	6.589021e+00	1379.76	166.267751	4633	1.281e-01
300kHz_125dA_100Mss_bobN1M16-0034.txt	15.79	57.12	836.11	16.50	47750.75	1064.04	3.021800e+05	8.714987e+01	6.585829e+00	1336.76	164.420412	4633	1.256e-01
300kHz_125dA_100Mss_bobN1M16-0035.txt	16.24	57.13	820.25	16.41	47750.75	1043.85	3.021800e+05	8.551798e+01	6.584300e+00	1305.30	163.538193	4633	1.210e-01
300kHz_125dA_100Mss_bobN1M16-0036.txt	16.69	56.99	805.69	16.31	47750.75	1028.00	3.021800e+05	8.420005e+01	6.582184e+00	1276.42	162.317037	4633	1.190e-01
300kHz_125dA_100Mss_bobN1M16-0037.txt	17.16	56.92	794.80	16.20	47750.75	1018.98	3.022453e+05	8.338542e+01	6.579644e+00	1253.93	160.853547	4632	1.162e-01
300kHz_125dA_100Mss_bobN1M16-0038.txt	18.1	57.25	803.60	15.97	47750.75	1029.14	3.021800e+05	8.428506e+01	6.575403e+00	1249.58	158.415266	4633	1.197e-01
300kHz_125dA_100Mss_bobN1M16-0039.txt	18.56	58.40	821.92	15.95	47750.75	1055.90	3.021800e+05	8.640800e+01	6.573828e+00	1274.34	157.511072	4633	1.231e-01
300kHz_125dA_100Mss_bobN1M16-0040.txt	19.01	59.59	820.64	15.96	47750.75	1056.17	3.022453e+05	8.637537e+01	6.574293e+00	1276.11	157.778340	4632	1.234e-01
300kHz_125dA_100Mss_bobN1M16-0041.txt	19.46	63.50	841.04	16.01	47750.75	1078.65	3.021800e+05	8.829751e+01	6.575151e+00	1307.97	158.269862	4633	1.260e-01
300kHz_125dA_100Mss_bobN1M16-0042.txt	19.91	67.42	853.15	16.01	47750.75	1094.12	3.021800e+05	8.954412e+01	6.575487e+00	1327.92	158.462926	4633	1.280e-01
300kHz_125dA_100Mss_bobN1M16-0043.txt	20.36	68.88	860.83	15.88	47750.75	1104.35	3.022453e+05	9.039242e+01	6.572834e+00	1328.96	156.940933	4632	1.312e-01
300kHz_125dA_100Mss_bobN1M16-0044.txt	20.83	69.78	879.00	15.96	47750.75	1127.66	3.021800e+05	9.230492e+01	6.574706e+00	1365.30	158.015460	4633	1.326e-01
300kHz_125dA_100Mss_bobN1M16-0045.txt	21.28	73.10	874.03	15.94	47750.75	1125.19	3.021800e+05	9.204120e+01	6.573719e+00	1356.93	157.448745	4633	1.319e-01
300kHz_125dA_100Mss_bobN1M16-0046.txt	21.73	77.91	876.90	15.87	47750.75	1132.02	3.021800e+05	9.253267e+01	6.571574e+00	1354.38	156.218935	4633	1.327e-01
300kHz_125dA_100Mss_bobN1M16-0047.txt	22.18	79.88	900.33	15.93	47750.75	1165.43	3.022453e+05	9.512619e+01	6.571497e+00	1392.28	156.174842	4632	1.382e-01
300kHz_125dA_100Mss_bobN1M16-0048.txt	22.63	77.59	916.33	15.95	47750.75	1182.10	3.021800e+05	9.660118e+01	6.573175e+00	1421.56	157.137102	4633	1.389e-01
300kHz_125dA_100Mss_bobN1M16-0049.txt	23.09	76.33	924.45	15.93	47750.75	1191.25	3.022453e+05	9.736465e+01	6.573069e+00	1432.60	157.076489	4632	1.409e-01
300kHz_125dA_100Mss_bobN1M16-0050.txt	23.54	79.48	957.11	16.04	47750.75	1233.77	3.022453e+05	1.007738e+02	6.574936e+00	1492.04	158.147162	4632	1.457e-01
300kHz_125dA_100Mss_bobN1M16-0051.txt	23.99	82.63	985.71	16.05	47750.75	1266.73	3.021800e+05	1.035243e+02	6.575461e+00	1535.11	158.448772	4633	1.494e-01
300kHz_125dA_100Mss_bobN1M16-0052.txt	24.49	81.03	974.39	16.02	47750.75	1257.68	3.022453e+05	1.027133e+02	6.574298e+00	1517.52	157.780301	4632	1.483e-01
300kHz_125dA_100Mss_bobN1M16-0053.txt	24.94	79.50	977.27	16.03	47750.75	1260.51	3.022453e+05	1.029209e+02	6.574743e+00	1522.85	158.036538	4632	1.484e-01
300kHz_125dA_100Mss_bobN1M16-0054.txt	25.39	81.80	977.33	16.06	47750.75	1265.58	3.022453e+05	1.032773e+02	6.574683e+00	1527.81	158.001597	4632	1.478e-01
300kHz_125dA_100Mss_bobN1M16-0055.txt	25.84	84.68	973.64	16.24	47750.75	1263.05	3.021800e+05	1.029781e+02	6.577154e+00	1535.59	159.420865	4633	1.481e-01
300kHz_125dA_100Mss_bobN1M16-0056.txt	26.28	86.48	966.78	16.16	47750.75	1259.79	3.021800e+05	1.026390e+02	6.574788e+00	1518.58	158.062230	4633	1.468e-01
