# Configuracion:
# Concentracion g/m^3_=_16500.0
# C_Vs_to_Am_M_A/Vsm_=_65563218390.804596
# pendiente_HvsI_1/m_=_3716.3
# ordenada_HvsI_A/m_=_1297.0
# frecuencia_ref_Hz_=_302253.2473936651
# 
Resultados:
# tau_ns_=_(1.72+/-0.13)e+02
# dphi_rad_=_6.60+/-0.02
# SAR_W/g_=_1578.54+/-249.57
# Hc_kA/m_=_17.01+/-1.06
# Mr_A/m_=_958.11+/-102.09
# Magnetizacion_max_=_1200.04+/-111.59
# Suceptibilidad_a_M=0_=_(1.454+/-0.160)e-01

Nombre_archivo	Time_m_(s)	Temperatura_(ºC)	Mr_(A/m)	Hc_(kA/m)	Campo_max_(A/m)	Mag_max_(A/m)	f0	mag0	dphi0	SAR_(W/g)	Tau_(ns)	N	xi_M_0
300kHz_125dA_100Mss_bobN1M16-0008.txt	13.09	25.33	1057.19	18.95	47750.75	1300.79	3.023105e+05	1.065922e+02	6.639216e+00	1912.89	195.795853	4631	1.608e-01
300kHz_125dA_100Mss_bobN1M16-0009.txt	13.54	27.99	1065.00	18.80	47750.75	1314.31	3.023105e+05	1.076477e+02	6.635168e+00	1910.79	193.374215	4631	1.640e-01
300kHz_125dA_100Mss_bobN1M16-0010.txt	14.0	30.70	1066.88	18.72	47750.75	1313.64	3.023105e+05	1.076901e+02	6.634254e+00	1906.79	192.828662	4631	1.644e-01
300kHz_125dA_100Mss_bobN1M16-0011.txt	14.45	33.22	1068.03	18.60	47750.75	1313.08	3.023105e+05	1.077284e+02	6.632461e+00	1898.12	191.758104	4631	1.629e-01
300kHz_125dA_100Mss_bobN1M16-0012.txt	14.9	35.74	1069.68	18.50	47750.75	1317.29	3.023105e+05	1.080779e+02	6.630317e+00	1893.06	190.480627	4631	1.631e-01
300kHz_125dA_100Mss_bobN1M16-0013.txt	15.35	36.30	1071.09	18.42	47750.75	1321.24	3.023105e+05	1.083714e+02	6.628216e+00	1887.18	189.231254	4631	1.617e-01
300kHz_125dA_100Mss_bobN1M16-0014.txt	15.8	36.30	1073.23	18.31	47750.75	1323.69	3.023105e+05	1.085998e+02	6.626195e+00	1880.52	188.030271	4631	1.645e-01
300kHz_125dA_100Mss_bobN1M16-0015.txt	16.24	37.64	1076.23	18.22	47750.75	1325.95	3.023105e+05	1.088107e+02	6.624680e+00	1876.17	187.130682	4631	1.633e-01
300kHz_125dA_100Mss_bobN1M16-0016.txt	16.7	40.22	1077.93	18.18	47750.75	1328.04	3.023105e+05	1.089960e+02	6.623612e+00	1873.72	186.499216	4631	1.625e-01
300kHz_125dA_100Mss_bobN1M16-0017.txt	17.15	42.69	1080.51	18.02	47750.75	1331.49	3.023105e+05	1.093298e+02	6.620703e+00	1864.01	184.776305	4631	1.632e-01
300kHz_125dA_100Mss_bobN1M16-0018.txt	17.63	45.24	1081.94	17.89	47750.75	1335.62	3.023105e+05	1.096825e+02	6.617765e+00	1854.37	183.042295	4631	1.635e-01
300kHz_125dA_100Mss_bobN1M16-0019.txt	18.54	50.01	1077.52	17.78	47750.75	1327.18	3.022453e+05	1.090769e+02	6.616244e+00	1835.66	182.164469	4632	1.645e-01
300kHz_125dA_100Mss_bobN1M16-0020.txt	18.99	52.35	1069.37	17.69	47750.75	1319.72	3.021800e+05	1.084633e+02	6.614001e+00	1813.10	180.846369	4633	1.624e-01
300kHz_125dA_100Mss_bobN1M16-0021.txt	19.45	54.56	1056.15	17.47	47750.75	1306.17	3.022453e+05	1.073579e+02	6.609400e+00	1770.94	178.140512	4632	1.601e-01
300kHz_125dA_100Mss_bobN1M16-0022.txt	19.9	56.72	1038.52	17.36	47750.75	1284.56	3.022453e+05	1.056167e+02	6.607221e+00	1731.00	176.862767	4632	1.587e-01
300kHz_125dA_100Mss_bobN1M16-0023.txt	20.35	58.60	1016.73	17.25	47750.75	1260.83	3.022453e+05	1.036107e+02	6.604587e+00	1684.80	175.319928	4632	1.526e-01
300kHz_125dA_100Mss_bobN1M16-0024.txt	20.81	60.44	990.53	17.15	47750.75	1232.79	3.022453e+05	1.012539e+02	6.601901e+00	1633.19	173.750404	4632	1.489e-01
300kHz_125dA_100Mss_bobN1M16-0025.txt	21.26	62.06	963.66	16.98	47750.75	1201.86	3.022453e+05	9.872478e+01	6.598219e+00	1574.61	171.602497	4632	1.465e-01
300kHz_125dA_100Mss_bobN1M16-0026.txt	21.72	63.58	936.81	16.85	47750.75	1169.16	3.022453e+05	9.606079e+01	6.595956e+00	1521.48	170.285956	4632	1.406e-01
300kHz_125dA_100Mss_bobN1M16-0027.txt	22.17	64.89	909.05	16.74	47750.75	1139.05	3.021800e+05	9.355207e+01	6.593028e+00	1468.00	168.584558	4633	1.357e-01
300kHz_125dA_100Mss_bobN1M16-0028.txt	22.62	65.93	881.42	16.58	47750.75	1106.30	3.021800e+05	9.084805e+01	6.589839e+00	1411.37	166.735844	4633	1.325e-01
300kHz_125dA_100Mss_bobN1M16-0029.txt	23.07	66.93	856.38	16.42	47750.75	1080.02	3.022453e+05	8.865052e+01	6.585925e+00	1360.49	164.471049	4632	1.280e-01
300kHz_125dA_100Mss_bobN1M16-0030.txt	23.52	67.74	832.73	16.32	47750.75	1050.94	3.021800e+05	8.627668e+01	6.584142e+00	1316.21	163.442171	4633	1.238e-01
300kHz_125dA_100Mss_bobN1M16-0031.txt	23.97	68.55	811.76	16.15	47750.75	1031.48	3.022453e+05	8.459543e+01	6.579769e+00	1272.64	160.920134	4632	1.225e-01
300kHz_125dA_100Mss_bobN1M16-0032.txt	24.47	69.35	791.28	16.01	47750.75	1008.22	3.022453e+05	8.265070e+01	6.576344e+00	1229.44	158.951086	4632	1.172e-01
300kHz_125dA_100Mss_bobN1M16-0033.txt	24.92	70.07	780.81	15.93	47750.75	998.09	3.022453e+05	8.178651e+01	6.574752e+00	1210.17	158.036027	4632	1.167e-01
300kHz_125dA_100Mss_bobN1M16-0034.txt	25.38	70.88	795.60	15.82	47750.75	1016.29	3.021800e+05	8.331192e+01	6.572498e+00	1223.22	156.743364	4633	1.198e-01
300kHz_125dA_100Mss_bobN1M16-0035.txt	25.84	71.71	818.96	15.80	47750.75	1042.71	3.022453e+05	8.553462e+01	6.572983e+00	1258.17	157.021236	4632	1.249e-01
300kHz_125dA_100Mss_bobN1M16-0036.txt	26.29	72.20	833.57	15.80	47750.75	1063.14	3.022453e+05	8.717348e+01	6.572944e+00	1282.11	156.999114	4632	1.274e-01
300kHz_125dA_100Mss_bobN1M16-0037.txt	26.73	72.51	856.97	15.84	47750.75	1093.47	3.022453e+05	8.961145e+01	6.572993e+00	1318.18	157.027614	4632	1.315e-01
300kHz_125dA_100Mss_bobN1M16-0038.txt	27.63	74.34	882.85	16.01	47750.75	1126.41	3.022453e+05	9.222153e+01	6.576176e+00	1371.05	158.855332	4632	1.347e-01
300kHz_125dA_100Mss_bobN1M16-0039.txt	28.08	75.73	892.36	15.93	47750.75	1139.29	3.022453e+05	9.331919e+01	6.574533e+00	1379.81	157.911359	4632	1.365e-01
300kHz_125dA_100Mss_bobN1M16-0040.txt	28.53	78.16	899.96	15.91	47750.75	1149.39	3.021800e+05	9.415161e+01	6.574061e+00	1389.62	157.639958	4633	1.370e-01
300kHz_125dA_100Mss_bobN1M16-0041.txt	28.99	80.65	901.35	15.93	47750.75	1153.91	3.022453e+05	9.440980e+01	6.573679e+00	1391.96	157.420972	4632	1.380e-01
300kHz_125dA_100Mss_bobN1M16-0042.txt	29.44	84.18	923.55	16.01	47750.75	1181.59	3.022453e+05	9.664679e+01	6.575019e+00	1431.32	158.189510	4632	1.418e-01
300kHz_125dA_100Mss_bobN1M16-0043.txt	29.89	87.73	928.48	16.01	47750.75	1187.34	3.021800e+05	9.719080e+01	6.575161e+00	1439.75	158.271429	4633	1.426e-01
300kHz_125dA_100Mss_bobN1M16-0044.txt	30.34	90.78	939.39	16.00	47750.75	1201.07	3.021800e+05	9.829304e+01	6.575699e+00	1458.69	158.580018	4633	1.443e-01
300kHz_125dA_100Mss_bobN1M16-0045.txt	30.8	93.72	934.74	15.99	47750.75	1205.23	3.021800e+05	9.843894e+01	6.573441e+00	1449.90	157.285102	4633	1.407e-01
