# Configuracion:
# Concentracion g/m^3_=_16500.0
# C_Vs_to_Am_M_A/Vsm_=_65563218390.804596
# pendiente_HvsI_1/m_=_3716.3
# ordenada_HvsI_A/m_=_1297.0
# frecuencia_ref_Hz_=_301992.08656493534
# 
Resultados:
# tau_ns_=_(2.39+/-0.20)e+02
# dphi_rad_=_6.71+/-0.03
# SAR_W/g_=_1679.59+/-198.45
# Hc_kA/m_=_17.54+/-1.09
# Mr_A/m_=_984.57+/-71.32
# Magnetizacion_max_=_1217.59+/-71.58
# Suceptibilidad_a_M=0_=_(1.375+/-0.092)e-01

Nombre_archivo	Time_m_(s)	Temperatura_(ºC)	Mr_(A/m)	Hc_(kA/m)	Campo_max_(A/m)	Mag_max_(A/m)	f0	mag0	dphi0	SAR_(W/g)	Tau_(ns)	N	xi_M_0
300kHz_100dA_100Mss_bobN1M16-0013.txt	4.81	22.86	995.63	19.50	38460.00	1213.84	3.019193e+05	9.769880e+01	6.759432e+00	1854.97	271.888271	4637	1.442e-01
300kHz_100dA_100Mss_bobN1M16-0014.txt	5.26	25.08	1027.33	19.40	38460.00	1255.10	3.019193e+05	1.008374e+02	6.756542e+00	1903.83	269.962725	4637	1.481e-01
300kHz_100dA_100Mss_bobN1M16-0015.txt	5.75	27.88	1030.33	19.32	38460.00	1254.96	3.019193e+05	1.010045e+02	6.755455e+00	1902.93	269.240745	4637	1.482e-01
300kHz_100dA_100Mss_bobN1M16-0016.txt	6.2	30.42	1032.48	19.23	38460.00	1256.56	3.019193e+05	1.011805e+02	6.753784e+00	1900.01	268.131406	4637	1.467e-01
300kHz_100dA_100Mss_bobN1M16-0017.txt	6.69	33.16	1033.02	19.13	38460.00	1258.03	3.019193e+05	1.012683e+02	6.751066e+00	1891.49	266.330722	4637	1.460e-01
300kHz_100dA_100Mss_bobN1M16-0018.txt	7.14	35.66	1034.73	19.02	38460.00	1261.62	3.019193e+05	1.015663e+02	6.748262e+00	1886.52	264.475987	4637	1.444e-01
300kHz_100dA_100Mss_bobN1M16-0019.txt	8.03	40.46	1038.49	18.87	38460.00	1263.99	3.019193e+05	1.018708e+02	6.745225e+00	1880.72	262.476874	4637	1.454e-01
300kHz_100dA_100Mss_bobN1M16-0020.txt	8.49	42.90	1039.95	18.75	38460.00	1269.03	3.019193e+05	1.022344e+02	6.741366e+00	1872.79	259.944497	4637	1.461e-01
300kHz_100dA_100Mss_bobN1M16-0021.txt	8.94	45.28	1043.52	18.73	38460.00	1271.80	3.019193e+05	1.025160e+02	6.741638e+00	1878.99	260.120901	4637	1.437e-01
300kHz_100dA_100Mss_bobN1M16-0022.txt	9.39	47.59	1047.67	18.58	38460.00	1277.14	3.019193e+05	1.029833e+02	6.737713e+00	1872.52	257.552033	4637	1.456e-01
300kHz_100dA_100Mss_bobN1M16-0023.txt	9.83	49.83	1050.86	18.50	38460.00	1281.07	3.019193e+05	1.033085e+02	6.735704e+00	1870.71	256.242193	4637	1.443e-01
300kHz_100dA_100Mss_bobN1M16-0024.txt	10.29	52.06	1056.52	18.42	38460.00	1286.33	3.019193e+05	1.038406e+02	6.734303e+00	1874.93	255.330640	4637	1.445e-01
300kHz_100dA_100Mss_bobN1M16-0025.txt	10.74	54.18	1059.85	18.34	38460.00	1290.54	3.019193e+05	1.041540e+02	6.732142e+00	1872.19	253.926815	4637	1.449e-01
300kHz_100dA_100Mss_bobN1M16-0026.txt	11.2	56.30	1065.79	18.24	38460.00	1296.91	3.019193e+05	1.048208e+02	6.729959e+00	1875.63	252.510439	4637	1.466e-01
300kHz_100dA_100Mss_bobN1M16-0027.txt	11.65	58.32	1066.50	18.13	38460.00	1302.73	3.019193e+05	1.051696e+02	6.725982e+00	1866.24	249.937582	4637	1.462e-01
300kHz_100dA_100Mss_bobN1M16-0028.txt	12.1	60.30	1067.09	18.03	38460.00	1305.92	3.019193e+05	1.053629e+02	6.722799e+00	1857.11	247.885641	4637	1.468e-01
300kHz_100dA_100Mss_bobN1M16-0029.txt	12.55	62.10	1067.42	17.95	38460.00	1303.42	3.019193e+05	1.053185e+02	6.721597e+00	1851.58	247.112766	4637	1.467e-01
300kHz_100dA_100Mss_bobN1M16-0030.txt	13.0	63.90	1064.90	17.82	38460.00	1304.64	3.019193e+05	1.053348e+02	6.717454e+00	1835.49	244.454400	4637	1.454e-01
300kHz_100dA_100Mss_bobN1M16-0031.txt	13.44	65.26	1059.55	17.70	38460.00	1299.28	3.019193e+05	1.049606e+02	6.713814e+00	1814.60	242.126960	4637	1.460e-01
300kHz_100dA_100Mss_bobN1M16-0032.txt	13.93	66.78	1051.46	17.61	38460.00	1291.62	3.019193e+05	1.042941e+02	6.711427e+00	1793.71	240.606580	4637	1.453e-01
300kHz_100dA_100Mss_bobN1M16-0033.txt	14.38	67.84	1041.94	17.45	38460.00	1280.21	3.019193e+05	1.034306e+02	6.706986e+00	1761.53	237.781669	4637	1.432e-01
300kHz_100dA_100Mss_bobN1M16-0034.txt	14.83	68.83	1030.62	17.34	38460.00	1267.50	3.019845e+05	1.024634e+02	6.704422e+00	1735.51	236.157187	4636	1.410e-01
300kHz_100dA_100Mss_bobN1M16-0035.txt	15.28	69.62	1017.12	17.29	38460.00	1249.34	3.019193e+05	1.011268e+02	6.703626e+00	1709.46	235.653899	4637	1.398e-01
300kHz_100dA_100Mss_bobN1M16-0036.txt	15.74	70.31	999.11	17.15	38460.00	1237.93	3.019193e+05	9.993534e+01	6.697686e+00	1666.84	231.909267	4637	1.372e-01
300kHz_100dA_100Mss_bobN1M16-0037.txt	16.19	70.89	982.14	16.99	38460.00	1215.78	3.019193e+05	9.824374e+01	6.694147e+00	1625.44	229.684612	4637	1.357e-01
300kHz_100dA_100Mss_bobN1M16-0038.txt	17.08	71.67	942.55	16.80	38460.00	1171.55	3.019193e+05	9.465161e+01	6.688112e+00	1544.29	225.910073	4637	1.307e-01
300kHz_100dA_100Mss_bobN1M16-0039.txt	17.53	71.49	922.88	16.65	38460.00	1152.60	3.019193e+05	9.306487e+01	6.683351e+00	1501.52	222.946159	4637	1.271e-01
300kHz_100dA_100Mss_bobN1M16-0040.txt	17.98	71.31	902.45	16.54	38460.00	1128.84	3.019193e+05	9.117893e+01	6.680754e+00	1462.05	221.333991	4637	1.238e-01
300kHz_100dA_100Mss_bobN1M16-0041.txt	18.44	69.72	881.58	16.37	38460.00	1107.57	3.019193e+05	8.937496e+01	6.675296e+00	1414.48	217.956709	4637	1.217e-01
300kHz_100dA_100Mss_bobN1M16-0042.txt	18.89	68.10	872.66	16.27	38460.00	1097.97	3.019845e+05	8.860575e+01	6.672144e+00	1391.91	216.013561	4636	1.229e-01
300kHz_100dA_100Mss_bobN1M16-0043.txt	19.35	65.91	860.44	16.21	38460.00	1083.75	3.019193e+05	8.749964e+01	6.671031e+00	1370.50	215.330079	4637	1.206e-01
300kHz_100dA_100Mss_bobN1M16-0044.txt	19.8	63.62	853.41	16.22	38460.00	1073.85	3.019193e+05	8.668815e+01	6.671410e+00	1359.05	215.563503	4637	1.202e-01
300kHz_100dA_100Mss_bobN1M16-0045.txt	20.25	66.03	879.63	16.47	38460.00	1103.20	3.019193e+05	8.906740e+01	6.677773e+00	1418.05	219.488174	4637	1.249e-01
300kHz_100dA_100Mss_bobN1M16-0046.txt	20.74	72.74	900.94	16.44	38460.00	1134.25	3.019193e+05	9.144845e+01	6.675812e+00	1449.10	218.277268	4637	1.274e-01
300kHz_100dA_100Mss_bobN1M16-0047.txt	21.19	76.40	910.87	16.35	38460.00	1148.48	3.019193e+05	9.263065e+01	6.673317e+00	1458.98	216.737148	4637	1.295e-01
300kHz_100dA_100Mss_bobN1M16-0048.txt	21.64	76.62	912.39	16.34	38460.00	1152.55	3.019193e+05	9.285708e+01	6.672824e+00	1460.80	216.433340	4637	1.292e-01
300kHz_100dA_100Mss_bobN1M16-0049.txt	22.11	76.89	910.21	16.30	38460.00	1152.88	3.019193e+05	9.287119e+01	6.671069e+00	1454.77	215.351750	4637	1.301e-01
300kHz_100dA_100Mss_bobN1M16-0050.txt	22.55	77.24	912.43	16.37	38460.00	1156.56	3.019193e+05	9.308296e+01	6.672489e+00	1463.16	216.227538	4637	1.299e-01
300kHz_100dA_100Mss_bobN1M16-0051.txt	23.01	77.66	911.91	16.45	38460.00	1154.05	3.019193e+05	9.290285e+01	6.675427e+00	1470.78	218.039114	4637	1.295e-01
300kHz_100dA_100Mss_bobN1M16-0052.txt	23.45	80.21	926.68	16.41	38460.00	1175.73	3.019193e+05	9.461480e+01	6.673555e+00	1491.10	216.884297	4637	1.320e-01
300kHz_100dA_100Mss_bobN1M16-0053.txt	23.91	82.88	926.15	16.37	38460.00	1179.23	3.019193e+05	9.479868e+01	6.671832e+00	1487.74	215.822328	4637	1.316e-01
300kHz_100dA_100Mss_bobN1M16-0054.txt	24.35	82.21	920.69	16.47	38460.00	1170.47	3.019193e+05	9.415766e+01	6.674886e+00	1488.69	217.705952	4637	1.303e-01
