# Temperatura_=_63.97090909090909
# Concentracion g/m^3_=_16500.0
# C_Vs_to_Am_M_A/Vsm_=_65563218390.804596
# pendiente_HvsI_1/m_=_3716.3
# ordenada_HvsI_A/m_=_1297.0
# frecuencia_Hz_=_301983.4570453101
# Promedio de 44 ciclos

Tiempo_(s)	Campo_(V.s)	Magnetizacion_(V.s)	Campo_(kA/m)	Magnetizacion_(A/m)
0.000000e+00	-5.342978e-09	-1.823845e-08	-3.824649e+01	-1.194749e+03
1.000000e-08	-5.341248e-09	-1.823833e-08	-3.823411e+01	-1.194639e+03
2.000000e-08	-5.337575e-09	-1.823834e-08	-3.820781e+01	-1.194512e+03
3.000000e-08	-5.332225e-09	-1.823530e-08	-3.816951e+01	-1.194374e+03
4.000000e-08	-5.325298e-09	-1.823288e-08	-3.811993e+01	-1.194223e+03
5.000000e-08	-5.316775e-09	-1.823008e-08	-3.805892e+01	-1.194050e+03
6.000000e-08	-5.306317e-09	-1.822445e-08	-3.798406e+01	-1.193839e+03
7.000000e-08	-5.293812e-09	-1.821445e-08	-3.789455e+01	-1.193575e+03
8.000000e-08	-5.279359e-09	-1.820661e-08	-3.779109e+01	-1.193249e+03
9.000000e-08	-5.262618e-09	-1.823099e-08	-3.767126e+01	-1.192857e+03
1.000000e-07	-5.243620e-09	-1.826917e-08	-3.753526e+01	-1.192405e+03
1.100000e-07	-5.222705e-09	-1.824352e-08	-3.738554e+01	-1.191903e+03
1.200000e-07	-5.200012e-09	-1.818618e-08	-3.722310e+01	-1.191365e+03
1.300000e-07	-5.175855e-09	-1.813850e-08	-3.705018e+01	-1.190802e+03
1.400000e-07	-5.150357e-09	-1.809763e-08	-3.686766e+01	-1.190219e+03
1.500000e-07	-5.123127e-09	-1.815456e-08	-3.667274e+01	-1.189611e+03
1.600000e-07	-5.094119e-09	-1.818459e-08	-3.646509e+01	-1.188966e+03
1.700000e-07	-5.063633e-09	-1.809305e-08	-3.624687e+01	-1.188267e+03
1.800000e-07	-5.031394e-09	-1.812224e-08	-3.601609e+01	-1.187493e+03
1.900000e-07	-4.997047e-09	-1.815063e-08	-3.577023e+01	-1.186630e+03
2.000000e-07	-4.961041e-09	-1.808144e-08	-3.551249e+01	-1.185668e+03
2.100000e-07	-4.923528e-09	-1.808285e-08	-3.524396e+01	-1.184607e+03
2.200000e-07	-4.884261e-09	-1.802562e-08	-3.496287e+01	-1.183458e+03
2.300000e-07	-4.843196e-09	-1.798224e-08	-3.466892e+01	-1.182234e+03
2.400000e-07	-4.800118e-09	-1.803099e-08	-3.436055e+01	-1.180956e+03
2.500000e-07	-4.755172e-09	-1.801990e-08	-3.403882e+01	-1.179640e+03
2.600000e-07	-4.708497e-09	-1.800162e-08	-3.370471e+01	-1.178299e+03
2.700000e-07	-4.659970e-09	-1.796882e-08	-3.335734e+01	-1.176940e+03
2.800000e-07	-4.609469e-09	-1.792315e-08	-3.299584e+01	-1.175562e+03
2.900000e-07	-4.556891e-09	-1.793631e-08	-3.261947e+01	-1.174161e+03
3.000000e-07	-4.502500e-09	-1.790950e-08	-3.223013e+01	-1.172730e+03
3.100000e-07	-4.446511e-09	-1.785562e-08	-3.182935e+01	-1.171261e+03
3.200000e-07	-4.388787e-09	-1.784759e-08	-3.141614e+01	-1.169746e+03
3.300000e-07	-4.329304e-09	-1.785694e-08	-3.099034e+01	-1.168183e+03
3.400000e-07	-4.268323e-09	-1.783273e-08	-3.055383e+01	-1.166567e+03
3.500000e-07	-4.205952e-09	-1.777917e-08	-3.010736e+01	-1.164896e+03
3.600000e-07	-4.142184e-09	-1.774374e-08	-2.965089e+01	-1.163168e+03
3.700000e-07	-4.076927e-09	-1.770754e-08	-2.918376e+01	-1.161379e+03
3.800000e-07	-4.009987e-09	-1.769794e-08	-2.870459e+01	-1.159526e+03
3.900000e-07	-3.941467e-09	-1.769290e-08	-2.821410e+01	-1.157603e+03
4.000000e-07	-3.871644e-09	-1.764628e-08	-2.771429e+01	-1.155610e+03
4.100000e-07	-3.800639e-09	-1.761092e-08	-2.720602e+01	-1.153545e+03
4.200000e-07	-3.728493e-09	-1.758505e-08	-2.668958e+01	-1.151411e+03
4.300000e-07	-3.654985e-09	-1.754981e-08	-2.616339e+01	-1.149214e+03
4.400000e-07	-3.579750e-09	-1.749906e-08	-2.562484e+01	-1.146955e+03
4.500000e-07	-3.502898e-09	-1.745045e-08	-2.507471e+01	-1.144639e+03
4.600000e-07	-3.424689e-09	-1.742866e-08	-2.451487e+01	-1.142263e+03
4.700000e-07	-3.345112e-09	-1.741398e-08	-2.394524e+01	-1.139821e+03
4.800000e-07	-3.264162e-09	-1.738347e-08	-2.336577e+01	-1.137303e+03
4.900000e-07	-3.182003e-09	-1.732502e-08	-2.277766e+01	-1.134697e+03
5.000000e-07	-3.098809e-09	-1.726856e-08	-2.218213e+01	-1.131992e+03
5.100000e-07	-3.014683e-09	-1.722724e-08	-2.157994e+01	-1.129181e+03
5.200000e-07	-2.929727e-09	-1.718678e-08	-2.097180e+01	-1.126262e+03
5.300000e-07	-2.843834e-09	-1.714149e-08	-2.035695e+01	-1.123240e+03
5.400000e-07	-2.756928e-09	-1.708880e-08	-1.973485e+01	-1.120123e+03
5.500000e-07	-2.669106e-09	-1.704735e-08	-1.910620e+01	-1.116922e+03
5.600000e-07	-2.580368e-09	-1.700964e-08	-1.847099e+01	-1.113642e+03
5.700000e-07	-2.490541e-09	-1.695578e-08	-1.782798e+01	-1.110284e+03
5.800000e-07	-2.399517e-09	-1.688831e-08	-1.717641e+01	-1.106840e+03
5.900000e-07	-2.307518e-09	-1.682606e-08	-1.651785e+01	-1.103294e+03
6.000000e-07	-2.214821e-09	-1.677937e-08	-1.585431e+01	-1.099624e+03
6.100000e-07	-2.121466e-09	-1.673020e-08	-1.518605e+01	-1.095807e+03
6.200000e-07	-2.027353e-09	-1.666575e-08	-1.451236e+01	-1.091824e+03
6.300000e-07	-1.932470e-09	-1.659266e-08	-1.383316e+01	-1.087663e+03
6.400000e-07	-1.836935e-09	-1.652657e-08	-1.314930e+01	-1.083322e+03
6.500000e-07	-1.740813e-09	-1.646495e-08	-1.246123e+01	-1.078806e+03
6.600000e-07	-1.644097e-09	-1.639189e-08	-1.176891e+01	-1.074126e+03
6.700000e-07	-1.546740e-09	-1.630914e-08	-1.107200e+01	-1.069291e+03
6.800000e-07	-1.448682e-09	-1.623241e-08	-1.037007e+01	-1.064306e+03
6.900000e-07	-1.349964e-09	-1.616432e-08	-9.663425e+00	-1.059163e+03
7.000000e-07	-1.250703e-09	-1.608887e-08	-8.952891e+00	-1.053848e+03
7.100000e-07	-1.151013e-09	-1.599596e-08	-8.239282e+00	-1.048335e+03
7.200000e-07	-1.050954e-09	-1.589612e-08	-7.523032e+00	-1.042597e+03
7.300000e-07	-9.505914e-10	-1.580342e-08	-6.804610e+00	-1.036607e+03
7.400000e-07	-8.499956e-10	-1.571413e-08	-6.084517e+00	-1.030343e+03
7.500000e-07	-7.491727e-10	-1.561552e-08	-5.362799e+00	-1.023793e+03
7.600000e-07	-6.481149e-10	-1.550569e-08	-4.639400e+00	-1.016950e+03
7.700000e-07	-5.468558e-10	-1.539794e-08	-3.914560e+00	-1.009805e+03
7.800000e-07	-4.454387e-10	-1.529272e-08	-3.188589e+00	-1.002347e+03
7.900000e-07	-3.438794e-10	-1.517469e-08	-2.461600e+00	-9.945444e+02
8.000000e-07	-2.421923e-10	-1.503771e-08	-1.733696e+00	-9.863497e+02
8.100000e-07	-1.403796e-10	-1.489197e-08	-1.004893e+00	-9.776927e+02
8.200000e-07	-3.847396e-11	-1.474907e-08	-2.754249e-01	-9.684863e+02
8.300000e-07	6.347889e-11	-1.460460e-08	4.543813e-01	-9.586340e+02
8.400000e-07	1.654397e-10	-1.444617e-08	1.184244e+00	-9.480397e+02
8.500000e-07	2.673508e-10	-1.427018e-08	1.913752e+00	-9.366155e+02
8.600000e-07	3.691790e-10	-1.408197e-08	2.642665e+00	-9.242851e+02
8.700000e-07	4.708928e-10	-1.388217e-08	3.370761e+00	-9.109788e+02
8.800000e-07	5.724637e-10	-1.366293e-08	4.097833e+00	-8.966205e+02
8.900000e-07	6.738703e-10	-1.341762e-08	4.823729e+00	-8.811083e+02
9.000000e-07	7.750690e-10	-1.315210e-08	5.548137e+00	-8.642901e+02
9.100000e-07	8.760255e-10	-1.287152e-08	6.270811e+00	-8.459414e+02
9.200000e-07	9.767241e-10	-1.256752e-08	6.991640e+00	-8.257499e+02
9.300000e-07	1.077153e-09	-1.222485e-08	7.710540e+00	-8.033111e+02
9.400000e-07	1.177256e-09	-1.183398e-08	8.427099e+00	-7.781375e+02
9.500000e-07	1.276929e-09	-1.139447e-08	9.140588e+00	-7.496827e+02
9.600000e-07	1.376081e-09	-1.090154e-08	9.850342e+00	-7.173764e+02
9.700000e-07	1.474615e-09	-1.034089e-08	1.055567e+01	-6.806662e+02
9.800000e-07	1.572435e-09	-9.700103e-09	1.125590e+01	-6.390615e+02
9.900000e-07	1.669509e-09	-8.978284e-09	1.195078e+01	-5.921717e+02
1.000000e-06	1.765888e-09	-8.175854e-09	1.264069e+01	-5.397370e+02
1.010000e-06	1.861648e-09	-7.288697e-09	1.332616e+01	-4.816486e+02
1.020000e-06	1.956801e-09	-6.311129e-09	1.400730e+01	-4.179582e+02
1.030000e-06	2.051289e-09	-5.246270e-09	1.468367e+01	-3.488796e+02
1.040000e-06	2.145064e-09	-4.107108e-09	1.535494e+01	-2.747854e+02
1.050000e-06	2.238147e-09	-2.905585e-09	1.602125e+01	-1.962001e+02
1.060000e-06	2.330568e-09	-1.649599e-09	1.668282e+01	-1.137933e+02
1.070000e-06	2.422238e-09	-3.462957e-10	1.733902e+01	-2.837043e+01
1.080000e-06	2.512933e-09	9.884013e-10	1.798824e+01	5.913955e+01
1.090000e-06	2.602514e-09	2.335977e-09	1.862949e+01	1.477027e+02
1.100000e-06	2.691059e-09	3.682973e-09	1.926332e+01	2.362084e+02
1.110000e-06	2.778693e-09	5.015505e-09	1.989063e+01	3.235085e+02
1.120000e-06	2.865429e-09	6.314899e-09	2.051151e+01	4.084671e+02
1.130000e-06	2.951220e-09	7.558479e-09	2.112562e+01	4.900173e+02
1.140000e-06	3.036101e-09	8.730120e-09	2.173322e+01	5.672188e+02
1.150000e-06	3.120107e-09	9.820084e-09	2.233456e+01	6.393103e+02
1.160000e-06	3.203103e-09	1.082349e-08	2.292867e+01	7.057482e+02
1.170000e-06	3.284924e-09	1.173716e-08	2.351437e+01	7.662258e+02
1.180000e-06	3.365525e-09	1.255815e-08	2.409133e+01	8.206708e+02
1.190000e-06	3.444893e-09	1.328963e-08	2.465947e+01	8.692210e+02
1.200000e-06	3.523025e-09	1.393860e-08	2.521876e+01	9.121829e+02
1.210000e-06	3.599921e-09	1.451258e-08	2.576920e+01	9.499794e+02
1.220000e-06	3.675443e-09	1.501565e-08	2.630981e+01	9.830958e+02
1.230000e-06	3.749356e-09	1.545196e-08	2.683889e+01	1.012031e+03
1.240000e-06	3.821732e-09	1.582988e-08	2.735699e+01	1.037261e+03
1.250000e-06	3.892771e-09	1.616066e-08	2.786550e+01	1.059215e+03
1.260000e-06	3.962468e-09	1.644883e-08	2.836441e+01	1.078271e+03
1.270000e-06	4.030857e-09	1.669555e-08	2.885396e+01	1.094757e+03
1.280000e-06	4.097778e-09	1.690509e-08	2.933300e+01	1.108964e+03
1.290000e-06	4.163001e-09	1.708527e-08	2.979988e+01	1.121157e+03
1.300000e-06	4.226691e-09	1.724293e-08	3.025579e+01	1.131586e+03
1.310000e-06	4.288984e-09	1.738006e-08	3.070170e+01	1.140491e+03
1.320000e-06	4.349898e-09	1.749654e-08	3.113774e+01	1.148101e+03
1.330000e-06	4.409388e-09	1.759525e-08	3.156359e+01	1.154625e+03
1.340000e-06	4.467140e-09	1.768222e-08	3.197699e+01	1.160251e+03
1.350000e-06	4.523126e-09	1.775810e-08	3.237776e+01	1.165131e+03
1.360000e-06	4.577523e-09	1.782079e-08	3.276714e+01	1.169390e+03
1.370000e-06	4.630198e-09	1.787174e-08	3.314421e+01	1.173115e+03
1.380000e-06	4.680870e-09	1.791661e-08	3.350693e+01	1.176375e+03
1.390000e-06	4.729572e-09	1.795985e-08	3.385555e+01	1.179219e+03
1.400000e-06	4.776594e-09	1.799899e-08	3.419215e+01	1.181691e+03
1.410000e-06	4.822062e-09	1.803139e-08	3.451762e+01	1.183835e+03
1.420000e-06	4.865973e-09	1.805926e-08	3.483195e+01	1.185700e+03
1.430000e-06	4.908032e-09	1.808622e-08	3.513302e+01	1.187336e+03
1.440000e-06	4.948230e-09	1.811163e-08	3.542077e+01	1.188792e+03
1.450000e-06	4.986806e-09	1.813214e-08	3.569691e+01	1.190112e+03
1.460000e-06	5.023794e-09	1.814825e-08	3.596168e+01	1.191327e+03
1.470000e-06	5.059060e-09	1.816305e-08	3.621412e+01	1.192455e+03
1.480000e-06	5.092370e-09	1.817881e-08	3.645256e+01	1.193501e+03
1.490000e-06	5.123856e-09	1.819409e-08	3.667795e+01	1.194460e+03
1.500000e-06	5.153689e-09	1.820655e-08	3.689150e+01	1.195325e+03
1.510000e-06	5.181836e-09	1.821706e-08	3.709298e+01	1.196090e+03
1.520000e-06	5.208001e-09	1.822899e-08	3.728028e+01	1.196757e+03
1.530000e-06	5.232096e-09	1.824177e-08	3.745276e+01	1.197335e+03
1.540000e-06	5.254386e-09	1.825209e-08	3.761232e+01	1.197841e+03
1.550000e-06	5.275006e-09	1.825822e-08	3.775992e+01	1.198294e+03
1.560000e-06	5.293857e-09	1.826301e-08	3.789486e+01	1.198711e+03
1.570000e-06	5.310714e-09	1.827016e-08	3.801553e+01	1.199102e+03
1.580000e-06	5.325548e-09	1.827831e-08	3.812172e+01	1.199470e+03
1.590000e-06	5.338366e-09	1.828398e-08	3.821347e+01	1.199805e+03
1.600000e-06	5.348975e-09	1.828614e-08	3.828941e+01	1.200094e+03
1.610000e-06	5.357454e-09	1.828927e-08	3.835011e+01	1.200322e+03
1.620000e-06	5.364074e-09	1.829547e-08	3.839750e+01	1.200477e+03
1.630000e-06	5.368934e-09	1.830021e-08	3.843229e+01	1.200555e+03
1.640000e-06	5.371888e-09	1.830052e-08	3.845343e+01	1.200562e+03
1.650000e-06	5.372805e-09	1.829990e-08	3.846000e+01	1.200509e+03
1.660000e-06	5.371895e-09	1.830062e-08	3.845349e+01	1.200415e+03
1.670000e-06	5.369333e-09	1.829856e-08	3.843514e+01	1.200296e+03
1.680000e-06	5.365088e-09	1.829403e-08	3.840476e+01	1.200164e+03
1.690000e-06	5.358920e-09	1.828921e-08	3.836060e+01	1.200021e+03
1.700000e-06	5.350929e-09	1.828529e-08	3.830341e+01	1.199863e+03
1.710000e-06	5.341390e-09	1.828481e-08	3.823512e+01	1.199676e+03
1.720000e-06	5.330178e-09	1.828801e-08	3.815486e+01	1.199446e+03
1.730000e-06	5.316986e-09	1.829037e-08	3.806043e+01	1.199158e+03
1.740000e-06	5.301802e-09	1.825338e-08	3.795174e+01	1.198805e+03
1.750000e-06	5.284482e-09	1.819184e-08	3.782776e+01	1.198388e+03
1.760000e-06	5.264501e-09	1.820673e-08	3.768473e+01	1.197915e+03
1.770000e-06	5.241986e-09	1.825519e-08	3.752356e+01	1.197397e+03
1.780000e-06	5.217849e-09	1.830690e-08	3.735079e+01	1.196848e+03
1.790000e-06	5.192902e-09	1.830538e-08	3.717221e+01	1.196276e+03
1.800000e-06	5.166922e-09	1.818199e-08	3.698623e+01	1.195683e+03
1.810000e-06	5.138910e-09	1.820440e-08	3.678572e+01	1.195062e+03
1.820000e-06	5.108918e-09	1.825622e-08	3.657103e+01	1.194398e+03
1.830000e-06	5.077365e-09	1.814417e-08	3.634517e+01	1.193671e+03
1.840000e-06	5.043824e-09	1.817782e-08	3.610507e+01	1.192864e+03
1.850000e-06	5.008568e-09	1.818777e-08	3.585270e+01	1.191962e+03
1.860000e-06	4.971669e-09	1.811603e-08	3.558857e+01	1.190960e+03
1.870000e-06	4.932790e-09	1.819459e-08	3.531026e+01	1.189862e+03
1.880000e-06	4.892302e-09	1.815192e-08	3.502044e+01	1.188681e+03
1.890000e-06	4.850102e-09	1.807949e-08	3.471835e+01	1.187433e+03
1.900000e-06	4.806168e-09	1.807995e-08	3.440386e+01	1.186138e+03
1.910000e-06	4.760586e-09	1.800771e-08	3.407758e+01	1.184810e+03
1.920000e-06	4.712942e-09	1.804719e-08	3.373653e+01	1.183461e+03
1.930000e-06	4.663516e-09	1.802912e-08	3.338273e+01	1.182095e+03
1.940000e-06	4.612352e-09	1.795268e-08	3.301648e+01	1.180708e+03
1.950000e-06	4.559060e-09	1.799860e-08	3.263500e+01	1.179296e+03
1.960000e-06	4.503959e-09	1.796207e-08	3.224058e+01	1.177850e+03
1.970000e-06	4.447212e-09	1.791728e-08	3.183437e+01	1.176363e+03
1.980000e-06	4.388924e-09	1.787060e-08	3.141712e+01	1.174830e+03
1.990000e-06	4.329152e-09	1.784007e-08	3.098926e+01	1.173245e+03
2.000000e-06	4.267708e-09	1.785211e-08	3.054942e+01	1.171608e+03
2.010000e-06	4.204659e-09	1.781139e-08	3.009811e+01	1.169915e+03
2.020000e-06	4.140077e-09	1.782457e-08	2.963581e+01	1.168163e+03
2.030000e-06	4.074091e-09	1.777245e-08	2.916346e+01	1.166349e+03
2.040000e-06	4.006766e-09	1.772469e-08	2.868153e+01	1.164468e+03
2.050000e-06	3.937981e-09	1.771845e-08	2.818915e+01	1.162517e+03
2.060000e-06	3.867649e-09	1.765474e-08	2.768570e+01	1.160495e+03
2.070000e-06	3.795853e-09	1.763862e-08	2.717176e+01	1.158402e+03
2.080000e-06	3.722807e-09	1.759133e-08	2.664888e+01	1.156242e+03
2.090000e-06	3.648461e-09	1.758435e-08	2.611669e+01	1.154020e+03
2.100000e-06	3.572728e-09	1.757006e-08	2.557457e+01	1.151739e+03
2.110000e-06	3.495446e-09	1.750555e-08	2.502137e+01	1.149399e+03
2.120000e-06	3.416680e-09	1.746943e-08	2.445754e+01	1.146997e+03
2.130000e-06	3.336761e-09	1.741356e-08	2.388545e+01	1.144526e+03
2.140000e-06	3.255695e-09	1.740198e-08	2.330516e+01	1.141975e+03
2.150000e-06	3.173518e-09	1.736134e-08	2.271692e+01	1.139331e+03
2.160000e-06	3.090308e-09	1.731803e-08	2.212128e+01	1.136584e+03
2.170000e-06	3.006044e-09	1.727582e-08	2.151810e+01	1.133730e+03
2.180000e-06	2.920549e-09	1.721981e-08	2.090610e+01	1.130769e+03
2.190000e-06	2.833801e-09	1.718924e-08	2.028513e+01	1.127708e+03
2.200000e-06	2.746052e-09	1.712167e-08	1.965700e+01	1.124557e+03
2.210000e-06	2.657353e-09	1.707343e-08	1.902207e+01	1.121323e+03
2.220000e-06	2.567731e-09	1.702972e-08	1.838053e+01	1.118013e+03
2.230000e-06	2.477255e-09	1.699324e-08	1.773288e+01	1.114622e+03
2.240000e-06	2.386000e-09	1.694807e-08	1.707965e+01	1.111140e+03
2.250000e-06	2.293952e-09	1.687331e-08	1.642075e+01	1.107548e+03
2.260000e-06	2.201019e-09	1.681006e-08	1.575551e+01	1.103822e+03
2.270000e-06	2.107114e-09	1.674737e-08	1.508331e+01	1.099941e+03
2.280000e-06	2.012253e-09	1.669487e-08	1.440427e+01	1.095888e+03
2.290000e-06	1.916657e-09	1.663143e-08	1.371997e+01	1.091656e+03
2.300000e-06	1.820472e-09	1.656480e-08	1.303145e+01	1.087245e+03
2.310000e-06	1.723734e-09	1.650322e-08	1.233897e+01	1.082663e+03
2.320000e-06	1.626435e-09	1.643671e-08	1.164248e+01	1.077921e+03
2.330000e-06	1.528623e-09	1.636157e-08	1.094232e+01	1.073026e+03
2.340000e-06	1.430343e-09	1.627384e-08	1.023880e+01	1.067980e+03
2.350000e-06	1.331602e-09	1.618904e-08	9.531986e+00	1.062772e+03
2.360000e-06	1.232496e-09	1.611079e-08	8.822556e+00	1.057382e+03
2.370000e-06	1.133138e-09	1.603265e-08	8.111324e+00	1.051783e+03
2.380000e-06	1.033544e-09	1.594529e-08	7.398405e+00	1.045948e+03
2.390000e-06	9.335608e-10	1.585145e-08	6.682697e+00	1.039852e+03
2.400000e-06	8.331231e-10	1.575787e-08	5.963737e+00	1.033477e+03
2.410000e-06	7.323550e-10	1.566147e-08	5.242412e+00	1.026812e+03
2.420000e-06	6.314047e-10	1.555465e-08	4.519783e+00	1.019851e+03
2.430000e-06	5.302057e-10	1.543911e-08	3.795373e+00	1.012585e+03
2.440000e-06	4.286887e-10	1.532395e-08	3.068687e+00	1.004995e+03
2.450000e-06	3.269746e-10	1.521227e-08	2.340591e+00	9.970454e+02
2.460000e-06	2.251695e-10	1.509050e-08	1.611842e+00	9.886781e+02
2.470000e-06	1.232456e-10	1.495352e-08	8.822431e-01	9.798159e+02
2.480000e-06	2.115316e-11	1.480509e-08	1.514381e-01	9.703670e+02
2.490000e-06	-8.099236e-11	1.465146e-08	-5.797471e-01	9.602339e+02
2.500000e-06	-1.830534e-10	1.448996e-08	-1.310327e+00	9.493230e+02
2.510000e-06	-2.849850e-10	1.431054e-08	-2.039981e+00	9.375509e+02
2.520000e-06	-3.868144e-10	1.411727e-08	-2.768904e+00	9.248449e+02
2.530000e-06	-4.884961e-10	1.391147e-08	-3.496769e+00	9.111348e+02
2.540000e-06	-5.899453e-10	1.369332e-08	-4.222969e+00	8.963372e+02
2.550000e-06	-6.911275e-10	1.345231e-08	-4.947259e+00	8.803331e+02
2.560000e-06	-7.919946e-10	1.318431e-08	-5.669293e+00	8.629446e+02
2.570000e-06	-8.924963e-10	1.289214e-08	-6.388711e+00	8.439139e+02
2.580000e-06	-9.926161e-10	1.257331e-08	-7.105396e+00	8.228923e+02
2.590000e-06	-1.092352e-09	1.222192e-08	-7.819330e+00	7.994407e+02
2.600000e-06	-1.191698e-09	1.182284e-08	-8.530481e+00	7.730449e+02
2.610000e-06	-1.290648e-09	1.136881e-08	-9.238787e+00	7.431446e+02
2.620000e-06	-1.389183e-09	1.085472e-08	-9.944129e+00	7.091711e+02
2.630000e-06	-1.487269e-09	1.027355e-08	-1.064626e+01	6.705915e+02
2.640000e-06	-1.584807e-09	9.615450e-09	-1.134446e+01	6.269499e+02
2.650000e-06	-1.681739e-09	8.872353e-09	-1.203833e+01	5.779042e+02
2.660000e-06	-1.778120e-09	8.042907e-09	-1.272825e+01	5.232522e+02
2.670000e-06	-1.873999e-09	7.128021e-09	-1.341457e+01	4.629474e+02
2.680000e-06	-1.969339e-09	6.128998e-09	-1.409704e+01	3.971053e+02
2.690000e-06	-2.063972e-09	5.046766e-09	-1.477446e+01	3.260028e+02
2.700000e-06	-2.157694e-09	3.888263e-09	-1.544534e+01	2.500731e+02
2.710000e-06	-2.250419e-09	2.666672e-09	-1.610909e+01	1.698984e+02
2.720000e-06	-2.342200e-09	1.396419e-09	-1.676608e+01	8.620305e+01
2.730000e-06	-2.433144e-09	8.815431e-11	-1.741709e+01	-1.573554e-01
2.740000e-06	-2.523272e-09	-1.249541e-09	-1.806225e+01	-8.820982e+01
2.750000e-06	-2.612505e-09	-2.602673e-09	-1.870100e+01	-1.768863e+02
2.760000e-06	-2.700848e-09	-3.951271e-09	-1.933338e+01	-2.650563e+02
2.770000e-06	-2.788386e-09	-5.277492e-09	-1.996001e+01	-3.515700e+02
2.780000e-06	-2.875042e-09	-6.564917e-09	-2.058031e+01	-4.353115e+02
2.790000e-06	-2.960560e-09	-7.795862e-09	-2.119247e+01	-5.152570e+02
2.800000e-06	-3.044841e-09	-8.952686e-09	-2.179578e+01	-5.905309e+02
2.810000e-06	-3.128034e-09	-1.002186e-08	-2.239130e+01	-6.604538e+02
2.820000e-06	-3.210250e-09	-1.099913e-08	-2.297983e+01	-7.245739e+02
2.830000e-06	-3.291445e-09	-1.188776e-08	-2.356104e+01	-7.826782e+02
2.840000e-06	-3.371577e-09	-1.268985e-08	-2.413465e+01	-8.347810e+02
2.850000e-06	-3.450551e-09	-1.340602e-08	-2.469996e+01	-8.810920e+02
2.860000e-06	-3.528094e-09	-1.403959e-08	-2.525504e+01	-9.219700e+02
2.870000e-06	-3.604100e-09	-1.459744e-08	-2.579911e+01	-9.578687e+02
2.880000e-06	-3.678668e-09	-1.508701e-08	-2.633289e+01	-9.892841e+02
2.890000e-06	-3.751851e-09	-1.551224e-08	-2.685676e+01	-1.016710e+03
2.900000e-06	-3.823740e-09	-1.587883e-08	-2.737136e+01	-1.040605e+03
2.910000e-06	-3.894282e-09	-1.619550e-08	-2.787631e+01	-1.061379e+03
2.920000e-06	-3.963220e-09	-1.647124e-08	-2.836979e+01	-1.079389e+03
2.930000e-06	-4.030624e-09	-1.671203e-08	-2.885229e+01	-1.094947e+03
2.940000e-06	-4.096677e-09	-1.691938e-08	-2.932511e+01	-1.108332e+03
2.950000e-06	-4.161342e-09	-1.709641e-08	-2.978801e+01	-1.119803e+03
2.960000e-06	-4.224611e-09	-1.724829e-08	-3.024090e+01	-1.129606e+03
2.970000e-06	-4.286252e-09	-1.737974e-08	-3.068214e+01	-1.137977e+03
2.980000e-06	-4.346139e-09	-1.749258e-08	-3.111083e+01	-1.145137e+03
2.990000e-06	-4.404521e-09	-1.758815e-08	-3.152875e+01	-1.151288e+03
3.000000e-06	-4.461467e-09	-1.766887e-08	-3.193638e+01	-1.156604e+03
3.010000e-06	-4.516877e-09	-1.773902e-08	-3.233302e+01	-1.161228e+03
3.020000e-06	-4.570442e-09	-1.780179e-08	-3.271646e+01	-1.165268e+03
3.030000e-06	-4.622018e-09	-1.785619e-08	-3.308565e+01	-1.168805e+03
3.040000e-06	-4.671741e-09	-1.790141e-08	-3.344158e+01	-1.171896e+03
3.050000e-06	-4.719464e-09	-1.794009e-08	-3.378320e+01	-1.174589e+03
3.060000e-06	-4.765334e-09	-1.797701e-08	-3.411155e+01	-1.176927e+03
3.070000e-06	-4.809719e-09	-1.801152e-08	-3.442927e+01	-1.178956e+03
3.080000e-06	-4.852661e-09	-1.804089e-08	-3.473666e+01	-1.180725e+03
3.090000e-06	-4.894111e-09	-1.806530e-08	-3.503337e+01	-1.182286e+03
3.100000e-06	-4.934018e-09	-1.808653e-08	-3.531903e+01	-1.183684e+03
3.110000e-06	-4.972151e-09	-1.810664e-08	-3.559200e+01	-1.184960e+03
3.120000e-06	-5.008356e-09	-1.812556e-08	-3.585116e+01	-1.186140e+03
3.130000e-06	-5.042785e-09	-1.814105e-08	-3.609762e+01	-1.187237e+03
3.140000e-06	-5.075546e-09	-1.815238e-08	-3.633213e+01	-1.188250e+03
3.150000e-06	-5.106561e-09	-1.816384e-08	-3.655415e+01	-1.189173e+03
3.160000e-06	-5.135603e-09	-1.817825e-08	-3.676204e+01	-1.190000e+03
3.170000e-06	-5.162758e-09	-1.819153e-08	-3.695642e+01	-1.190726e+03
3.180000e-06	-5.188172e-09	-1.820131e-08	-3.713834e+01	-1.191357e+03
3.190000e-06	-5.211802e-09	-1.820890e-08	-3.730749e+01	-1.191905e+03
3.200000e-06	-5.233459e-09	-1.821610e-08	-3.746252e+01	-1.192388e+03
3.210000e-06	-5.253132e-09	-1.822337e-08	-3.760334e+01	-1.192825e+03
3.220000e-06	-5.271051e-09	-1.822855e-08	-3.773161e+01	-1.193232e+03
3.230000e-06	-5.287192e-09	-1.823118e-08	-3.784716e+01	-1.193615e+03
3.240000e-06	-5.301219e-09	-1.823384e-08	-3.794756e+01	-1.193972e+03
3.250000e-06	-5.312994e-09	-1.823795e-08	-3.803185e+01	-1.194291e+03
3.260000e-06	-5.322794e-09	-1.824191e-08	-3.810200e+01	-1.194558e+03
3.270000e-06	-5.330784e-09	-1.824335e-08	-3.815920e+01	-1.194759e+03
3.280000e-06	-5.336794e-09	-1.824407e-08	-3.820222e+01	-1.194885e+03
3.290000e-06	-5.340779e-09	-1.824456e-08	-3.823074e+01	-1.194934e+03
3.300000e-06	-5.342999e-09	-1.824448e-08	-3.824664e+01	-1.194916e+03
3.310000e-06	-5.343503e-09	-1.824223e-08	-3.825024e+01	-1.194845e+03
