# Configuracion:
# Concentracion g/m^3_=_16500.0
# C_Vs_to_Am_M_A/Vsm_=_65563218390.804596
# pendiente_HvsI_1/m_=_3716.3
# ordenada_HvsI_A/m_=_1297.0
# frecuencia_ref_Hz_=_302280.3272081919
# 
Resultados:
# tau_ns_=_(1.69+/-0.14)e+02
# dphi_rad_=_6.59+/-0.02
# SAR_W/g_=_1492.91+/-254.08
# Hc_kA/m_=_16.90+/-1.14
# Mr_A/m_=_912.21+/-102.43
# Magnetizacion_max_=_1149.24+/-110.47
# Suceptibilidad_a_M=0_=_(1.401+/-0.162)e-01

Nombre_archivo	Time_m_(s)	Temperatura_(ºC)	Mr_(A/m)	Hc_(kA/m)	Campo_max_(A/m)	Mag_max_(A/m)	f0	mag0	dphi0	SAR_(W/g)	Tau_(ns)	N	xi_M_0
300kHz_125dA_100Mss_bobN1M16-0008.txt	7.33	21.15	1035.78	18.97	47750.75	1276.18	3.023105e+05	1.045558e+02	6.638158e+00	1871.01	195.171846	4631	1.603e-01
300kHz_125dA_100Mss_bobN1M16-0009.txt	7.8	24.06	1039.60	18.84	47750.75	1281.79	3.023105e+05	1.050216e+02	6.635463e+00	1865.67	193.558866	4631	1.621e-01
300kHz_125dA_100Mss_bobN1M16-0010.txt	8.29	26.95	1040.73	18.70	47750.75	1283.12	3.023105e+05	1.051717e+02	6.632925e+00	1855.43	192.044841	4631	1.594e-01
300kHz_125dA_100Mss_bobN1M16-0011.txt	8.73	29.46	1040.59	18.60	47750.75	1282.64	3.023105e+05	1.051647e+02	6.630692e+00	1843.95	190.712466	4631	1.600e-01
300kHz_125dA_100Mss_bobN1M16-0012.txt	9.18	31.99	1042.13	18.50	47750.75	1284.35	3.023105e+05	1.053435e+02	6.628821e+00	1837.54	189.598534	4631	1.605e-01
300kHz_125dA_100Mss_bobN1M16-0013.txt	9.64	34.52	1043.64	18.43	47750.75	1285.67	3.023105e+05	1.054736e+02	6.627644e+00	1833.79	188.899587	4631	1.590e-01
300kHz_125dA_100Mss_bobN1M16-0014.txt	10.09	36.98	1045.06	18.29	47750.75	1289.29	3.023105e+05	1.057771e+02	6.624688e+00	1823.91	187.144136	4631	1.621e-01
300kHz_125dA_100Mss_bobN1M16-0015.txt	10.54	39.36	1046.05	18.19	47750.75	1293.61	3.023105e+05	1.060765e+02	6.622412e+00	1817.35	185.795623	4631	1.613e-01
300kHz_125dA_100Mss_bobN1M16-0016.txt	10.99	41.75	1046.23	18.12	47750.75	1294.48	3.023105e+05	1.061431e+02	6.620849e+00	1810.43	184.870442	4631	1.604e-01
300kHz_125dA_100Mss_bobN1M16-0017.txt	11.44	44.18	1043.71	17.96	47750.75	1291.60	3.022453e+05	1.059836e+02	6.617513e+00	1790.14	182.899648	4632	1.601e-01
300kHz_125dA_100Mss_bobN1M16-0018.txt	11.9	46.66	1038.08	17.87	47750.75	1288.10	3.023105e+05	1.056455e+02	6.615329e+00	1773.59	181.612359	4631	1.617e-01
300kHz_125dA_100Mss_bobN1M16-0019.txt	12.8	51.12	1011.33	17.55	47750.75	1255.76	3.023105e+05	1.030614e+02	6.609375e+00	1700.31	178.111249	4631	1.541e-01
300kHz_125dA_100Mss_bobN1M16-0020.txt	13.25	53.08	989.66	17.42	47750.75	1233.17	3.023105e+05	1.011456e+02	6.605845e+00	1651.28	176.042599	4631	1.503e-01
300kHz_125dA_100Mss_bobN1M16-0021.txt	13.7	54.83	965.59	17.30	47750.75	1202.12	3.023105e+05	9.867091e+01	6.603765e+00	1600.86	174.826582	4631	1.481e-01
300kHz_125dA_100Mss_bobN1M16-0022.txt	14.15	56.46	940.28	17.18	47750.75	1175.69	3.023105e+05	9.647094e+01	6.601233e+00	1553.22	173.346916	4631	1.446e-01
300kHz_125dA_100Mss_bobN1M16-0023.txt	14.6	57.86	912.84	16.93	47750.75	1145.53	3.023105e+05	9.396476e+01	6.595165e+00	1484.96	169.812078	4631	1.403e-01
300kHz_125dA_100Mss_bobN1M16-0024.txt	15.09	59.33	883.36	16.84	47750.75	1112.55	3.023105e+05	9.121401e+01	6.592673e+00	1430.35	168.364625	4631	1.353e-01
300kHz_125dA_100Mss_bobN1M16-0025.txt	15.55	60.53	858.42	16.72	47750.75	1083.16	3.023105e+05	8.879613e+01	6.590751e+00	1384.06	167.250802	4631	1.308e-01
300kHz_125dA_100Mss_bobN1M16-0026.txt	16.01	61.72	834.86	16.58	47750.75	1057.30	3.023105e+05	8.663956e+01	6.587211e+00	1335.39	165.200065	4631	1.251e-01
300kHz_125dA_100Mss_bobN1M16-0027.txt	16.46	62.67	814.37	16.42	47750.75	1033.37	3.023105e+05	8.468733e+01	6.584203e+00	1292.78	163.462944	4631	1.237e-01
300kHz_125dA_100Mss_bobN1M16-0028.txt	16.91	63.61	797.56	16.25	47750.75	1015.10	3.023105e+05	8.316204e+01	6.580531e+00	1254.47	161.345568	4631	1.218e-01
300kHz_125dA_100Mss_bobN1M16-0029.txt	17.36	64.23	780.95	16.07	47750.75	999.86	3.022453e+05	8.185002e+01	6.575455e+00	1213.95	158.425555	4632	1.191e-01
300kHz_125dA_100Mss_bobN1M16-0030.txt	17.82	64.78	769.14	16.00	47750.75	984.82	3.023105e+05	8.061269e+01	6.574918e+00	1193.72	158.117330	4631	1.157e-01
300kHz_125dA_100Mss_bobN1M16-0031.txt	18.27	65.19	760.99	15.85	47750.75	976.70	3.023105e+05	7.997808e+01	6.572145e+00	1173.38	156.526841	4631	1.157e-01
300kHz_125dA_100Mss_bobN1M16-0032.txt	18.72	65.50	762.53	15.72	47750.75	983.25	3.023105e+05	8.043916e+01	6.568701e+00	1166.47	154.555396	4631	1.146e-01
300kHz_125dA_100Mss_bobN1M16-0033.txt	19.17	66.79	795.08	15.70	47750.75	1020.29	3.023105e+05	8.355936e+01	6.569095e+00	1213.34	154.780984	4631	1.214e-01
300kHz_125dA_100Mss_bobN1M16-0034.txt	19.62	69.67	806.74	15.73	47750.75	1032.64	3.023105e+05	8.459810e+01	6.569991e+00	1232.17	155.294211	4631	1.240e-01
300kHz_125dA_100Mss_bobN1M16-0035.txt	20.07	72.55	833.21	15.72	47750.75	1067.98	3.023105e+05	8.744942e+01	6.569246e+00	1270.48	154.867493	4631	1.297e-01
300kHz_125dA_100Mss_bobN1M16-0036.txt	20.52	75.48	836.88	15.76	47750.75	1070.69	3.023105e+05	8.768245e+01	6.570208e+00	1278.03	155.417284	4631	1.296e-01
300kHz_125dA_100Mss_bobN1M16-0037.txt	20.97	78.40	835.24	15.69	47750.75	1072.72	3.023105e+05	8.782908e+01	6.568467e+00	1272.61	154.422584	4631	1.291e-01
300kHz_125dA_100Mss_bobN1M16-0038.txt	21.92	78.97	851.11	15.75	47750.75	1096.25	3.023105e+05	8.964308e+01	6.568879e+00	1300.72	154.658042	4631	1.319e-01
300kHz_125dA_100Mss_bobN1M16-0039.txt	22.37	80.04	849.79	15.72	47750.75	1095.22	3.023105e+05	8.955904e+01	6.568387e+00	1297.33	154.376429	4631	1.308e-01
300kHz_125dA_100Mss_bobN1M16-0040.txt	22.84	81.35	870.50	15.79	47750.75	1120.53	3.023105e+05	9.161493e+01	6.569308e+00	1331.28	154.902561	4631	1.344e-01
300kHz_125dA_100Mss_bobN1M16-0041.txt	23.3	80.39	862.42	15.68	47750.75	1114.78	3.023105e+05	9.112120e+01	6.566841e+00	1313.00	153.492564	4631	1.337e-01
300kHz_125dA_100Mss_bobN1M16-0042.txt	23.75	78.27	860.52	15.71	47750.75	1115.20	3.023105e+05	9.107681e+01	6.567033e+00	1313.22	153.602473	4631	1.333e-01
300kHz_125dA_100Mss_bobN1M16-0043.txt	24.2	77.72	894.40	15.72	47750.75	1157.00	3.023105e+05	9.452764e+01	6.567353e+00	1364.47	153.785048	4631	1.382e-01
