# Temperatura_=_58.81540540540541
# Concentracion g/m^3_=_16500.0
# C_Vs_to_Am_M_A/Vsm_=_65563218390.804596
# pendiente_HvsI_1/m_=_3716.3
# ordenada_HvsI_A/m_=_1297.0
# frecuencia_Hz_=_302510.6388846368
# Promedio de 37 ciclos

Tiempo_(s)	Campo_(V.s)	Magnetizacion_(V.s)	Campo_(kA/m)	Magnetizacion_(A/m)
0.000000e+00	-8.101078e-09	-1.830858e-08	-5.685225e+01	-1.198264e+03
1.000000e-08	-8.098146e-09	-1.830754e-08	-5.683167e+01	-1.198415e+03
2.000000e-08	-8.092506e-09	-1.830450e-08	-5.679209e+01	-1.198724e+03
3.000000e-08	-8.084266e-09	-1.830081e-08	-5.673426e+01	-1.199038e+03
4.000000e-08	-8.073234e-09	-1.829736e-08	-5.665684e+01	-1.199192e+03
5.000000e-08	-8.059295e-09	-1.829439e-08	-5.655902e+01	-1.199059e+03
6.000000e-08	-8.042489e-09	-1.828984e-08	-5.644107e+01	-1.198592e+03
7.000000e-08	-8.023070e-09	-1.828053e-08	-5.630480e+01	-1.197837e+03
8.000000e-08	-8.001194e-09	-1.827443e-08	-5.615127e+01	-1.196921e+03
9.000000e-08	-7.976436e-09	-1.828154e-08	-5.597753e+01	-1.196007e+03
1.000000e-07	-7.948424e-09	-1.828232e-08	-5.578094e+01	-1.195250e+03
1.100000e-07	-7.917301e-09	-1.827102e-08	-5.556252e+01	-1.194743e+03
1.200000e-07	-7.883297e-09	-1.825396e-08	-5.532388e+01	-1.194493e+03
1.300000e-07	-7.846622e-09	-1.823983e-08	-5.506651e+01	-1.194420e+03
1.400000e-07	-7.807616e-09	-1.822391e-08	-5.479277e+01	-1.194379e+03
1.500000e-07	-7.766349e-09	-1.820835e-08	-5.450316e+01	-1.194214e+03
1.600000e-07	-7.722499e-09	-1.820975e-08	-5.419543e+01	-1.193801e+03
1.700000e-07	-7.675907e-09	-1.817945e-08	-5.386845e+01	-1.193088e+03
1.800000e-07	-7.626573e-09	-1.818444e-08	-5.352223e+01	-1.192111e+03
1.900000e-07	-7.574234e-09	-1.818533e-08	-5.315492e+01	-1.190980e+03
2.000000e-07	-7.518943e-09	-1.816480e-08	-5.276690e+01	-1.189844e+03
2.100000e-07	-7.460929e-09	-1.815409e-08	-5.235977e+01	-1.188838e+03
2.200000e-07	-7.400192e-09	-1.811427e-08	-5.193352e+01	-1.188040e+03
2.300000e-07	-7.336779e-09	-1.810943e-08	-5.148849e+01	-1.187443e+03
2.400000e-07	-7.270586e-09	-1.809159e-08	-5.102396e+01	-1.186960e+03
2.500000e-07	-7.201580e-09	-1.807492e-08	-5.053969e+01	-1.186442e+03
2.600000e-07	-7.129829e-09	-1.806379e-08	-5.003615e+01	-1.185731e+03
2.700000e-07	-7.055284e-09	-1.805140e-08	-4.951300e+01	-1.184710e+03
2.800000e-07	-6.977961e-09	-1.803621e-08	-4.897036e+01	-1.183334e+03
2.900000e-07	-6.897882e-09	-1.800181e-08	-4.840837e+01	-1.181655e+03
3.000000e-07	-6.815167e-09	-1.797904e-08	-4.782789e+01	-1.179796e+03
3.100000e-07	-6.730046e-09	-1.794639e-08	-4.723052e+01	-1.177922e+03
3.200000e-07	-6.642597e-09	-1.792746e-08	-4.661682e+01	-1.176180e+03
3.300000e-07	-6.552759e-09	-1.791691e-08	-4.598635e+01	-1.174659e+03
3.400000e-07	-6.460541e-09	-1.789577e-08	-4.533917e+01	-1.173356e+03
3.500000e-07	-6.366021e-09	-1.786897e-08	-4.467585e+01	-1.172177e+03
3.600000e-07	-6.269193e-09	-1.783753e-08	-4.399632e+01	-1.170970e+03
3.700000e-07	-6.170051e-09	-1.780833e-08	-4.330056e+01	-1.169568e+03
3.800000e-07	-6.068668e-09	-1.777585e-08	-4.258906e+01	-1.167844e+03
3.900000e-07	-5.965093e-09	-1.774657e-08	-4.186219e+01	-1.165753e+03
4.000000e-07	-5.859385e-09	-1.771801e-08	-4.112034e+01	-1.163349e+03
4.100000e-07	-5.751633e-09	-1.769252e-08	-4.036416e+01	-1.160764e+03
4.200000e-07	-5.641890e-09	-1.766726e-08	-3.959400e+01	-1.158170e+03
4.300000e-07	-5.530121e-09	-1.763302e-08	-3.880961e+01	-1.155723e+03
4.400000e-07	-5.416255e-09	-1.759235e-08	-3.801052e+01	-1.153507e+03
4.500000e-07	-5.300289e-09	-1.755103e-08	-3.719669e+01	-1.151510e+03
4.600000e-07	-5.182290e-09	-1.751336e-08	-3.636858e+01	-1.149618e+03
4.700000e-07	-5.062367e-09	-1.747574e-08	-3.552698e+01	-1.147650e+03
4.800000e-07	-4.940643e-09	-1.743576e-08	-3.467274e+01	-1.145414e+03
4.900000e-07	-4.817148e-09	-1.739348e-08	-3.380607e+01	-1.142765e+03
5.000000e-07	-4.691875e-09	-1.735165e-08	-3.292692e+01	-1.139655e+03
5.100000e-07	-4.564888e-09	-1.730678e-08	-3.203574e+01	-1.136146e+03
5.200000e-07	-4.436231e-09	-1.725681e-08	-3.113284e+01	-1.132395e+03
5.300000e-07	-4.305952e-09	-1.720192e-08	-3.021857e+01	-1.128605e+03
5.400000e-07	-4.174097e-09	-1.714811e-08	-2.929322e+01	-1.124957e+03
5.500000e-07	-4.040675e-09	-1.709665e-08	-2.835689e+01	-1.121552e+03
5.600000e-07	-3.905728e-09	-1.704395e-08	-2.740985e+01	-1.118372e+03
5.700000e-07	-3.769263e-09	-1.698631e-08	-2.645215e+01	-1.115280e+03
5.800000e-07	-3.631305e-09	-1.692444e-08	-2.548398e+01	-1.112058e+03
5.900000e-07	-3.491890e-09	-1.686160e-08	-2.450559e+01	-1.108473e+03
6.000000e-07	-3.351028e-09	-1.679694e-08	-2.351704e+01	-1.104351e+03
6.100000e-07	-3.208768e-09	-1.672993e-08	-2.251868e+01	-1.099629e+03
6.200000e-07	-3.065232e-09	-1.665843e-08	-2.151136e+01	-1.094384e+03
6.300000e-07	-2.920548e-09	-1.658558e-08	-2.049599e+01	-1.088805e+03
6.400000e-07	-2.774800e-09	-1.651127e-08	-1.947315e+01	-1.083137e+03
6.500000e-07	-2.628075e-09	-1.643286e-08	-1.844346e+01	-1.077594e+03
6.600000e-07	-2.480456e-09	-1.634637e-08	-1.740748e+01	-1.072287e+03
6.700000e-07	-2.332028e-09	-1.625356e-08	-1.636583e+01	-1.067171e+03
6.800000e-07	-2.182853e-09	-1.615880e-08	-1.531895e+01	-1.062050e+03
6.900000e-07	-2.032965e-09	-1.606322e-08	-1.426705e+01	-1.056621e+03
7.000000e-07	-1.882382e-09	-1.596351e-08	-1.321028e+01	-1.050566e+03
7.100000e-07	-1.731152e-09	-1.585704e-08	-1.214897e+01	-1.043641e+03
7.200000e-07	-1.579351e-09	-1.574572e-08	-1.108365e+01	-1.035764e+03
7.300000e-07	-1.427027e-09	-1.562876e-08	-1.001466e+01	-1.027034e+03
7.400000e-07	-1.274210e-09	-1.550274e-08	-8.942213e+00	-1.017706e+03
7.500000e-07	-1.120939e-09	-1.536514e-08	-7.866577e+00	-1.008104e+03
7.600000e-07	-9.672545e-10	-1.521773e-08	-6.788044e+00	-9.984988e+02
7.700000e-07	-8.132233e-10	-1.506367e-08	-5.707074e+00	-9.889955e+02
7.800000e-07	-6.589123e-10	-1.490253e-08	-4.624141e+00	-9.794579e+02
7.900000e-07	-5.043700e-10	-1.472997e-08	-3.539585e+00	-9.695036e+02
8.000000e-07	-3.496400e-10	-1.454348e-08	-2.453711e+00	-9.585752e+02
8.100000e-07	-1.947713e-10	-1.434260e-08	-1.366864e+00	-9.460704e+02
8.200000e-07	-3.980486e-11	-1.412537e-08	-2.793307e-01	-9.314931e+02
8.300000e-07	1.152244e-10	-1.388552e-08	8.086436e-01	-9.145725e+02
8.400000e-07	2.702544e-10	-1.361463e-08	1.896623e+00	-8.953038e+02
8.500000e-07	4.252149e-10	-1.330754e-08	2.984114e+00	-8.738778e+02
8.600000e-07	5.800429e-10	-1.296107e-08	4.070675e+00	-8.505005e+02
8.700000e-07	7.346907e-10	-1.256853e-08	5.155972e+00	-8.251355e+02
8.800000e-07	8.891160e-10	-1.211748e-08	6.239707e+00	-7.972330e+02
8.900000e-07	1.043263e-09	-1.159445e-08	7.321487e+00	-7.655258e+02
9.000000e-07	1.197045e-09	-1.098365e-08	8.400714e+00	-7.279657e+02
9.100000e-07	1.350384e-09	-1.025785e-08	9.476821e+00	-6.818529e+02
9.200000e-07	1.503225e-09	-9.377853e-09	1.054944e+01	-6.241657e+02
9.300000e-07	1.655525e-09	-8.297327e-09	1.161826e+01	-5.520519e+02
9.400000e-07	1.807227e-09	-6.973612e-09	1.268288e+01	-4.633975e+02
9.500000e-07	1.958259e-09	-5.377441e-09	1.374281e+01	-3.573616e+02
9.600000e-07	2.108551e-09	-3.503167e-09	1.479753e+01	-2.347610e+02
9.700000e-07	2.258051e-09	-1.390448e-09	1.584671e+01	-9.821176e+01
9.800000e-07	2.406721e-09	8.743539e-10	1.689005e+01	4.802133e+01
9.900000e-07	2.554515e-09	3.184902e-09	1.792725e+01	1.984567e+02
1.000000e-06	2.701375e-09	5.440083e-09	1.895789e+01	3.470415e+02
1.010000e-06	2.847244e-09	7.558939e-09	1.998158e+01	4.878982e+02
1.020000e-06	2.992041e-09	9.478502e-09	2.099775e+01	6.160378e+02
1.030000e-06	3.135666e-09	1.114534e-08	2.200568e+01	7.279140e+02
1.040000e-06	3.278042e-09	1.252794e-08	2.300486e+01	8.217264e+02
1.050000e-06	3.419101e-09	1.363501e-08	2.399479e+01	8.974332e+02
1.060000e-06	3.558802e-09	1.450732e-08	2.497519e+01	9.564938e+02
1.070000e-06	3.697145e-09	1.519168e-08	2.594607e+01	1.001414e+03
1.080000e-06	3.834115e-09	1.572607e-08	2.690730e+01	1.035196e+03
1.090000e-06	3.969668e-09	1.614044e-08	2.785859e+01	1.060814e+03
1.100000e-06	4.103805e-09	1.645996e-08	2.879995e+01	1.080797e+03
1.110000e-06	4.236493e-09	1.670732e-08	2.973114e+01	1.097003e+03
1.120000e-06	4.367656e-09	1.689998e-08	3.065162e+01	1.110569e+03
1.130000e-06	4.497283e-09	1.705084e-08	3.156132e+01	1.122034e+03
1.140000e-06	4.625353e-09	1.716945e-08	3.246010e+01	1.131554e+03
1.150000e-06	4.751836e-09	1.726489e-08	3.334774e+01	1.139147e+03
1.160000e-06	4.876694e-09	1.734646e-08	3.422398e+01	1.144888e+03
1.170000e-06	4.999841e-09	1.741862e-08	3.508820e+01	1.149022e+03
1.180000e-06	5.121212e-09	1.748225e-08	3.593997e+01	1.151977e+03
1.190000e-06	5.240726e-09	1.753747e-08	3.677870e+01	1.154282e+03
1.200000e-06	5.358275e-09	1.758610e-08	3.760364e+01	1.156453e+03
1.210000e-06	5.473749e-09	1.762937e-08	3.841403e+01	1.158869e+03
1.220000e-06	5.587097e-09	1.766770e-08	3.920948e+01	1.161696e+03
1.230000e-06	5.698375e-09	1.770080e-08	3.999042e+01	1.164872e+03
1.240000e-06	5.807651e-09	1.773203e-08	4.075730e+01	1.168162e+03
1.250000e-06	5.914864e-09	1.776551e-08	4.150971e+01	1.171255e+03
1.260000e-06	6.019899e-09	1.780112e-08	4.224683e+01	1.173875e+03
1.270000e-06	6.122713e-09	1.783542e-08	4.296836e+01	1.175872e+03
1.280000e-06	6.223262e-09	1.786579e-08	4.367400e+01	1.177266e+03
1.290000e-06	6.321453e-09	1.789265e-08	4.436310e+01	1.178231e+03
1.300000e-06	6.417288e-09	1.791671e-08	4.503565e+01	1.179040e+03
1.310000e-06	6.510864e-09	1.793878e-08	4.569236e+01	1.179967e+03
1.320000e-06	6.602144e-09	1.795866e-08	4.633295e+01	1.181212e+03
1.330000e-06	6.691032e-09	1.797864e-08	4.695675e+01	1.182837e+03
1.340000e-06	6.777562e-09	1.800089e-08	4.756400e+01	1.184758e+03
1.350000e-06	6.861737e-09	1.802486e-08	4.815473e+01	1.186779e+03
1.360000e-06	6.943439e-09	1.804774e-08	4.872810e+01	1.188660e+03
1.370000e-06	7.022589e-09	1.806726e-08	4.928357e+01	1.190196e+03
1.380000e-06	7.099146e-09	1.808396e-08	4.982083e+01	1.191278e+03
1.390000e-06	7.173032e-09	1.809954e-08	5.033936e+01	1.191931e+03
1.400000e-06	7.244314e-09	1.811467e-08	5.083960e+01	1.192293e+03
1.410000e-06	7.313054e-09	1.812852e-08	5.132201e+01	1.192574e+03
1.420000e-06	7.379168e-09	1.814182e-08	5.178599e+01	1.192986e+03
1.430000e-06	7.442677e-09	1.815579e-08	5.223169e+01	1.193676e+03
1.440000e-06	7.503676e-09	1.817064e-08	5.265977e+01	1.194684e+03
1.450000e-06	7.562065e-09	1.818445e-08	5.306954e+01	1.195934e+03
1.460000e-06	7.617712e-09	1.819590e-08	5.346006e+01	1.197259e+03
1.470000e-06	7.670441e-09	1.820610e-08	5.383010e+01	1.198461e+03
1.480000e-06	7.720073e-09	1.821706e-08	5.417841e+01	1.199371e+03
1.490000e-06	7.766794e-09	1.822879e-08	5.450630e+01	1.199905e+03
1.500000e-06	7.810800e-09	1.823909e-08	5.481512e+01	1.200086e+03
1.510000e-06	7.851994e-09	1.824716e-08	5.510422e+01	1.200033e+03
1.520000e-06	7.890389e-09	1.825413e-08	5.537366e+01	1.199926e+03
1.530000e-06	7.926048e-09	1.826033e-08	5.562391e+01	1.199942e+03
1.540000e-06	7.958865e-09	1.826610e-08	5.585422e+01	1.200205e+03
1.550000e-06	7.988859e-09	1.827150e-08	5.606472e+01	1.200742e+03
1.560000e-06	8.016020e-09	1.827690e-08	5.625532e+01	1.201481e+03
1.570000e-06	8.040228e-09	1.828347e-08	5.642521e+01	1.202273e+03
1.580000e-06	8.061587e-09	1.829065e-08	5.657511e+01	1.202940e+03
1.590000e-06	8.080115e-09	1.829640e-08	5.670513e+01	1.203335e+03
1.600000e-06	8.095646e-09	1.829934e-08	5.681413e+01	1.203384e+03
1.610000e-06	8.108056e-09	1.830047e-08	5.690122e+01	1.203110e+03
1.620000e-06	8.117318e-09	1.830146e-08	5.696622e+01	1.202627e+03
1.630000e-06	8.123630e-09	1.830228e-08	5.701052e+01	1.202099e+03
1.640000e-06	8.127105e-09	1.830181e-08	5.703490e+01	1.201692e+03
1.650000e-06	8.127707e-09	1.830080e-08	5.703912e+01	1.201518e+03
1.660000e-06	8.125560e-09	1.829855e-08	5.702406e+01	1.201604e+03
1.670000e-06	8.120699e-09	1.829899e-08	5.698994e+01	1.201882e+03
1.680000e-06	8.113077e-09	1.829887e-08	5.693646e+01	1.202211e+03
1.690000e-06	8.102699e-09	1.829566e-08	5.686363e+01	1.202423e+03
1.700000e-06	8.089461e-09	1.829069e-08	5.677072e+01	1.202378e+03
1.710000e-06	8.073524e-09	1.828555e-08	5.665887e+01	1.202003e+03
1.720000e-06	8.055199e-09	1.828525e-08	5.653028e+01	1.201319e+03
1.730000e-06	8.034361e-09	1.826869e-08	5.638404e+01	1.200433e+03
1.740000e-06	8.010465e-09	1.824810e-08	5.621634e+01	1.199503e+03
1.750000e-06	7.982929e-09	1.823922e-08	5.602309e+01	1.198690e+03
1.760000e-06	7.951780e-09	1.823583e-08	5.580449e+01	1.198109e+03
1.770000e-06	7.917765e-09	1.823761e-08	5.556578e+01	1.197792e+03
1.780000e-06	7.881395e-09	1.824248e-08	5.531054e+01	1.197681e+03
1.790000e-06	7.842820e-09	1.824407e-08	5.503983e+01	1.197646e+03
1.800000e-06	7.802243e-09	1.821728e-08	5.475506e+01	1.197529e+03
1.810000e-06	7.759351e-09	1.822797e-08	5.445405e+01	1.197193e+03
1.820000e-06	7.713694e-09	1.821739e-08	5.413363e+01	1.196563e+03
1.830000e-06	7.665245e-09	1.820908e-08	5.379362e+01	1.195651e+03
1.840000e-06	7.613694e-09	1.821381e-08	5.343185e+01	1.194551e+03
1.850000e-06	7.559052e-09	1.818253e-08	5.304838e+01	1.193402e+03
1.860000e-06	7.501687e-09	1.820579e-08	5.264580e+01	1.192349e+03
1.870000e-06	7.441638e-09	1.819215e-08	5.222438e+01	1.191489e+03
1.880000e-06	7.378935e-09	1.819035e-08	5.178434e+01	1.190842e+03
1.890000e-06	7.313437e-09	1.818277e-08	5.132469e+01	1.190339e+03
1.900000e-06	7.245083e-09	1.815357e-08	5.084498e+01	1.189845e+03
1.910000e-06	7.173889e-09	1.814994e-08	5.034536e+01	1.189202e+03
1.920000e-06	7.099841e-09	1.811756e-08	4.982570e+01	1.188274e+03
1.930000e-06	7.023013e-09	1.811683e-08	4.928653e+01	1.186996e+03
1.940000e-06	6.943460e-09	1.809665e-08	4.872823e+01	1.185392e+03
1.950000e-06	6.861393e-09	1.808860e-08	4.815230e+01	1.183568e+03
1.960000e-06	6.776841e-09	1.808336e-08	4.755893e+01	1.181683e+03
1.970000e-06	6.689734e-09	1.804345e-08	4.694762e+01	1.179893e+03
1.980000e-06	6.600213e-09	1.801640e-08	4.631938e+01	1.178306e+03
1.990000e-06	6.508378e-09	1.797436e-08	4.567489e+01	1.176948e+03
2.000000e-06	6.414237e-09	1.795957e-08	4.501422e+01	1.175747e+03
2.010000e-06	6.317794e-09	1.793763e-08	4.433740e+01	1.174563e+03
2.020000e-06	6.219114e-09	1.791684e-08	4.364488e+01	1.173229e+03
2.030000e-06	6.118191e-09	1.789270e-08	4.293661e+01	1.171602e+03
2.040000e-06	6.015062e-09	1.786091e-08	4.221287e+01	1.169612e+03
2.050000e-06	5.909842e-09	1.783426e-08	4.147445e+01	1.167285e+03
2.060000e-06	5.802613e-09	1.778972e-08	4.072193e+01	1.164735e+03
2.070000e-06	5.693333e-09	1.775560e-08	3.995502e+01	1.162127e+03
2.080000e-06	5.581931e-09	1.771943e-08	3.917321e+01	1.159628e+03
2.090000e-06	5.468435e-09	1.769772e-08	3.837671e+01	1.157344e+03
2.100000e-06	5.352844e-09	1.766981e-08	3.756551e+01	1.155293e+03
2.110000e-06	5.235231e-09	1.763404e-08	3.674012e+01	1.153386e+03
2.120000e-06	5.115663e-09	1.758987e-08	3.590101e+01	1.151458e+03
2.130000e-06	4.994249e-09	1.754443e-08	3.504894e+01	1.149312e+03
2.140000e-06	4.871044e-09	1.750220e-08	3.418431e+01	1.146787e+03
2.150000e-06	4.746053e-09	1.745763e-08	3.330714e+01	1.143803e+03
2.160000e-06	4.619304e-09	1.741534e-08	3.241763e+01	1.140393e+03
2.170000e-06	4.490855e-09	1.737180e-08	3.151619e+01	1.136692e+03
2.180000e-06	4.360834e-09	1.733271e-08	3.060372e+01	1.132893e+03
2.190000e-06	4.229244e-09	1.728577e-08	2.968024e+01	1.129192e+03
2.200000e-06	4.096082e-09	1.723206e-08	2.874573e+01	1.125716e+03
2.210000e-06	3.961363e-09	1.716876e-08	2.780028e+01	1.122482e+03
2.220000e-06	3.825075e-09	1.710897e-08	2.684384e+01	1.119383e+03
2.230000e-06	3.687271e-09	1.705079e-08	2.587675e+01	1.116219e+03
2.240000e-06	3.548064e-09	1.699372e-08	2.489981e+01	1.112754e+03
2.250000e-06	3.407515e-09	1.693206e-08	2.391346e+01	1.108791e+03
2.260000e-06	3.265674e-09	1.686703e-08	2.291804e+01	1.104234e+03
2.270000e-06	3.122577e-09	1.680129e-08	2.191380e+01	1.099120e+03
2.280000e-06	2.978284e-09	1.673103e-08	2.090117e+01	1.093612e+03
2.290000e-06	2.832909e-09	1.665588e-08	1.988095e+01	1.087946e+03
2.300000e-06	2.686559e-09	1.657366e-08	1.885389e+01	1.082352e+03
2.310000e-06	2.539303e-09	1.649250e-08	1.782046e+01	1.076976e+03
2.320000e-06	2.391172e-09	1.640876e-08	1.678090e+01	1.071820e+03
2.330000e-06	2.242225e-09	1.632111e-08	1.573561e+01	1.066725e+03
2.340000e-06	2.092526e-09	1.622495e-08	1.468504e+01	1.061411e+03
2.350000e-06	1.942153e-09	1.612348e-08	1.362975e+01	1.055556e+03
2.360000e-06	1.791145e-09	1.601999e-08	1.257000e+01	1.048888e+03
2.370000e-06	1.639570e-09	1.591390e-08	1.150626e+01	1.041273e+03
2.380000e-06	1.487463e-09	1.580174e-08	1.043880e+01	1.032760e+03
2.390000e-06	1.334831e-09	1.567941e-08	9.367643e+00	1.023569e+03
2.400000e-06	1.181706e-09	1.554874e-08	8.293034e+00	1.014013e+03
2.410000e-06	1.028144e-09	1.541011e-08	7.215356e+00	1.004390e+03
2.420000e-06	8.742330e-10	1.526247e-08	6.135231e+00	9.948592e+02
2.430000e-06	7.200328e-10	1.510367e-08	5.053076e+00	9.853561e+02
2.440000e-06	5.656048e-10	1.493431e-08	3.969322e+00	9.755626e+02
2.450000e-06	4.109805e-10	1.475453e-08	2.884190e+00	9.649598e+02
2.460000e-06	2.561885e-10	1.456223e-08	1.797881e+00	9.529439e+02
2.470000e-06	1.012706e-10	1.435211e-08	7.106887e-01	9.389760e+02
2.480000e-06	-5.370979e-11	1.411989e-08	-3.769424e-01	9.227150e+02
2.490000e-06	-2.086811e-10	1.386130e-08	-1.464509e+00	9.040838e+02
2.500000e-06	-3.635973e-10	1.357160e-08	-2.551690e+00	8.832316e+02
2.510000e-06	-5.184165e-10	1.324401e-08	-3.638189e+00	8.603813e+02
2.520000e-06	-6.730854e-10	1.286969e-08	-4.723634e+00	8.355894e+02
2.530000e-06	-8.275413e-10	1.244078e-08	-5.807584e+00	8.084714e+02
2.540000e-06	-9.817170e-10	1.194859e-08	-6.889568e+00	7.779714e+02
2.550000e-06	-1.135541e-09	1.137714e-08	-7.969085e+00	7.422543e+02
2.560000e-06	-1.288923e-09	1.069966e-08	-9.045498e+00	6.987781e+02
2.570000e-06	-1.441789e-09	9.882183e-09	-1.011829e+01	6.445705e+02
2.580000e-06	-1.594107e-09	8.883252e-09	-1.118723e+01	5.766812e+02
2.590000e-06	-1.745831e-09	7.659442e-09	-1.225202e+01	4.927388e+02
2.600000e-06	-1.896898e-09	6.171751e-09	-1.331218e+01	3.915064e+02
2.610000e-06	-2.047244e-09	4.399446e-09	-1.436729e+01	2.733174e+02
2.620000e-06	-2.196823e-09	2.357789e-09	-1.541701e+01	1.402915e+02
2.630000e-06	-2.345592e-09	1.110967e-10	-1.646106e+01	-3.733532e+00
2.640000e-06	-2.493499e-09	-2.234505e-09	-1.749905e+01	-1.535601e+02
2.650000e-06	-2.640465e-09	-4.560601e-09	-1.853043e+01	-3.032258e+02
2.660000e-06	-2.786424e-09	-6.771965e-09	-1.955475e+01	-4.467344e+02
2.670000e-06	-2.931332e-09	-8.800789e-09	-2.057169e+01	-5.787905e+02
2.680000e-06	-3.075125e-09	-1.058759e-08	-2.158081e+01	-6.954086e+02
2.690000e-06	-3.217731e-09	-1.209131e-08	-2.258161e+01	-7.942916e+02
2.700000e-06	-3.359094e-09	-1.331053e-08	-2.357367e+01	-8.749243e+02
2.710000e-06	-3.499174e-09	-1.427865e-08	-2.455674e+01	-9.383870e+02
2.720000e-06	-3.637925e-09	-1.503854e-08	-2.553047e+01	-9.869450e+02
2.730000e-06	-3.775295e-09	-1.563098e-08	-2.649451e+01	-1.023516e+03
2.740000e-06	-3.911241e-09	-1.609067e-08	-2.744856e+01	-1.051126e+03
2.750000e-06	-4.045739e-09	-1.644565e-08	-2.839245e+01	-1.072460e+03
2.760000e-06	-4.178791e-09	-1.671920e-08	-2.932619e+01	-1.089570e+03
2.770000e-06	-4.310376e-09	-1.693030e-08	-3.024963e+01	-1.103791e+03
2.780000e-06	-4.440465e-09	-1.709491e-08	-3.116258e+01	-1.115809e+03
2.790000e-06	-4.569041e-09	-1.722541e-08	-3.206491e+01	-1.125863e+03
2.800000e-06	-4.696036e-09	-1.733133e-08	-3.295614e+01	-1.133986e+03
2.810000e-06	-4.821383e-09	-1.741890e-08	-3.383581e+01	-1.140224e+03
2.820000e-06	-4.945032e-09	-1.749297e-08	-3.470357e+01	-1.144771e+03
2.830000e-06	-5.066932e-09	-1.755721e-08	-3.555904e+01	-1.148005e+03
2.840000e-06	-5.187011e-09	-1.761266e-08	-3.640174e+01	-1.150439e+03
2.850000e-06	-5.305130e-09	-1.766162e-08	-3.723068e+01	-1.152603e+03
2.860000e-06	-5.421147e-09	-1.770668e-08	-3.804487e+01	-1.154926e+03
2.870000e-06	-5.534940e-09	-1.774899e-08	-3.884346e+01	-1.157634e+03
2.880000e-06	-5.646496e-09	-1.778862e-08	-3.962634e+01	-1.160729e+03
2.890000e-06	-5.755908e-09	-1.782451e-08	-4.039418e+01	-1.164015e+03
2.900000e-06	-5.863286e-09	-1.785668e-08	-4.114774e+01	-1.167192e+03
2.910000e-06	-5.968657e-09	-1.788676e-08	-4.188722e+01	-1.169964e+03
2.920000e-06	-6.071887e-09	-1.791560e-08	-4.261167e+01	-1.172139e+03
2.930000e-06	-6.172831e-09	-1.794292e-08	-4.332008e+01	-1.173690e+03
2.940000e-06	-6.271505e-09	-1.796926e-08	-4.401256e+01	-1.174751e+03
2.950000e-06	-6.367979e-09	-1.799531e-08	-4.468961e+01	-1.175576e+03
2.960000e-06	-6.462182e-09	-1.802032e-08	-4.535071e+01	-1.176447e+03
2.970000e-06	-6.554032e-09	-1.804320e-08	-4.599530e+01	-1.177592e+03
2.980000e-06	-6.643566e-09	-1.806398e-08	-4.662364e+01	-1.179113e+03
2.990000e-06	-6.730756e-09	-1.808227e-08	-4.723552e+01	-1.180966e+03
3.000000e-06	-6.815482e-09	-1.809887e-08	-4.783012e+01	-1.182982e+03
3.010000e-06	-6.897755e-09	-1.811551e-08	-4.840750e+01	-1.184923e+03
3.020000e-06	-6.977606e-09	-1.813281e-08	-4.896788e+01	-1.186570e+03
3.030000e-06	-7.054838e-09	-1.814959e-08	-4.950989e+01	-1.187782e+03
3.040000e-06	-7.129331e-09	-1.816519e-08	-5.003267e+01	-1.188545e+03
3.050000e-06	-7.201182e-09	-1.818029e-08	-5.053691e+01	-1.188970e+03
3.060000e-06	-7.270414e-09	-1.819545e-08	-5.102277e+01	-1.189252e+03
3.070000e-06	-7.337054e-09	-1.820949e-08	-5.149044e+01	-1.189610e+03
3.080000e-06	-7.401161e-09	-1.822087e-08	-5.194033e+01	-1.190215e+03
3.090000e-06	-7.462654e-09	-1.823048e-08	-5.237188e+01	-1.191138e+03
3.100000e-06	-7.521467e-09	-1.823990e-08	-5.278463e+01	-1.192333e+03
3.110000e-06	-7.577597e-09	-1.825002e-08	-5.317853e+01	-1.193655e+03
3.120000e-06	-7.630893e-09	-1.825918e-08	-5.355256e+01	-1.194909e+03
3.130000e-06	-7.681163e-09	-1.826719e-08	-5.390535e+01	-1.195912e+03
3.140000e-06	-7.728369e-09	-1.827497e-08	-5.423663e+01	-1.196553e+03
3.150000e-06	-7.772793e-09	-1.828304e-08	-5.454839e+01	-1.196824e+03
3.160000e-06	-7.814694e-09	-1.829090e-08	-5.484245e+01	-1.196821e+03
3.170000e-06	-7.853950e-09	-1.829821e-08	-5.511794e+01	-1.196711e+03
3.180000e-06	-7.890390e-09	-1.830400e-08	-5.537367e+01	-1.196679e+03
3.190000e-06	-7.924026e-09	-1.830797e-08	-5.560973e+01	-1.196867e+03
3.200000e-06	-7.954813e-09	-1.831073e-08	-5.582579e+01	-1.197330e+03
3.210000e-06	-7.982668e-09	-1.831284e-08	-5.602127e+01	-1.198025e+03
3.220000e-06	-8.007672e-09	-1.831519e-08	-5.619674e+01	-1.198818e+03
3.230000e-06	-8.029806e-09	-1.831748e-08	-5.635207e+01	-1.199536e+03
3.240000e-06	-8.049036e-09	-1.831969e-08	-5.648702e+01	-1.200017e+03
3.250000e-06	-8.065411e-09	-1.832136e-08	-5.660195e+01	-1.200164e+03
3.260000e-06	-8.078723e-09	-1.832203e-08	-5.669536e+01	-1.199972e+03
3.270000e-06	-8.088879e-09	-1.832122e-08	-5.676664e+01	-1.199533e+03
3.280000e-06	-8.096064e-09	-1.831874e-08	-5.681706e+01	-1.199001e+03
3.290000e-06	-8.100336e-09	-1.831537e-08	-5.684704e+01	-1.198547e+03
3.300000e-06	-8.101787e-09	-1.831176e-08	-5.685723e+01	-1.198302e+03
