# Configuracion:
# Concentracion g/m^3_=_16500.0
# C_Vs_to_Am_M_A/Vsm_=_65563218390.804596
# pendiente_HvsI_1/m_=_3716.3
# ordenada_HvsI_A/m_=_1297.0
# frecuencia_ref_Hz_=_302554.53968350694
# 
Resultados:
# tau_ns_=_(1.32+/-0.10)e+02
# dphi_rad_=_6.53+/-0.02
# SAR_W/g_=_1500.05+/-215.82
# Hc_kA/m_=_16.48+/-1.02
# Mr_A/m_=_940.03+/-86.92
# Magnetizacion_max_=_1209.34+/-98.43
# Suceptibilidad_a_M=0_=_(1.416+/-0.109)e-01

Nombre_archivo	Time_m_(s)	Temperatura_(ºC)	Mr_(A/m)	Hc_(kA/m)	Campo_max_(A/m)	Mag_max_(A/m)	f0	mag0	dphi0	SAR_(W/g)	Tau_(ns)	N	xi_M_0
300kHz_150dA_100Mss_bobN1M16-0007.txt	7.73	19.31	1026.50	18.59	57041.50	1294.07	3.025719e+05	1.065144e+02	6.565056e+00	1823.77	152.323724	4627	1.494e-01
300kHz_150dA_100Mss_bobN1M16-0008.txt	8.18	21.02	1038.59	18.32	57041.50	1307.05	3.025719e+05	1.077076e+02	6.561049e+00	1818.66	150.040054	4627	1.540e-01
300kHz_150dA_100Mss_bobN1M16-0009.txt	8.63	23.81	1039.58	18.20	57041.50	1310.80	3.025719e+05	1.079663e+02	6.558667e+00	1807.81	148.686120	4627	1.519e-01
300kHz_150dA_100Mss_bobN1M16-0010.txt	9.14	26.93	1042.23	18.20	57041.50	1310.32	3.025719e+05	1.080282e+02	6.559309e+00	1812.95	149.051632	4627	1.525e-01
300kHz_150dA_100Mss_bobN1M16-0011.txt	9.6	29.64	1042.37	18.00	57041.50	1314.09	3.025719e+05	1.083310e+02	6.555885e+00	1796.05	147.107520	4627	1.553e-01
300kHz_150dA_100Mss_bobN1M16-0012.txt	10.05	32.29	1045.04	17.93	57041.50	1315.47	3.025719e+05	1.085132e+02	6.555307e+00	1795.36	146.779771	4627	1.538e-01
300kHz_150dA_100Mss_bobN1M16-0013.txt	10.5	34.90	1046.68	17.80	57041.50	1320.00	3.025719e+05	1.088743e+02	6.553252e+00	1788.06	145.616087	4627	1.525e-01
300kHz_150dA_100Mss_bobN1M16-0014.txt	10.95	37.51	1046.97	17.70	57041.50	1323.54	3.025719e+05	1.091184e+02	6.551046e+00	1777.78	144.366840	4627	1.515e-01
300kHz_150dA_100Mss_bobN1M16-0015.txt	11.4	42.16	1046.91	17.56	57041.50	1324.79	3.025719e+05	1.092224e+02	6.548745e+00	1764.55	143.066232	4627	1.530e-01
300kHz_150dA_100Mss_bobN1M16-0016.txt	11.84	46.96	1046.03	17.48	57041.50	1321.72	3.025719e+05	1.090176e+02	6.547701e+00	1754.49	142.476933	4627	1.543e-01
300kHz_150dA_100Mss_bobN1M16-0017.txt	12.29	50.03	1041.78	17.33	57041.50	1321.17	3.025719e+05	1.089350e+02	6.544811e+00	1734.44	140.847029	4627	1.543e-01
300kHz_150dA_100Mss_bobN1M16-0018.txt	12.75	52.15	1036.04	17.24	57041.50	1309.39	3.025719e+05	1.080578e+02	6.544029e+00	1715.45	140.405584	4627	1.541e-01
300kHz_150dA_100Mss_bobN1M16-0019.txt	13.64	55.54	1009.70	16.94	57041.50	1282.41	3.025719e+05	1.057727e+02	6.538205e+00	1642.51	137.128615	4627	1.515e-01
300kHz_150dA_100Mss_bobN1M16-0020.txt	14.09	56.99	994.41	16.89	57041.50	1258.79	3.025719e+05	1.038863e+02	6.538093e+00	1612.52	137.065804	4627	1.504e-01
300kHz_150dA_100Mss_bobN1M16-0021.txt	14.54	57.93	971.45	16.65	57041.50	1235.55	3.025719e+05	1.018890e+02	6.533238e+00	1552.04	134.341422	4627	1.463e-01
300kHz_150dA_100Mss_bobN1M16-0022.txt	15.0	58.90	951.73	16.55	57041.50	1213.39	3.025719e+05	1.000624e+02	6.531795e+00	1515.60	133.533600	4627	1.441e-01
300kHz_150dA_100Mss_bobN1M16-0023.txt	15.46	59.64	928.67	16.50	57041.50	1184.10	3.025719e+05	9.764124e+01	6.531068e+00	1474.69	133.126369	4627	1.419e-01
300kHz_150dA_100Mss_bobN1M16-0024.txt	15.94	60.40	901.42	16.25	57041.50	1148.75	3.025719e+05	9.477730e+01	6.527074e+00	1408.83	130.892657	4627	1.400e-01
300kHz_150dA_100Mss_bobN1M16-0025.txt	16.4	60.90	876.16	16.13	57041.50	1125.77	3.025719e+05	9.275896e+01	6.524095e+00	1362.32	129.229849	4627	1.364e-01
300kHz_150dA_100Mss_bobN1M16-0026.txt	16.85	61.35	853.46	16.01	57041.50	1098.74	3.025719e+05	9.053783e+01	6.522298e+00	1319.97	128.228064	4627	1.322e-01
300kHz_150dA_100Mss_bobN1M16-0027.txt	17.31	61.62	833.43	15.92	57041.50	1082.32	3.025719e+05	8.906113e+01	6.519800e+00	1285.13	126.837551	4627	1.261e-01
300kHz_150dA_100Mss_bobN1M16-0028.txt	17.76	61.80	816.62	15.78	57041.50	1059.68	3.025719e+05	8.724066e+01	6.517707e+00	1247.93	125.672944	4627	1.246e-01
300kHz_150dA_100Mss_bobN1M16-0029.txt	18.21	62.05	803.60	15.60	57041.50	1045.82	3.025719e+05	8.614036e+01	6.515352e+00	1220.05	124.364166	4627	1.209e-01
300kHz_150dA_100Mss_bobN1M16-0030.txt	18.67	62.37	794.90	15.42	57041.50	1037.33	3.025719e+05	8.541859e+01	6.512367e+00	1194.54	122.706419	4627	1.203e-01
300kHz_150dA_100Mss_bobN1M16-0031.txt	19.12	63.19	788.42	15.38	57041.50	1034.50	3.025719e+05	8.506529e+01	6.510556e+00	1180.37	121.703577	4627	1.210e-01
300kHz_150dA_100Mss_bobN1M16-0032.txt	19.56	65.34	797.52	15.34	57041.50	1041.44	3.025719e+05	8.573011e+01	6.510925e+00	1191.49	121.907657	4627	1.230e-01
300kHz_150dA_100Mss_bobN1M16-0033.txt	20.02	67.53	805.69	15.26	57041.50	1055.08	3.025719e+05	8.682787e+01	6.509145e+00	1197.47	120.920553	4627	1.253e-01
300kHz_150dA_100Mss_bobN1M16-0034.txt	20.47	68.30	851.00	15.55	57041.50	1110.13	3.025719e+05	9.132555e+01	6.513685e+00	1284.37	123.438294	4627	1.303e-01
300kHz_150dA_100Mss_bobN1M16-0035.txt	20.93	69.08	884.82	15.72	57041.50	1150.76	3.025719e+05	9.465620e+01	6.515775e+00	1343.06	124.599018	4627	1.360e-01
300kHz_150dA_100Mss_bobN1M16-0036.txt	21.38	75.05	882.73	15.69	57041.50	1151.08	3.025719e+05	9.456127e+01	6.514322e+00	1333.48	123.791116	4627	1.347e-01
300kHz_150dA_100Mss_bobN1M16-0037.txt	21.83	81.98	893.89	15.65	57041.50	1171.23	3.025719e+05	9.614596e+01	6.512897e+00	1347.61	123.000608	4627	1.367e-01
300kHz_150dA_100Mss_bobN1M16-0038.txt	22.77	79.90	911.07	15.63	57041.50	1189.45	3.025719e+05	9.774728e+01	6.513874e+00	1375.79	123.543276	4627	1.397e-01
300kHz_150dA_100Mss_bobN1M16-0039.txt	23.22	79.49	908.32	15.54	57041.50	1189.73	3.025719e+05	9.775703e+01	6.512614e+00	1368.54	122.843612	4627	1.401e-01
300kHz_150dA_100Mss_bobN1M16-0040.txt	23.67	81.52	917.80	15.59	57041.50	1207.39	3.025719e+05	9.909101e+01	6.512351e+00	1385.65	122.697624	4627	1.404e-01
300kHz_150dA_100Mss_bobN1M16-0041.txt	24.12	83.00	940.49	15.70	57041.50	1238.60	3.025719e+05	1.016081e+02	6.514010e+00	1430.95	123.618351	4627	1.434e-01
300kHz_150dA_100Mss_bobN1M16-0042.txt	24.57	83.00	948.15	15.64	57041.50	1250.70	3.025719e+05	1.025793e+02	6.512896e+00	1437.78	122.999708	4627	1.435e-01
300kHz_150dA_100Mss_bobN1M16-0043.txt	25.03	83.19	961.14	15.73	57041.50	1265.22	3.025719e+05	1.037963e+02	6.514651e+00	1465.76	123.974705	4627	1.452e-01
300kHz_150dA_100Mss_bobN1M16-0044.txt	25.49	86.14	965.95	15.63	57041.50	1279.43	3.025719e+05	1.048579e+02	6.512133e+00	1464.92	122.576674	4627	1.469e-01
300kHz_150dA_100Mss_bobN1M16-0045.txt	25.94	89.02	970.00	15.62	57041.50	1284.63	3.025719e+05	1.052807e+02	6.511893e+00	1469.31	122.443871	4627	1.457e-01
