# Configuracion:
# Concentracion g/m^3_=_16500.0
# C_Vs_to_Am_M_A/Vsm_=_65563218390.804596
# pendiente_HvsI_1/m_=_3716.3
# ordenada_HvsI_A/m_=_1297.0
# frecuencia_ref_Hz_=_302510.6388846368
# 
Resultados:
# tau_ns_=_(1.31+/-0.10)e+02
# dphi_rad_=_6.53+/-0.02
# SAR_W/g_=_1482.74+/-225.34
# Hc_kA/m_=_16.45+/-1.03
# Mr_A/m_=_928.01+/-93.31
# Magnetizacion_max_=_1203.59+/-102.94
# Suceptibilidad_a_M=0_=_(1.407+/-0.120)e-01

Nombre_archivo	Time_m_(s)	Temperatura_(ºC)	Mr_(A/m)	Hc_(kA/m)	Campo_max_(A/m)	Mag_max_(A/m)	f0	mag0	dphi0	SAR_(W/g)	Tau_(ns)	N	xi_M_0
300kHz_150dA_100Mss_bobN1M16-0016.txt	7.01	21.96	1019.76	18.75	57041.50	1283.26	3.025719e+05	1.056143e+02	6.569314e+00	1834.93	154.780828	4627	1.484e-01
300kHz_150dA_100Mss_bobN1M16-0017.txt	7.45	24.64	1030.55	18.32	57041.50	1305.31	3.025065e+05	1.074392e+02	6.560284e+00	1808.88	149.632901	4628	1.521e-01
300kHz_150dA_100Mss_bobN1M16-0018.txt	7.89	27.33	1030.08	18.20	57041.50	1307.42	3.025065e+05	1.075650e+02	6.557827e+00	1795.34	148.236047	4628	1.490e-01
300kHz_150dA_100Mss_bobN1M16-0019.txt	8.79	32.66	1030.23	17.95	57041.50	1311.34	3.025065e+05	1.079077e+02	6.553297e+00	1772.09	145.667041	4628	1.518e-01
300kHz_150dA_100Mss_bobN1M16-0020.txt	9.25	35.38	1033.03	17.90	57041.50	1312.40	3.025065e+05	1.080245e+02	6.553174e+00	1773.22	145.597477	4628	1.515e-01
300kHz_150dA_100Mss_bobN1M16-0021.txt	9.69	37.97	1034.74	17.77	57041.50	1312.87	3.025065e+05	1.081426e+02	6.551389e+00	1763.71	144.586639	4628	1.539e-01
300kHz_150dA_100Mss_bobN1M16-0022.txt	10.14	40.63	1037.40	17.66	57041.50	1317.71	3.025065e+05	1.085358e+02	6.549611e+00	1758.67	143.581300	4628	1.541e-01
300kHz_150dA_100Mss_bobN1M16-0023.txt	10.59	43.28	1039.29	17.55	57041.50	1324.09	3.025719e+05	1.090149e+02	6.547316e+00	1751.95	142.284551	4627	1.543e-01
300kHz_150dA_100Mss_bobN1M16-0024.txt	11.08	46.14	1039.23	17.41	57041.50	1326.77	3.025719e+05	1.092348e+02	6.544916e+00	1739.90	140.930778	4627	1.515e-01
300kHz_150dA_100Mss_bobN1M16-0025.txt	11.53	48.62	1037.46	17.29	57041.50	1327.99	3.025719e+05	1.092847e+02	6.542764e+00	1726.70	139.717597	4627	1.525e-01
300kHz_150dA_100Mss_bobN1M16-0026.txt	11.98	51.09	1031.89	17.17	57041.50	1316.23	3.025065e+05	1.084481e+02	6.541415e+00	1704.41	138.958012	4628	1.510e-01
300kHz_150dA_100Mss_bobN1M16-0027.txt	12.42	53.22	1022.80	17.07	57041.50	1309.86	3.025065e+05	1.078575e+02	6.539113e+00	1680.35	137.663542	4628	1.506e-01
300kHz_150dA_100Mss_bobN1M16-0028.txt	12.87	55.38	1010.09	16.88	57041.50	1293.54	3.025065e+05	1.065465e+02	6.536311e+00	1642.15	136.089194	4628	1.491e-01
300kHz_150dA_100Mss_bobN1M16-0029.txt	13.33	57.29	996.12	16.81	57041.50	1269.61	3.025065e+05	1.046787e+02	6.535890e+00	1610.73	135.852752	4628	1.503e-01
300kHz_150dA_100Mss_bobN1M16-0030.txt	13.78	59.04	977.65	16.67	57041.50	1256.90	3.025065e+05	1.034730e+02	6.532186e+00	1569.33	133.775733	4628	1.493e-01
300kHz_150dA_100Mss_bobN1M16-0031.txt	14.23	60.54	959.61	16.63	57041.50	1230.89	3.025065e+05	1.013839e+02	6.532052e+00	1536.83	133.701670	4628	1.475e-01
300kHz_150dA_100Mss_bobN1M16-0032.txt	14.67	61.78	935.43	16.46	57041.50	1205.07	3.025065e+05	9.919193e+01	6.528646e+00	1483.45	131.794762	4628	1.429e-01
300kHz_150dA_100Mss_bobN1M16-0033.txt	15.13	62.99	909.17	16.27	57041.50	1173.27	3.025065e+05	9.658770e+01	6.525468e+00	1426.17	130.019244	4628	1.402e-01
300kHz_150dA_100Mss_bobN1M16-0034.txt	15.59	64.00	880.53	16.14	57041.50	1141.93	3.025065e+05	9.393127e+01	6.522990e+00	1373.03	128.637359	4628	1.337e-01
300kHz_150dA_100Mss_bobN1M16-0035.txt	16.04	64.97	852.21	16.04	57041.50	1106.91	3.025065e+05	9.105068e+01	6.521295e+00	1321.70	127.692914	4628	1.291e-01
300kHz_150dA_100Mss_bobN1M16-0036.txt	16.49	65.73	828.08	15.82	57041.50	1084.25	3.025065e+05	8.912799e+01	6.516958e+00	1270.66	125.277816	4628	1.275e-01
300kHz_150dA_100Mss_bobN1M16-0037.txt	16.95	66.52	805.56	15.70	57041.50	1058.77	3.025065e+05	8.701096e+01	6.514825e+00	1229.36	124.093466	4628	1.243e-01
300kHz_150dA_100Mss_bobN1M16-0038.txt	17.88	66.78	771.19	15.43	57041.50	1017.94	3.025065e+05	8.365693e+01	6.510436e+00	1159.97	121.657758	4628	1.175e-01
300kHz_150dA_100Mss_bobN1M16-0039.txt	18.32	69.30	761.71	15.31	57041.50	1010.53	3.025719e+05	8.296556e+01	6.507902e+00	1138.02	120.254249	4627	1.157e-01
300kHz_150dA_100Mss_bobN1M16-0040.txt	18.77	72.81	769.97	15.24	57041.50	1024.38	3.025065e+05	8.408323e+01	6.506736e+00	1147.22	119.608704	4628	1.168e-01
300kHz_150dA_100Mss_bobN1M16-0041.txt	19.22	72.49	774.64	15.26	57041.50	1029.23	3.025719e+05	8.446946e+01	6.507317e+00	1155.68	119.930656	4627	1.190e-01
300kHz_150dA_100Mss_bobN1M16-0042.txt	19.67	68.17	789.05	15.27	57041.50	1049.81	3.025719e+05	8.612156e+01	6.506961e+00	1176.45	119.733549	4627	1.215e-01
300kHz_150dA_100Mss_bobN1M16-0043.txt	20.12	65.66	802.42	15.32	57041.50	1066.12	3.025065e+05	8.745697e+01	6.507957e+00	1199.66	120.284819	4628	1.244e-01
300kHz_150dA_100Mss_bobN1M16-0044.txt	20.57	68.14	875.29	15.61	57041.50	1156.56	3.025719e+05	9.487391e+01	6.512526e+00	1327.68	122.816353	4627	1.368e-01
300kHz_150dA_100Mss_bobN1M16-0045.txt	21.01	70.51	901.22	15.72	57041.50	1186.25	3.025065e+05	9.733532e+01	6.514319e+00	1372.28	123.811006	4628	1.416e-01
300kHz_150dA_100Mss_bobN1M16-0046.txt	21.46	71.10	903.34	15.65	57041.50	1187.75	3.025065e+05	9.749386e+01	6.513556e+00	1370.06	123.387689	4628	1.428e-01
300kHz_150dA_100Mss_bobN1M16-0047.txt	21.91	71.68	890.38	15.65	57041.50	1176.66	3.025719e+05	9.646860e+01	6.512835e+00	1351.78	122.988353	4627	1.390e-01
300kHz_150dA_100Mss_bobN1M16-0048.txt	22.36	74.32	894.10	15.59	57041.50	1183.72	3.025065e+05	9.702787e+01	6.511643e+00	1352.39	122.326732	4628	1.403e-01
300kHz_150dA_100Mss_bobN1M16-0049.txt	22.82	77.54	914.81	15.61	57041.50	1212.95	3.025719e+05	9.939692e+01	6.511623e+00	1385.59	122.315408	4627	1.434e-01
300kHz_150dA_100Mss_bobN1M16-0050.txt	23.27	80.04	908.13	15.58	57041.50	1205.10	3.025065e+05	9.875752e+01	6.511392e+00	1375.01	122.186810	4628	1.429e-01
300kHz_150dA_100Mss_bobN1M16-0051.txt	23.72	82.11	915.61	15.52	57041.50	1221.87	3.025065e+05	1.000184e+02	6.509596e+00	1381.80	121.191896	4628	1.446e-01
300kHz_150dA_100Mss_bobN1M16-0052.txt	24.2	84.36	923.46	15.53	57041.50	1227.66	3.025065e+05	1.005755e+02	6.510359e+00	1394.09	121.614635	4628	1.454e-01
