# Temperatura_=_57.15555555555555
# Concentracion g/m^3_=_16500.0
# C_Vs_to_Am_M_A/Vsm_=_65563218390.804596
# pendiente_HvsI_1/m_=_3716.3
# ordenada_HvsI_A/m_=_1297.0
# frecuencia_Hz_=_302280.3272081919
# Promedio de 36 ciclos

Tiempo_(s)	Campo_(V.s)	Magnetizacion_(V.s)	Campo_(kA/m)	Magnetizacion_(A/m)
0.000000e+00	-6.758202e-09	-1.749963e-08	-4.766824e+01	-1.147315e+03
1.000000e-08	-6.754720e-09	-1.750576e-08	-4.764367e+01	-1.147050e+03
2.000000e-08	-6.749017e-09	-1.750415e-08	-4.760345e+01	-1.146782e+03
3.000000e-08	-6.741260e-09	-1.750061e-08	-4.754874e+01	-1.146554e+03
4.000000e-08	-6.731225e-09	-1.749389e-08	-4.747796e+01	-1.146387e+03
5.000000e-08	-6.718728e-09	-1.748655e-08	-4.738980e+01	-1.146271e+03
6.000000e-08	-6.703736e-09	-1.747457e-08	-4.728406e+01	-1.146168e+03
7.000000e-08	-6.686326e-09	-1.745964e-08	-4.716126e+01	-1.146026e+03
8.000000e-08	-6.666739e-09	-1.750514e-08	-4.702310e+01	-1.145793e+03
9.000000e-08	-6.644792e-09	-1.756627e-08	-4.686830e+01	-1.145432e+03
1.000000e-07	-6.620112e-09	-1.752332e-08	-4.669423e+01	-1.144935e+03
1.100000e-07	-6.592755e-09	-1.746619e-08	-4.650127e+01	-1.144321e+03
1.200000e-07	-6.563123e-09	-1.746438e-08	-4.629226e+01	-1.143635e+03
1.300000e-07	-6.531658e-09	-1.740035e-08	-4.607032e+01	-1.142926e+03
1.400000e-07	-6.498454e-09	-1.735179e-08	-4.583612e+01	-1.142240e+03
1.500000e-07	-6.463165e-09	-1.746925e-08	-4.558721e+01	-1.141601e+03
1.600000e-07	-6.425687e-09	-1.741405e-08	-4.532286e+01	-1.141004e+03
1.700000e-07	-6.386182e-09	-1.736448e-08	-4.504422e+01	-1.140421e+03
1.800000e-07	-6.344289e-09	-1.746654e-08	-4.474873e+01	-1.139806e+03
1.900000e-07	-6.299988e-09	-1.739018e-08	-4.443626e+01	-1.139117e+03
2.000000e-07	-6.253551e-09	-1.739333e-08	-4.410872e+01	-1.138322e+03
2.100000e-07	-6.204672e-09	-1.735677e-08	-4.376396e+01	-1.137416e+03
2.200000e-07	-6.153166e-09	-1.728388e-08	-4.340066e+01	-1.136420e+03
2.300000e-07	-6.099115e-09	-1.732291e-08	-4.301942e+01	-1.135375e+03
2.400000e-07	-6.042687e-09	-1.730366e-08	-4.262141e+01	-1.134327e+03
2.500000e-07	-5.983946e-09	-1.731104e-08	-4.220708e+01	-1.133315e+03
2.600000e-07	-5.922945e-09	-1.729749e-08	-4.177682e+01	-1.132351e+03
2.700000e-07	-5.859896e-09	-1.726306e-08	-4.133211e+01	-1.131423e+03
2.800000e-07	-5.794761e-09	-1.724704e-08	-4.087269e+01	-1.130488e+03
2.900000e-07	-5.727392e-09	-1.722968e-08	-4.039751e+01	-1.129492e+03
3.000000e-07	-5.657835e-09	-1.721322e-08	-3.990690e+01	-1.128380e+03
3.100000e-07	-5.586151e-09	-1.715875e-08	-3.940128e+01	-1.127114e+03
3.200000e-07	-5.512358e-09	-1.716930e-08	-3.888078e+01	-1.125685e+03
3.300000e-07	-5.436364e-09	-1.717745e-08	-3.834477e+01	-1.124116e+03
3.400000e-07	-5.358164e-09	-1.713642e-08	-3.779319e+01	-1.122452e+03
3.500000e-07	-5.277825e-09	-1.711486e-08	-3.722653e+01	-1.120749e+03
3.600000e-07	-5.195507e-09	-1.706572e-08	-3.664591e+01	-1.119057e+03
3.700000e-07	-5.111488e-09	-1.704419e-08	-3.605329e+01	-1.117402e+03
3.800000e-07	-5.025825e-09	-1.702987e-08	-3.544907e+01	-1.115781e+03
3.900000e-07	-4.938523e-09	-1.700787e-08	-3.483330e+01	-1.114161e+03
4.000000e-07	-4.849545e-09	-1.697464e-08	-3.420570e+01	-1.112490e+03
4.100000e-07	-4.758799e-09	-1.694293e-08	-3.356563e+01	-1.110712e+03
4.200000e-07	-4.666328e-09	-1.692929e-08	-3.291340e+01	-1.108785e+03
4.300000e-07	-4.572264e-09	-1.689096e-08	-3.224993e+01	-1.106694e+03
4.400000e-07	-4.476636e-09	-1.684985e-08	-3.157542e+01	-1.104453e+03
4.500000e-07	-4.379354e-09	-1.680088e-08	-3.088926e+01	-1.102100e+03
4.600000e-07	-4.280422e-09	-1.677451e-08	-3.019145e+01	-1.099684e+03
4.700000e-07	-4.179952e-09	-1.675592e-08	-2.948280e+01	-1.097251e+03
4.800000e-07	-4.078057e-09	-1.672130e-08	-2.876409e+01	-1.094823e+03
4.900000e-07	-3.974771e-09	-1.667646e-08	-2.803557e+01	-1.092395e+03
5.000000e-07	-3.870013e-09	-1.662674e-08	-2.729667e+01	-1.089932e+03
5.100000e-07	-3.763774e-09	-1.658788e-08	-2.654733e+01	-1.087380e+03
5.200000e-07	-3.656080e-09	-1.654597e-08	-2.578772e+01	-1.084684e+03
5.300000e-07	-3.547033e-09	-1.649807e-08	-2.501857e+01	-1.081801e+03
5.400000e-07	-3.436794e-09	-1.644567e-08	-2.424101e+01	-1.078716e+03
5.500000e-07	-3.325332e-09	-1.640348e-08	-2.345482e+01	-1.075446e+03
5.600000e-07	-3.212556e-09	-1.636572e-08	-2.265937e+01	-1.072030e+03
5.700000e-07	-3.098460e-09	-1.631750e-08	-2.185460e+01	-1.068517e+03
5.800000e-07	-2.983050e-09	-1.625479e-08	-2.104057e+01	-1.064950e+03
5.900000e-07	-2.866333e-09	-1.618956e-08	-2.021733e+01	-1.061346e+03
6.000000e-07	-2.748492e-09	-1.613170e-08	-1.938615e+01	-1.057689e+03
6.100000e-07	-2.629741e-09	-1.607613e-08	-1.854854e+01	-1.053934e+03
6.200000e-07	-2.510086e-09	-1.601499e-08	-1.770457e+01	-1.050016e+03
6.300000e-07	-2.389462e-09	-1.594654e-08	-1.685377e+01	-1.045869e+03
6.400000e-07	-2.267922e-09	-1.588114e-08	-1.599650e+01	-1.041446e+03
6.500000e-07	-2.145553e-09	-1.581616e-08	-1.513338e+01	-1.036729e+03
6.600000e-07	-2.022387e-09	-1.574329e-08	-1.426464e+01	-1.031737e+03
6.700000e-07	-1.898489e-09	-1.565891e-08	-1.339074e+01	-1.026513e+03
6.800000e-07	-1.773920e-09	-1.557289e-08	-1.251211e+01	-1.021109e+03
6.900000e-07	-1.648750e-09	-1.549048e-08	-1.162923e+01	-1.015562e+03
7.000000e-07	-1.523087e-09	-1.540883e-08	-1.074288e+01	-1.009880e+03
7.100000e-07	-1.396996e-09	-1.532004e-08	-9.853512e+00	-1.004028e+03
7.200000e-07	-1.270502e-09	-1.522206e-08	-8.961301e+00	-9.979328e+02
7.300000e-07	-1.143625e-09	-1.512184e-08	-8.066384e+00	-9.915011e+02
7.400000e-07	-1.016373e-09	-1.501878e-08	-7.168829e+00	-9.846393e+02
7.500000e-07	-8.887659e-10	-1.490697e-08	-6.268765e+00	-9.772768e+02
7.600000e-07	-7.608404e-10	-1.478161e-08	-5.366457e+00	-9.693793e+02
7.700000e-07	-6.326472e-10	-1.465094e-08	-4.462260e+00	-9.609487e+02
7.800000e-07	-5.042378e-10	-1.451968e-08	-3.556538e+00	-9.520080e+02
7.900000e-07	-3.756443e-10	-1.438364e-08	-2.649518e+00	-9.425744e+02
8.000000e-07	-2.468964e-10	-1.423419e-08	-1.741409e+00	-9.326296e+02
8.100000e-07	-1.180265e-10	-1.406733e-08	-8.324397e-01	-9.220953e+02
8.200000e-07	1.092234e-11	-1.388699e-08	7.708660e-02	-9.108231e+02
8.300000e-07	1.398972e-10	-1.369405e-08	9.867964e-01	-8.986026e+02
8.400000e-07	2.688480e-10	-1.348484e-08	1.896336e+00	-8.851841e+02
8.500000e-07	3.977278e-10	-1.325320e-08	2.805376e+00	-8.703072e+02
8.600000e-07	5.264792e-10	-1.299794e-08	3.713509e+00	-8.537229e+02
8.700000e-07	6.550553e-10	-1.271846e-08	4.620406e+00	-8.351945e+02
8.800000e-07	7.834082e-10	-1.240857e-08	5.525729e+00	-8.144706e+02
8.900000e-07	9.114817e-10	-1.205694e-08	6.429081e+00	-7.912276e+02
9.000000e-07	1.039225e-09	-1.165342e-08	7.330102e+00	-7.649941e+02
9.100000e-07	1.166576e-09	-1.119101e-08	8.228359e+00	-7.350754e+02
9.200000e-07	1.293515e-09	-1.065700e-08	9.123709e+00	-7.005049e+02
9.300000e-07	1.420035e-09	-1.002971e-08	1.001611e+01	-6.600476e+02
9.400000e-07	1.546101e-09	-9.286020e-09	1.090530e+01	-6.122734e+02
9.500000e-07	1.671688e-09	-8.406181e-09	1.179111e+01	-5.557046e+02
9.600000e-07	1.796738e-09	-7.376639e-09	1.267314e+01	-4.890266e+02
9.700000e-07	1.921142e-09	-6.186890e-09	1.355061e+01	-4.113300e+02
9.800000e-07	2.044788e-09	-4.828779e-09	1.442274e+01	-3.223447e+02
9.900000e-07	2.167616e-09	-3.305918e-09	1.528909e+01	-2.226184e+02
1.000000e-06	2.289619e-09	-1.639158e-09	1.614962e+01	-1.136006e+02
1.010000e-06	2.410753e-09	1.359939e-10	1.700402e+01	2.396162e+00
1.020000e-06	2.530929e-09	1.973857e-09	1.785167e+01	1.223604e+02
1.030000e-06	2.650121e-09	3.821211e-09	1.869238e+01	2.428536e+02
1.040000e-06	2.768368e-09	5.621373e-09	1.952642e+01	3.603500e+02
1.050000e-06	2.885604e-09	7.315381e-09	2.035334e+01	4.715912e+02
1.060000e-06	3.001676e-09	8.859671e-09	2.117204e+01	5.738991e+02
1.070000e-06	3.116485e-09	1.022981e-08	2.198183e+01	6.654000e+02
1.080000e-06	3.230007e-09	1.141913e-08	2.278254e+01	7.451277e+02
1.090000e-06	3.342267e-09	1.243140e-08	2.357435e+01	8.129994e+02
1.100000e-06	3.453337e-09	1.327742e-08	2.435777e+01	8.696781e+02
1.110000e-06	3.563288e-09	1.397907e-08	2.513330e+01	9.163574e+02
1.120000e-06	3.672119e-09	1.455959e-08	2.590093e+01	9.545136e+02
1.130000e-06	3.779705e-09	1.503886e-08	2.665977e+01	9.856710e+02
1.140000e-06	3.885923e-09	1.543096e-08	2.740897e+01	1.011218e+03
1.150000e-06	3.990680e-09	1.574824e-08	2.814786e+01	1.032297e+03
1.160000e-06	4.093954e-09	1.600556e-08	2.887629e+01	1.049769e+03
1.170000e-06	4.195826e-09	1.621657e-08	2.959484e+01	1.064246e+03
1.180000e-06	4.296280e-09	1.638951e-08	3.030337e+01	1.076162e+03
1.190000e-06	4.395152e-09	1.652939e-08	3.100075e+01	1.085851e+03
1.200000e-06	4.492293e-09	1.664240e-08	3.168593e+01	1.093627e+03
1.210000e-06	4.587755e-09	1.673583e-08	3.235926e+01	1.099814e+03
1.220000e-06	4.681669e-09	1.681687e-08	3.302167e+01	1.104761e+03
1.230000e-06	4.774044e-09	1.688621e-08	3.367323e+01	1.108815e+03
1.240000e-06	4.864702e-09	1.694374e-08	3.431268e+01	1.112286e+03
1.250000e-06	4.953483e-09	1.699138e-08	3.493888e+01	1.115410e+03
1.260000e-06	5.040444e-09	1.703418e-08	3.555225e+01	1.118329e+03
1.270000e-06	5.125696e-09	1.707445e-08	3.615356e+01	1.121090e+03
1.280000e-06	5.209207e-09	1.711052e-08	3.674260e+01	1.123665e+03
1.290000e-06	5.290790e-09	1.714141e-08	3.731804e+01	1.125993e+03
1.300000e-06	5.370376e-09	1.716723e-08	3.787938e+01	1.128014e+03
1.310000e-06	5.448004e-09	1.719292e-08	3.842692e+01	1.129706e+03
1.320000e-06	5.523549e-09	1.721877e-08	3.895977e+01	1.131097e+03
1.330000e-06	5.596903e-09	1.724227e-08	3.947717e+01	1.132261e+03
1.340000e-06	5.668174e-09	1.726252e-08	3.997987e+01	1.133302e+03
1.350000e-06	5.737482e-09	1.728173e-08	4.046872e+01	1.134321e+03
1.360000e-06	5.804745e-09	1.730088e-08	4.094315e+01	1.135390e+03
1.370000e-06	5.869835e-09	1.731919e-08	4.140226e+01	1.136534e+03
1.380000e-06	5.932850e-09	1.733512e-08	4.184673e+01	1.137732e+03
1.390000e-06	5.993937e-09	1.734841e-08	4.227760e+01	1.138923e+03
1.400000e-06	6.052960e-09	1.736286e-08	4.269391e+01	1.140033e+03
1.410000e-06	6.109761e-09	1.737730e-08	4.309455e+01	1.141000e+03
1.420000e-06	6.164352e-09	1.739144e-08	4.347960e+01	1.141792e+03
1.430000e-06	6.216553e-09	1.740395e-08	4.384779e+01	1.142419e+03
1.440000e-06	6.266158e-09	1.741745e-08	4.419768e+01	1.142928e+03
1.450000e-06	6.313361e-09	1.743189e-08	4.453062e+01	1.143387e+03
1.460000e-06	6.358468e-09	1.744300e-08	4.484878e+01	1.143861e+03
1.470000e-06	6.401359e-09	1.744946e-08	4.515130e+01	1.144396e+03
1.480000e-06	6.441846e-09	1.745296e-08	4.543687e+01	1.145002e+03
1.490000e-06	6.480082e-09	1.746006e-08	4.570656e+01	1.145653e+03
1.500000e-06	6.516177e-09	1.746906e-08	4.596115e+01	1.146297e+03
1.510000e-06	6.549914e-09	1.747703e-08	4.619911e+01	1.146873e+03
1.520000e-06	6.581248e-09	1.748370e-08	4.642012e+01	1.147329e+03
1.530000e-06	6.610401e-09	1.749124e-08	4.662575e+01	1.147645e+03
1.540000e-06	6.637192e-09	1.749946e-08	4.681472e+01	1.147829e+03
1.550000e-06	6.661425e-09	1.750527e-08	4.698564e+01	1.147923e+03
1.560000e-06	6.683301e-09	1.750694e-08	4.713994e+01	1.147984e+03
1.570000e-06	6.702960e-09	1.750804e-08	4.727860e+01	1.148067e+03
1.580000e-06	6.720181e-09	1.751007e-08	4.740007e+01	1.148207e+03
1.590000e-06	6.734833e-09	1.751322e-08	4.750341e+01	1.148412e+03
1.600000e-06	6.746873e-09	1.751605e-08	4.758833e+01	1.148654e+03
1.610000e-06	6.756225e-09	1.751829e-08	4.765430e+01	1.148888e+03
1.620000e-06	6.763087e-09	1.752165e-08	4.770270e+01	1.149059e+03
1.630000e-06	6.767660e-09	1.752477e-08	4.773495e+01	1.149124e+03
1.640000e-06	6.769812e-09	1.752665e-08	4.775013e+01	1.149063e+03
1.650000e-06	6.769525e-09	1.752535e-08	4.774810e+01	1.148890e+03
1.660000e-06	6.767066e-09	1.751559e-08	4.773075e+01	1.148640e+03
1.670000e-06	6.762394e-09	1.750886e-08	4.769780e+01	1.148368e+03
1.680000e-06	6.755375e-09	1.750827e-08	4.764830e+01	1.148120e+03
1.690000e-06	6.746140e-09	1.750558e-08	4.758316e+01	1.147928e+03
1.700000e-06	6.734656e-09	1.750421e-08	4.750216e+01	1.147794e+03
1.710000e-06	6.720771e-09	1.751170e-08	4.740422e+01	1.147691e+03
1.720000e-06	6.704690e-09	1.752713e-08	4.729079e+01	1.147571e+03
1.730000e-06	6.686597e-09	1.745233e-08	4.716317e+01	1.147379e+03
1.740000e-06	6.665901e-09	1.738152e-08	4.701719e+01	1.147071e+03
1.750000e-06	6.641896e-09	1.743208e-08	4.684787e+01	1.146626e+03
1.760000e-06	6.614925e-09	1.744868e-08	4.665764e+01	1.146055e+03
1.770000e-06	6.585610e-09	1.747169e-08	4.645087e+01	1.145391e+03
1.780000e-06	6.554465e-09	1.755684e-08	4.623119e+01	1.144685e+03
1.790000e-06	6.521975e-09	1.743013e-08	4.600202e+01	1.143985e+03
1.800000e-06	6.487702e-09	1.737459e-08	4.576028e+01	1.143326e+03
1.810000e-06	6.450937e-09	1.746972e-08	4.550096e+01	1.142715e+03
1.820000e-06	6.411956e-09	1.734140e-08	4.522602e+01	1.142130e+03
1.830000e-06	6.370801e-09	1.739323e-08	4.493573e+01	1.141534e+03
1.840000e-06	6.327370e-09	1.739736e-08	4.462939e+01	1.140878e+03
1.850000e-06	6.281768e-09	1.732019e-08	4.430774e+01	1.140126e+03
1.860000e-06	6.233692e-09	1.743145e-08	4.396864e+01	1.139263e+03
1.870000e-06	6.183384e-09	1.734184e-08	4.361380e+01	1.138298e+03
1.880000e-06	6.130653e-09	1.735154e-08	4.324187e+01	1.137267e+03
1.890000e-06	6.075264e-09	1.732918e-08	4.285119e+01	1.136215e+03
1.900000e-06	6.017674e-09	1.724193e-08	4.244499e+01	1.135185e+03
1.910000e-06	5.957798e-09	1.732895e-08	4.202265e+01	1.134202e+03
1.920000e-06	5.895612e-09	1.727445e-08	4.158403e+01	1.133263e+03
1.930000e-06	5.831255e-09	1.728157e-08	4.113009e+01	1.132336e+03
1.940000e-06	5.764797e-09	1.725561e-08	4.066134e+01	1.131371e+03
1.950000e-06	5.696249e-09	1.723935e-08	4.017784e+01	1.130310e+03
1.960000e-06	5.625371e-09	1.726289e-08	3.967791e+01	1.129107e+03
1.970000e-06	5.552372e-09	1.715341e-08	3.916302e+01	1.127742e+03
1.980000e-06	5.477242e-09	1.716543e-08	3.863310e+01	1.126223e+03
1.990000e-06	5.399836e-09	1.711071e-08	3.808712e+01	1.124590e+03
2.000000e-06	5.320406e-09	1.711935e-08	3.752687e+01	1.122895e+03
2.010000e-06	5.239099e-09	1.713381e-08	3.695338e+01	1.121194e+03
2.020000e-06	5.156042e-09	1.707027e-08	3.636755e+01	1.119523e+03
2.030000e-06	5.071101e-09	1.705995e-08	3.576842e+01	1.117891e+03
2.040000e-06	4.984255e-09	1.699718e-08	3.515586e+01	1.116275e+03
2.050000e-06	4.895707e-09	1.700679e-08	3.453130e+01	1.114631e+03
2.060000e-06	4.805589e-09	1.695416e-08	3.389567e+01	1.112901e+03
2.070000e-06	4.713830e-09	1.691929e-08	3.324845e+01	1.111036e+03
2.080000e-06	4.620307e-09	1.689600e-08	3.258879e+01	1.109010e+03
2.090000e-06	4.525090e-09	1.687311e-08	3.191719e+01	1.106824e+03
2.100000e-06	4.428317e-09	1.686613e-08	3.123461e+01	1.104509e+03
2.110000e-06	4.330151e-09	1.679517e-08	3.054221e+01	1.102112e+03
2.120000e-06	4.230490e-09	1.675985e-08	2.983926e+01	1.099681e+03
2.130000e-06	4.129225e-09	1.671273e-08	2.912500e+01	1.097250e+03
2.140000e-06	4.026325e-09	1.669531e-08	2.839920e+01	1.094824e+03
2.150000e-06	3.921900e-09	1.665699e-08	2.766266e+01	1.092380e+03
2.160000e-06	3.816153e-09	1.660785e-08	2.691678e+01	1.089870e+03
2.170000e-06	3.709144e-09	1.656754e-08	2.616200e+01	1.087236e+03
2.180000e-06	3.600882e-09	1.652871e-08	2.539838e+01	1.084430e+03
2.190000e-06	3.491268e-09	1.649301e-08	2.462524e+01	1.081425e+03
2.200000e-06	3.380275e-09	1.643143e-08	2.384236e+01	1.078224e+03
2.210000e-06	3.267891e-09	1.637375e-08	2.304967e+01	1.074859e+03
2.220000e-06	3.154199e-09	1.632317e-08	2.224776e+01	1.071379e+03
2.230000e-06	3.039237e-09	1.628605e-08	2.143688e+01	1.067829e+03
2.240000e-06	2.923029e-09	1.623441e-08	2.061722e+01	1.064239e+03
2.250000e-06	2.805641e-09	1.617293e-08	1.978924e+01	1.060607e+03
2.260000e-06	2.687087e-09	1.610451e-08	1.895303e+01	1.056897e+03
2.270000e-06	2.567463e-09	1.605074e-08	1.810927e+01	1.053052e+03
2.280000e-06	2.446885e-09	1.599215e-08	1.725879e+01	1.049002e+03
2.290000e-06	2.325511e-09	1.592200e-08	1.640270e+01	1.044691e+03
2.300000e-06	2.203430e-09	1.584572e-08	1.554161e+01	1.040089e+03
2.310000e-06	2.080638e-09	1.577401e-08	1.467551e+01	1.035202e+03
2.320000e-06	1.957087e-09	1.570983e-08	1.380406e+01	1.030063e+03
2.330000e-06	1.832838e-09	1.563071e-08	1.292768e+01	1.024724e+03
2.340000e-06	1.707953e-09	1.554300e-08	1.204682e+01	1.019231e+03
2.350000e-06	1.582491e-09	1.544745e-08	1.116189e+01	1.013604e+03
2.360000e-06	1.456477e-09	1.536256e-08	1.027306e+01	1.007825e+03
2.370000e-06	1.329954e-09	1.527516e-08	9.380637e+00	1.001836e+03
2.380000e-06	1.202981e-09	1.517872e-08	8.485047e+00	9.955482e+02
2.390000e-06	1.075555e-09	1.506835e-08	7.586262e+00	9.888659e+02
2.400000e-06	9.477161e-10	1.495511e-08	6.684567e+00	9.817070e+02
2.410000e-06	8.195208e-10	1.484447e-08	5.780355e+00	9.740221e+02
2.420000e-06	6.910890e-10	1.472320e-08	4.874475e+00	9.657998e+02
2.430000e-06	5.624579e-10	1.458949e-08	3.967190e+00	9.570572e+02
2.440000e-06	4.336610e-10	1.444620e-08	3.058734e+00	9.478176e+02
2.450000e-06	3.047061e-10	1.430589e-08	2.149165e+00	9.380800e+02
2.460000e-06	1.756367e-10	1.416021e-08	1.238788e+00	9.277917e+02
2.470000e-06	4.651681e-11	1.399717e-08	3.280545e-01	9.168322e+02
2.480000e-06	-8.265740e-11	1.380925e-08	-5.830619e-01	9.050136e+02
2.490000e-06	-2.118255e-10	1.360461e-08	-1.494135e+00	8.920984e+02
2.500000e-06	-3.409409e-10	1.338739e-08	-2.404837e+00	8.778272e+02
2.510000e-06	-4.699658e-10	1.314879e-08	-3.314900e+00	8.619451e+02
2.520000e-06	-5.988839e-10	1.288057e-08	-4.224210e+00	8.442119e+02
2.530000e-06	-7.276564e-10	1.258099e-08	-5.132493e+00	8.243874e+02
2.540000e-06	-8.562062e-10	1.225210e-08	-6.039205e+00	8.021846e+02
2.550000e-06	-9.844719e-10	1.188484e-08	-6.943913e+00	7.771998e+02
2.560000e-06	-1.112388e-09	1.146189e-08	-7.846154e+00	7.488341e+02
2.570000e-06	-1.239879e-09	1.096542e-08	-8.745402e+00	7.162314e+02
2.580000e-06	-1.366887e-09	1.038442e-08	-9.641237e+00	6.782579e+02
2.590000e-06	-1.493361e-09	9.705040e-09	-1.053330e+01	6.335472e+02
2.600000e-06	-1.619252e-09	8.903445e-09	-1.142126e+01	5.806187e+02
2.610000e-06	-1.744527e-09	7.955213e-09	-1.230488e+01	5.180659e+02
2.620000e-06	-1.869149e-09	6.844630e-09	-1.318388e+01	4.447905e+02
2.630000e-06	-1.993019e-09	5.568986e-09	-1.405759e+01	3.602451e+02
2.640000e-06	-2.116052e-09	4.131819e-09	-1.492539e+01	2.646388e+02
2.650000e-06	-2.238255e-09	2.540925e-09	-1.578733e+01	1.590624e+02
2.660000e-06	-2.359664e-09	8.182154e-10	-1.664367e+01	4.550036e+01
2.670000e-06	-2.480262e-09	-9.963218e-10	-1.749430e+01	-7.328512e+01
2.680000e-06	-2.599950e-09	-2.848153e-09	-1.833851e+01	-1.939869e+02
2.690000e-06	-2.718590e-09	-4.680440e-09	-1.917532e+01	-3.130717e+02
2.700000e-06	-2.836115e-09	-6.440498e-09	-2.000427e+01	-4.271353e+02
2.710000e-06	-2.952498e-09	-8.079949e-09	-2.082516e+01	-5.332384e+02
2.720000e-06	-3.067682e-09	-9.556245e-09	-2.163760e+01	-6.291706e+02
2.730000e-06	-3.181603e-09	-1.084611e-08	-2.244113e+01	-7.136034e+02
2.740000e-06	-3.294199e-09	-1.194958e-08	-2.323531e+01	-7.861157e+02
2.750000e-06	-3.405451e-09	-1.288166e-08	-2.402002e+01	-8.470978e+02
2.760000e-06	-3.515385e-09	-1.366146e-08	-2.479542e+01	-8.975621e+02
2.770000e-06	-3.624103e-09	-1.430723e-08	-2.556225e+01	-9.389027e+02
2.780000e-06	-3.731707e-09	-1.483891e-08	-2.632122e+01	-9.726499e+02
2.790000e-06	-3.838173e-09	-1.527609e-08	-2.707217e+01	-1.000263e+03
2.800000e-06	-3.943391e-09	-1.563660e-08	-2.781432e+01	-1.022990e+03
2.810000e-06	-4.047219e-09	-1.592970e-08	-2.854665e+01	-1.041802e+03
2.820000e-06	-4.149502e-09	-1.616312e-08	-2.926810e+01	-1.057403e+03
2.830000e-06	-4.250181e-09	-1.634863e-08	-2.997822e+01	-1.070287e+03
2.840000e-06	-4.349345e-09	-1.650033e-08	-3.067767e+01	-1.080819e+03
2.850000e-06	-4.447076e-09	-1.662781e-08	-3.136700e+01	-1.089313e+03
2.860000e-06	-4.543329e-09	-1.673417e-08	-3.204591e+01	-1.096088e+03
2.870000e-06	-4.637939e-09	-1.682135e-08	-3.271323e+01	-1.101484e+03
2.880000e-06	-4.730796e-09	-1.689485e-08	-3.336818e+01	-1.105851e+03
2.890000e-06	-4.821982e-09	-1.695949e-08	-3.401136e+01	-1.109520e+03
2.900000e-06	-4.911536e-09	-1.701466e-08	-3.464301e+01	-1.112760e+03
2.910000e-06	-4.999325e-09	-1.705984e-08	-3.526223e+01	-1.115750e+03
2.920000e-06	-5.085192e-09	-1.709655e-08	-3.586788e+01	-1.118573e+03
2.930000e-06	-5.169139e-09	-1.713000e-08	-3.645999e+01	-1.121227e+03
2.940000e-06	-5.251303e-09	-1.716237e-08	-3.703952e+01	-1.123661e+03
2.950000e-06	-5.331691e-09	-1.719210e-08	-3.760653e+01	-1.125809e+03
2.960000e-06	-5.410088e-09	-1.721764e-08	-3.815949e+01	-1.127631e+03
2.970000e-06	-5.486276e-09	-1.724078e-08	-3.869687e+01	-1.129134e+03
2.980000e-06	-5.560298e-09	-1.726414e-08	-3.921898e+01	-1.130377e+03
2.990000e-06	-5.632309e-09	-1.728682e-08	-3.972690e+01	-1.131455e+03
3.000000e-06	-5.702242e-09	-1.730618e-08	-4.022016e+01	-1.132472e+03
3.010000e-06	-5.770025e-09	-1.732149e-08	-4.069827e+01	-1.133515e+03
3.020000e-06	-5.835789e-09	-1.733536e-08	-4.116212e+01	-1.134631e+03
3.030000e-06	-5.899611e-09	-1.734995e-08	-4.161228e+01	-1.135813e+03
3.040000e-06	-5.961311e-09	-1.736388e-08	-4.204748e+01	-1.137015e+03
3.050000e-06	-6.020786e-09	-1.737576e-08	-4.246698e+01	-1.138166e+03
3.060000e-06	-6.078152e-09	-1.738725e-08	-4.287160e+01	-1.139196e+03
3.070000e-06	-6.133447e-09	-1.739990e-08	-4.326162e+01	-1.140058e+03
3.080000e-06	-6.186414e-09	-1.741214e-08	-4.363521e+01	-1.140747e+03
3.090000e-06	-6.236829e-09	-1.742226e-08	-4.399081e+01	-1.141296e+03
3.100000e-06	-6.284657e-09	-1.743147e-08	-4.432815e+01	-1.141766e+03
3.110000e-06	-6.330150e-09	-1.743954e-08	-4.464904e+01	-1.142227e+03
3.120000e-06	-6.373688e-09	-1.744719e-08	-4.495612e+01	-1.142735e+03
3.130000e-06	-6.415206e-09	-1.745506e-08	-4.524897e+01	-1.143315e+03
3.140000e-06	-6.454556e-09	-1.746257e-08	-4.552652e+01	-1.143953e+03
3.150000e-06	-6.491565e-09	-1.746836e-08	-4.578756e+01	-1.144608e+03
3.160000e-06	-6.526234e-09	-1.747436e-08	-4.603209e+01	-1.145218e+03
3.170000e-06	-6.558670e-09	-1.747952e-08	-4.626087e+01	-1.145726e+03
3.180000e-06	-6.588673e-09	-1.748387e-08	-4.647249e+01	-1.146098e+03
3.190000e-06	-6.616219e-09	-1.748771e-08	-4.666679e+01	-1.146331e+03
3.200000e-06	-6.641472e-09	-1.749093e-08	-4.684491e+01	-1.146455e+03
3.210000e-06	-6.664353e-09	-1.749398e-08	-4.700629e+01	-1.146522e+03
3.220000e-06	-6.684756e-09	-1.749666e-08	-4.715020e+01	-1.146591e+03
3.230000e-06	-6.702818e-09	-1.749910e-08	-4.727760e+01	-1.146707e+03
3.240000e-06	-6.718554e-09	-1.750072e-08	-4.738859e+01	-1.146887e+03
3.250000e-06	-6.731620e-09	-1.750086e-08	-4.748075e+01	-1.147120e+03
3.260000e-06	-6.742008e-09	-1.749947e-08	-4.755401e+01	-1.147364e+03
3.270000e-06	-6.749999e-09	-1.749773e-08	-4.761038e+01	-1.147566e+03
3.280000e-06	-6.755514e-09	-1.749523e-08	-4.764928e+01	-1.147676e+03
3.290000e-06	-6.758602e-09	-1.749444e-08	-4.767106e+01	-1.147666e+03
3.300000e-06	-6.759468e-09	-1.749396e-08	-4.767717e+01	-1.147534e+03
