# Temperatura_=_58.767435897435895
# Concentracion g/m^3_=_16500.0
# C_Vs_to_Am_M_A/Vsm_=_65563218390.804596
# pendiente_HvsI_1/m_=_3716.3
# ordenada_HvsI_A/m_=_1297.0
# frecuencia_Hz_=_302554.53968350694
# Promedio de 39 ciclos

Tiempo_(s)	Campo_(V.s)	Magnetizacion_(V.s)	Campo_(kA/m)	Magnetizacion_(A/m)
0.000000e+00	-8.077084e-09	-1.839388e-08	-5.683094e+01	-1.203564e+03
1.000000e-08	-8.073455e-09	-1.839670e-08	-5.680541e+01	-1.203793e+03
2.000000e-08	-8.067201e-09	-1.839025e-08	-5.676140e+01	-1.204174e+03
3.000000e-08	-8.058351e-09	-1.838233e-08	-5.669913e+01	-1.204536e+03
4.000000e-08	-8.046656e-09	-1.837625e-08	-5.661684e+01	-1.204706e+03
5.000000e-08	-8.032006e-09	-1.837002e-08	-5.651376e+01	-1.204561e+03
6.000000e-08	-8.014496e-09	-1.836327e-08	-5.639056e+01	-1.204073e+03
7.000000e-08	-7.994547e-09	-1.835298e-08	-5.625020e+01	-1.203311e+03
8.000000e-08	-7.972201e-09	-1.837082e-08	-5.609297e+01	-1.202424e+03
9.000000e-08	-7.946803e-09	-1.842417e-08	-5.591427e+01	-1.201589e+03
1.000000e-07	-7.918098e-09	-1.840342e-08	-5.571230e+01	-1.200958e+03
1.100000e-07	-7.886405e-09	-1.834445e-08	-5.548931e+01	-1.200611e+03
1.200000e-07	-7.851840e-09	-1.832811e-08	-5.524610e+01	-1.200527e+03
1.300000e-07	-7.814627e-09	-1.831246e-08	-5.498426e+01	-1.200595e+03
1.400000e-07	-7.775191e-09	-1.826408e-08	-5.470679e+01	-1.200646e+03
1.500000e-07	-7.733470e-09	-1.824524e-08	-5.441324e+01	-1.200504e+03
1.600000e-07	-7.689086e-09	-1.832380e-08	-5.410095e+01	-1.200047e+03
1.700000e-07	-7.641984e-09	-1.827306e-08	-5.376954e+01	-1.199236e+03
1.800000e-07	-7.592127e-09	-1.827176e-08	-5.341874e+01	-1.198131e+03
1.900000e-07	-7.539204e-09	-1.832701e-08	-5.304637e+01	-1.196869e+03
2.000000e-07	-7.483422e-09	-1.823412e-08	-5.265388e+01	-1.195618e+03
2.100000e-07	-7.424945e-09	-1.821570e-08	-5.224243e+01	-1.194526e+03
2.200000e-07	-7.363758e-09	-1.817073e-08	-5.181192e+01	-1.193671e+03
2.300000e-07	-7.299951e-09	-1.817240e-08	-5.136297e+01	-1.193038e+03
2.400000e-07	-7.233298e-09	-1.818762e-08	-5.089399e+01	-1.192524e+03
2.500000e-07	-7.163869e-09	-1.814932e-08	-5.040548e+01	-1.191971e+03
2.600000e-07	-7.091725e-09	-1.816774e-08	-4.989787e+01	-1.191217e+03
2.700000e-07	-7.016741e-09	-1.814854e-08	-4.937028e+01	-1.190150e+03
2.800000e-07	-6.938975e-09	-1.813149e-08	-4.882311e+01	-1.188741e+03
2.900000e-07	-6.858434e-09	-1.807646e-08	-4.825642e+01	-1.187059e+03
3.000000e-07	-6.775311e-09	-1.804837e-08	-4.767156e+01	-1.185245e+03
3.100000e-07	-6.689871e-09	-1.803849e-08	-4.707040e+01	-1.183467e+03
3.200000e-07	-6.602121e-09	-1.801511e-08	-4.645298e+01	-1.181870e+03
3.300000e-07	-6.511966e-09	-1.803454e-08	-4.581865e+01	-1.180522e+03
3.400000e-07	-6.419434e-09	-1.800065e-08	-4.516759e+01	-1.179395e+03
3.500000e-07	-6.324616e-09	-1.796420e-08	-4.450043e+01	-1.178370e+03
3.600000e-07	-6.227490e-09	-1.793533e-08	-4.381705e+01	-1.177274e+03
3.700000e-07	-6.128058e-09	-1.790574e-08	-4.311744e+01	-1.175934e+03
3.800000e-07	-6.026424e-09	-1.787258e-08	-4.240233e+01	-1.174232e+03
3.900000e-07	-5.922628e-09	-1.783539e-08	-4.167202e+01	-1.172146e+03
4.000000e-07	-5.816703e-09	-1.782136e-08	-4.092673e+01	-1.169753e+03
4.100000e-07	-5.708739e-09	-1.780280e-08	-4.016708e+01	-1.167213e+03
4.200000e-07	-5.598811e-09	-1.778330e-08	-3.939362e+01	-1.164711e+03
4.300000e-07	-5.486870e-09	-1.773920e-08	-3.860599e+01	-1.162402e+03
4.400000e-07	-5.372814e-09	-1.769097e-08	-3.780349e+01	-1.160356e+03
4.500000e-07	-5.256643e-09	-1.765387e-08	-3.698610e+01	-1.158534e+03
4.600000e-07	-5.138450e-09	-1.762202e-08	-3.615449e+01	-1.156795e+03
4.700000e-07	-5.018392e-09	-1.758471e-08	-3.530975e+01	-1.154938e+03
4.800000e-07	-4.896570e-09	-1.754347e-08	-3.445260e+01	-1.152766e+03
4.900000e-07	-4.772969e-09	-1.750664e-08	-3.358294e+01	-1.150145e+03
5.000000e-07	-4.647607e-09	-1.746942e-08	-3.270088e+01	-1.147052e+03
5.100000e-07	-4.520550e-09	-1.742821e-08	-3.180690e+01	-1.143580e+03
5.200000e-07	-4.391840e-09	-1.737418e-08	-3.090129e+01	-1.139913e+03
5.300000e-07	-4.261520e-09	-1.731812e-08	-2.998435e+01	-1.136269e+03
5.400000e-07	-4.129594e-09	-1.726502e-08	-2.905611e+01	-1.132825e+03
5.500000e-07	-3.996133e-09	-1.721856e-08	-2.811706e+01	-1.129657e+03
5.600000e-07	-3.861172e-09	-1.716506e-08	-2.716747e+01	-1.126713e+03
5.700000e-07	-3.724706e-09	-1.710617e-08	-2.620728e+01	-1.123819e+03
5.800000e-07	-3.586778e-09	-1.704749e-08	-2.523681e+01	-1.120728e+03
5.900000e-07	-3.447377e-09	-1.699073e-08	-2.425598e+01	-1.117199e+03
6.000000e-07	-3.306507e-09	-1.693055e-08	-2.326481e+01	-1.113070e+03
6.100000e-07	-3.164280e-09	-1.685979e-08	-2.226408e+01	-1.108311e+03
6.200000e-07	-3.020812e-09	-1.678698e-08	-2.125464e+01	-1.103039e+03
6.300000e-07	-2.876198e-09	-1.671327e-08	-2.023713e+01	-1.097481e+03
6.400000e-07	-2.730516e-09	-1.664089e-08	-1.921209e+01	-1.091901e+03
6.500000e-07	-2.583853e-09	-1.656161e-08	-1.818016e+01	-1.086511e+03
6.600000e-07	-2.436330e-09	-1.647519e-08	-1.714218e+01	-1.081392e+03
6.700000e-07	-2.288039e-09	-1.638493e-08	-1.609879e+01	-1.076455e+03
6.800000e-07	-2.139029e-09	-1.629423e-08	-1.505035e+01	-1.071455e+03
6.900000e-07	-1.989327e-09	-1.620050e-08	-1.399703e+01	-1.066054e+03
7.000000e-07	-1.838957e-09	-1.609671e-08	-1.293901e+01	-1.059923e+03
7.100000e-07	-1.687961e-09	-1.598558e-08	-1.187660e+01	-1.052840e+03
7.200000e-07	-1.536391e-09	-1.587096e-08	-1.081014e+01	-1.044769e+03
7.300000e-07	-1.384313e-09	-1.575379e-08	-9.740110e+00	-1.035871e+03
7.400000e-07	-1.231783e-09	-1.562630e-08	-8.666897e+00	-1.026456e+03
7.500000e-07	-1.078821e-09	-1.548915e-08	-7.590644e+00	-1.016879e+03
7.600000e-07	-9.254632e-10	-1.534393e-08	-6.511609e+00	-1.007402e+03
7.700000e-07	-7.717693e-10	-1.519303e-08	-5.430209e+00	-9.980814e+02
7.800000e-07	-6.178022e-10	-1.503206e-08	-4.346885e+00	-9.886993e+02
7.900000e-07	-4.636199e-10	-1.485377e-08	-3.262047e+00	-9.787811e+02
8.000000e-07	-3.092598e-10	-1.465852e-08	-2.175959e+00	-9.676902e+02
8.100000e-07	-1.547470e-10	-1.444956e-08	-1.088796e+00	-9.547818e+02
8.200000e-07	-1.460291e-13	-1.422667e-08	-1.013383e-03	-9.395658e+02
8.300000e-07	1.544850e-10	-1.398139e-08	1.086981e+00	-9.218247e+02
8.400000e-07	3.091099e-10	-1.370318e-08	2.174933e+00	-9.016350e+02
8.500000e-07	4.636568e-10	-1.338697e-08	3.262336e+00	-8.792661e+02
8.600000e-07	6.180397e-10	-1.302652e-08	4.348585e+00	-8.549643e+02
8.700000e-07	7.722139e-10	-1.261098e-08	5.433365e+00	-8.286654e+02
8.800000e-07	9.261683e-10	-1.213077e-08	6.516599e+00	-7.997101e+02
8.900000e-07	1.079835e-09	-1.157745e-08	7.597810e+00	-7.666483e+02
9.000000e-07	1.233110e-09	-1.093707e-08	8.676259e+00	-7.272088e+02
9.100000e-07	1.385934e-09	-1.017881e-08	9.751545e+00	-6.784802e+02
9.200000e-07	1.538267e-09	-9.259018e-09	1.082337e+01	-6.173004e+02
9.300000e-07	1.690062e-09	-8.123508e-09	1.189140e+01	-5.408017e+02
9.400000e-07	1.841246e-09	-6.728072e-09	1.295515e+01	-4.470143e+02
9.500000e-07	1.991727e-09	-5.045364e-09	1.401394e+01	-3.354038e+02
9.600000e-07	2.141451e-09	-3.077143e-09	1.506741e+01	-2.072256e+02
9.700000e-07	2.290395e-09	-8.771026e-10	1.611540e+01	-6.560387e+01
9.800000e-07	2.438519e-09	1.453889e-09	1.715761e+01	8.469915e+01
9.900000e-07	2.585768e-09	3.800296e-09	1.819366e+01	2.378003e+02
1.000000e-06	2.732061e-09	6.061590e-09	1.922299e+01	3.874110e+02
1.010000e-06	2.877335e-09	8.157525e-09	2.024515e+01	5.276248e+02
1.020000e-06	3.021517e-09	1.003464e-08	2.125962e+01	6.536337e+02
1.030000e-06	3.164501e-09	1.164858e-08	2.226567e+01	7.622472e+02
1.040000e-06	3.306202e-09	1.297114e-08	2.326269e+01	8.521292e+02
1.050000e-06	3.446552e-09	1.401982e-08	2.425019e+01	9.237289e+02
1.060000e-06	3.585536e-09	1.484468e-08	2.522810e+01	9.789421e+02
1.070000e-06	3.723176e-09	1.549086e-08	2.619654e+01	1.020592e+03
1.080000e-06	3.859448e-09	1.599253e-08	2.715536e+01	1.051847e+03
1.090000e-06	3.994298e-09	1.637910e-08	2.810418e+01	1.075690e+03
1.100000e-06	4.127731e-09	1.667545e-08	2.904302e+01	1.094536e+03
1.110000e-06	4.259691e-09	1.690644e-08	2.997150e+01	1.110052e+03
1.120000e-06	4.390114e-09	1.708935e-08	3.088917e+01	1.123168e+03
1.130000e-06	4.519029e-09	1.723329e-08	3.179622e+01	1.134246e+03
1.140000e-06	4.646378e-09	1.734550e-08	3.269226e+01	1.143332e+03
1.150000e-06	4.772143e-09	1.743687e-08	3.357715e+01	1.150409e+03
1.160000e-06	4.896280e-09	1.751550e-08	3.445058e+01	1.155585e+03
1.170000e-06	5.018678e-09	1.758360e-08	3.531179e+01	1.159177e+03
1.180000e-06	5.139286e-09	1.764081e-08	3.616039e+01	1.161685e+03
1.190000e-06	5.258008e-09	1.768899e-08	3.699573e+01	1.163695e+03
1.200000e-06	5.374740e-09	1.773194e-08	3.781706e+01	1.165732e+03
1.210000e-06	5.489396e-09	1.777258e-08	3.862379e+01	1.168143e+03
1.220000e-06	5.601924e-09	1.781036e-08	3.941555e+01	1.171032e+03
1.230000e-06	5.712410e-09	1.784347e-08	4.019293e+01	1.174260e+03
1.240000e-06	5.820914e-09	1.787540e-08	4.095638e+01	1.177530e+03
1.250000e-06	5.927323e-09	1.790868e-08	4.170508e+01	1.180495e+03
1.260000e-06	6.031526e-09	1.794174e-08	4.243826e+01	1.182882e+03
1.270000e-06	6.133522e-09	1.797154e-08	4.315591e+01	1.184576e+03
1.280000e-06	6.233235e-09	1.799715e-08	4.385749e+01	1.185653e+03
1.290000e-06	6.330554e-09	1.802060e-08	4.454224e+01	1.186345e+03
1.300000e-06	6.425554e-09	1.804381e-08	4.521066e+01	1.186962e+03
1.310000e-06	6.518316e-09	1.806651e-08	4.586334e+01	1.187794e+03
1.320000e-06	6.608760e-09	1.808592e-08	4.649971e+01	1.189022e+03
1.330000e-06	6.696789e-09	1.810346e-08	4.711909e+01	1.190668e+03
1.340000e-06	6.782491e-09	1.812361e-08	4.772210e+01	1.192597e+03
1.350000e-06	6.865856e-09	1.814601e-08	4.830866e+01	1.194570e+03
1.360000e-06	6.946709e-09	1.816697e-08	4.887754e+01	1.196325e+03
1.370000e-06	7.025011e-09	1.818378e-08	4.942848e+01	1.197658e+03
1.380000e-06	7.100688e-09	1.819859e-08	4.996096e+01	1.198490e+03
1.390000e-06	7.173677e-09	1.821326e-08	5.047451e+01	1.198886e+03
1.400000e-06	7.244122e-09	1.822828e-08	5.097016e+01	1.199031e+03
1.410000e-06	7.312034e-09	1.824050e-08	5.144800e+01	1.199166e+03
1.420000e-06	7.377281e-09	1.825135e-08	5.190708e+01	1.199515e+03
1.430000e-06	7.439956e-09	1.826464e-08	5.234806e+01	1.200211e+03
1.440000e-06	7.500148e-09	1.827969e-08	5.277158e+01	1.201262e+03
1.450000e-06	7.557687e-09	1.829375e-08	5.317643e+01	1.202550e+03
1.460000e-06	7.612499e-09	1.830440e-08	5.356209e+01	1.203872e+03
1.470000e-06	7.664329e-09	1.831327e-08	5.392677e+01	1.205008e+03
1.480000e-06	7.713022e-09	1.832164e-08	5.426937e+01	1.205788e+03
1.490000e-06	7.758917e-09	1.833032e-08	5.459230e+01	1.206147e+03
1.500000e-06	7.802099e-09	1.833846e-08	5.489613e+01	1.206139e+03
1.510000e-06	7.842433e-09	1.834593e-08	5.517992e+01	1.205923e+03
1.520000e-06	7.880035e-09	1.835293e-08	5.544449e+01	1.205706e+03
1.530000e-06	7.914883e-09	1.836115e-08	5.568968e+01	1.205679e+03
1.540000e-06	7.946852e-09	1.836932e-08	5.591462e+01	1.205958e+03
1.550000e-06	7.976070e-09	1.837393e-08	5.612020e+01	1.206548e+03
1.560000e-06	8.002405e-09	1.837709e-08	5.630550e+01	1.207346e+03
1.570000e-06	8.025748e-09	1.838128e-08	5.646973e+01	1.208173e+03
1.580000e-06	8.046341e-09	1.838745e-08	5.661463e+01	1.208834e+03
1.590000e-06	8.064098e-09	1.839233e-08	5.673957e+01	1.209178e+03
1.600000e-06	8.078814e-09	1.839493e-08	5.684311e+01	1.209145e+03
1.610000e-06	8.090356e-09	1.839835e-08	5.692432e+01	1.208782e+03
1.620000e-06	8.098746e-09	1.840134e-08	5.698335e+01	1.208230e+03
1.630000e-06	8.104298e-09	1.840480e-08	5.702242e+01	1.207675e+03
1.640000e-06	8.106983e-09	1.840484e-08	5.704131e+01	1.207288e+03
1.650000e-06	8.106784e-09	1.840269e-08	5.703991e+01	1.207176e+03
1.660000e-06	8.103928e-09	1.839537e-08	5.701981e+01	1.207346e+03
1.670000e-06	8.098320e-09	1.839094e-08	5.698035e+01	1.207705e+03
1.680000e-06	8.089955e-09	1.839173e-08	5.692149e+01	1.208089e+03
1.690000e-06	8.078866e-09	1.838991e-08	5.684347e+01	1.208321e+03
1.700000e-06	8.064879e-09	1.839014e-08	5.674506e+01	1.208262e+03
1.710000e-06	8.048274e-09	1.839504e-08	5.662823e+01	1.207857e+03
1.720000e-06	8.029384e-09	1.840325e-08	5.649532e+01	1.207152e+03
1.730000e-06	8.007925e-09	1.835381e-08	5.634433e+01	1.206280e+03
1.740000e-06	7.983281e-09	1.829102e-08	5.617093e+01	1.205415e+03
1.750000e-06	7.954873e-09	1.832780e-08	5.597105e+01	1.204723e+03
1.760000e-06	7.922894e-09	1.835081e-08	5.574604e+01	1.204303e+03
1.770000e-06	7.888299e-09	1.834275e-08	5.550263e+01	1.204161e+03
1.780000e-06	7.851364e-09	1.838674e-08	5.524275e+01	1.204206e+03
1.790000e-06	7.812224e-09	1.841070e-08	5.496736e+01	1.204277e+03
1.800000e-06	7.771215e-09	1.830213e-08	5.467882e+01	1.204198e+03
1.810000e-06	7.727791e-09	1.833087e-08	5.437328e+01	1.203828e+03
1.820000e-06	7.681533e-09	1.835479e-08	5.404781e+01	1.203103e+03
1.830000e-06	7.632541e-09	1.827707e-08	5.370309e+01	1.202062e+03
1.840000e-06	7.580310e-09	1.834656e-08	5.333560e+01	1.200824e+03
1.850000e-06	7.525037e-09	1.828221e-08	5.294669e+01	1.199555e+03
1.860000e-06	7.467147e-09	1.832440e-08	5.253937e+01	1.198412e+03
1.870000e-06	7.406562e-09	1.832410e-08	5.211309e+01	1.197496e+03
1.880000e-06	7.343352e-09	1.826056e-08	5.166834e+01	1.196814e+03
1.890000e-06	7.277278e-09	1.830367e-08	5.120344e+01	1.196284e+03
1.900000e-06	7.208392e-09	1.820006e-08	5.071875e+01	1.195756e+03
1.910000e-06	7.136642e-09	1.822767e-08	5.021391e+01	1.195066e+03
1.920000e-06	7.062067e-09	1.819768e-08	4.968920e+01	1.194083e+03
1.930000e-06	6.984734e-09	1.818589e-08	4.914508e+01	1.192758e+03
1.940000e-06	6.904663e-09	1.820471e-08	4.858169e+01	1.191133e+03
1.950000e-06	6.822182e-09	1.815145e-08	4.800135e+01	1.189336e+03
1.960000e-06	6.737170e-09	1.818699e-08	4.740320e+01	1.187534e+03
1.970000e-06	6.649619e-09	1.809181e-08	4.678718e+01	1.185882e+03
1.980000e-06	6.559696e-09	1.807497e-08	4.615448e+01	1.184470e+03
1.990000e-06	6.467485e-09	1.805683e-08	4.550568e+01	1.183296e+03
2.000000e-06	6.372972e-09	1.803649e-08	4.484067e+01	1.182261e+03
2.010000e-06	6.276150e-09	1.804950e-08	4.415943e+01	1.181200e+03
2.020000e-06	6.177151e-09	1.799633e-08	4.346287e+01	1.179935e+03
2.030000e-06	6.075887e-09	1.798836e-08	4.275037e+01	1.178330e+03
2.040000e-06	5.972428e-09	1.793672e-08	4.202242e+01	1.176337e+03
2.050000e-06	5.866906e-09	1.791841e-08	4.127996e+01	1.174008e+03
2.060000e-06	5.759425e-09	1.787809e-08	4.052372e+01	1.171488e+03
2.070000e-06	5.649913e-09	1.784693e-08	3.975318e+01	1.168960e+03
2.080000e-06	5.538282e-09	1.782905e-08	3.896773e+01	1.166592e+03
2.090000e-06	5.424571e-09	1.780398e-08	3.816766e+01	1.164480e+03
2.100000e-06	5.308756e-09	1.777707e-08	3.735277e+01	1.162612e+03
2.110000e-06	5.190930e-09	1.772400e-08	3.652374e+01	1.160869e+03
2.120000e-06	5.071150e-09	1.768054e-08	3.568096e+01	1.159062e+03
2.130000e-06	4.949566e-09	1.763668e-08	3.482549e+01	1.156985e+03
2.140000e-06	4.826204e-09	1.761141e-08	3.395750e+01	1.154483e+03
2.150000e-06	4.701061e-09	1.756677e-08	3.307699e+01	1.151504e+03
2.160000e-06	4.574159e-09	1.753200e-08	3.218410e+01	1.148112e+03
2.170000e-06	4.445592e-09	1.748778e-08	3.127949e+01	1.144474e+03
2.180000e-06	4.315463e-09	1.745375e-08	3.036389e+01	1.140805e+03
2.190000e-06	4.183769e-09	1.740156e-08	2.943728e+01	1.137298e+03
2.200000e-06	4.050531e-09	1.734288e-08	2.849981e+01	1.134062e+03
2.210000e-06	3.915745e-09	1.728219e-08	2.755145e+01	1.131074e+03
2.220000e-06	3.779408e-09	1.722632e-08	2.659217e+01	1.128189e+03
2.230000e-06	3.641573e-09	1.718162e-08	2.562235e+01	1.125171e+03
2.240000e-06	3.502371e-09	1.712136e-08	2.464292e+01	1.121772e+03
2.250000e-06	3.361837e-09	1.706593e-08	2.365411e+01	1.117801e+03
2.260000e-06	3.220018e-09	1.699613e-08	2.265626e+01	1.113195e+03
2.270000e-06	3.076913e-09	1.693859e-08	2.164936e+01	1.108033e+03
2.280000e-06	2.932656e-09	1.686434e-08	2.063436e+01	1.102522e+03
2.290000e-06	2.787371e-09	1.678693e-08	1.961213e+01	1.096924e+03
2.300000e-06	2.641116e-09	1.670068e-08	1.858307e+01	1.091473e+03
2.310000e-06	2.493948e-09	1.662006e-08	1.754758e+01	1.086288e+03
2.320000e-06	2.345937e-09	1.654185e-08	1.650617e+01	1.081323e+03
2.330000e-06	2.197152e-09	1.645339e-08	1.545930e+01	1.076368e+03
2.340000e-06	2.047606e-09	1.636208e-08	1.440709e+01	1.071101e+03
2.350000e-06	1.897394e-09	1.626022e-08	1.335018e+01	1.065179e+03
2.360000e-06	1.746555e-09	1.616304e-08	1.228887e+01	1.058345e+03
2.370000e-06	1.595189e-09	1.605291e-08	1.122385e+01	1.050514e+03
2.380000e-06	1.443301e-09	1.593567e-08	1.015515e+01	1.041798e+03
2.390000e-06	1.290908e-09	1.580573e-08	9.082911e+00	1.032479e+03
2.400000e-06	1.138069e-09	1.567553e-08	8.007521e+00	1.022912e+03
2.410000e-06	9.848264e-10	1.554099e-08	6.929295e+00	1.013395e+03
2.420000e-06	8.312481e-10	1.539591e-08	5.848707e+00	1.004045e+03
2.430000e-06	6.773827e-10	1.523890e-08	4.766098e+00	9.947137e+02
2.440000e-06	5.232880e-10	1.507037e-08	3.681876e+00	9.849853e+02
2.450000e-06	3.689767e-10	1.489167e-08	2.596131e+00	9.742508e+02
2.460000e-06	2.144998e-10	1.469348e-08	1.509221e+00	9.618514e+02
2.470000e-06	5.991594e-11	1.447381e-08	4.215578e-01	9.472448e+02
2.480000e-06	-9.471688e-11	1.422869e-08	-6.664496e-01	9.301387e+02
2.490000e-06	-2.493289e-10	1.396160e-08	-1.754311e+00	9.105406e+02
2.500000e-06	-4.038624e-10	1.366328e-08	-2.841620e+00	8.886880e+02
2.510000e-06	-5.582765e-10	1.332405e-08	-3.928088e+00	8.648583e+02
2.520000e-06	-7.125091e-10	1.292809e-08	-5.013280e+00	8.390930e+02
2.530000e-06	-8.665082e-10	1.247294e-08	-6.096829e+00	8.109050e+02
2.540000e-06	-1.020213e-09	1.195289e-08	-7.178304e+00	7.790522e+02
2.550000e-06	-1.173530e-09	1.134986e-08	-8.257060e+00	7.414603e+02
2.560000e-06	-1.326383e-09	1.063253e-08	-9.332540e+00	6.953492e+02
2.570000e-06	-1.478727e-09	9.765213e-09	-1.040445e+01	6.375729e+02
2.580000e-06	-1.630521e-09	8.708110e-09	-1.147248e+01	5.651340e+02
2.590000e-06	-1.781704e-09	7.412100e-09	-1.253621e+01	4.757829e+02
2.600000e-06	-1.932228e-09	5.836124e-09	-1.359531e+01	3.685843e+02
2.610000e-06	-2.082023e-09	3.960429e-09	-1.464928e+01	2.443266e+02
2.620000e-06	-2.231033e-09	1.817395e-09	-1.569773e+01	1.056766e+02
2.630000e-06	-2.379232e-09	-5.112869e-10	-1.674046e+01	-4.297484e+01
2.640000e-06	-2.526549e-09	-2.906207e-09	-1.777699e+01	-1.959634e+02
2.650000e-06	-2.672887e-09	-5.249803e-09	-1.880664e+01	-3.470286e+02
2.660000e-06	-2.818217e-09	-7.449483e-09	-1.982919e+01	-4.900959e+02
2.670000e-06	-2.962482e-09	-9.438814e-09	-2.084425e+01	-6.200246e+02
2.680000e-06	-3.105576e-09	-1.116611e-08	-2.185107e+01	-7.331857e+02
2.690000e-06	-3.247444e-09	-1.259990e-08	-2.284926e+01	-8.277741e+02
2.700000e-06	-3.388075e-09	-1.375229e-08	-2.383875e+01	-9.038151e+02
2.710000e-06	-3.527428e-09	-1.466253e-08	-2.481924e+01	-9.628865e+02
2.720000e-06	-3.665435e-09	-1.537213e-08	-2.579027e+01	-1.007634e+03
2.730000e-06	-3.802066e-09	-1.592156e-08	-2.675162e+01	-1.041193e+03
2.740000e-06	-3.937260e-09	-1.634805e-08	-2.770285e+01	-1.066635e+03
2.750000e-06	-4.071003e-09	-1.667733e-08	-2.864388e+01	-1.086544e+03
2.760000e-06	-4.203327e-09	-1.693003e-08	-2.957492e+01	-1.102778e+03
2.770000e-06	-4.334175e-09	-1.712488e-08	-3.049557e+01	-1.116441e+03
2.780000e-06	-4.463546e-09	-1.727908e-08	-3.140584e+01	-1.128016e+03
2.790000e-06	-4.591396e-09	-1.740398e-08	-3.230540e+01	-1.137603e+03
2.800000e-06	-4.717619e-09	-1.750519e-08	-3.319352e+01	-1.145180e+03
2.810000e-06	-4.842217e-09	-1.758741e-08	-3.407020e+01	-1.150810e+03
2.820000e-06	-4.965105e-09	-1.765471e-08	-3.493485e+01	-1.154756e+03
2.830000e-06	-5.086216e-09	-1.771261e-08	-3.578699e+01	-1.157482e+03
2.840000e-06	-5.205466e-09	-1.776424e-08	-3.662604e+01	-1.159562e+03
2.850000e-06	-5.322690e-09	-1.781107e-08	-3.745084e+01	-1.161551e+03
2.860000e-06	-5.437742e-09	-1.785402e-08	-3.826035e+01	-1.163849e+03
2.870000e-06	-5.550532e-09	-1.789362e-08	-3.905395e+01	-1.166622e+03
2.880000e-06	-5.661142e-09	-1.793086e-08	-3.983221e+01	-1.169789e+03
2.890000e-06	-5.769700e-09	-1.796623e-08	-4.059603e+01	-1.173081e+03
2.900000e-06	-5.876292e-09	-1.799871e-08	-4.134602e+01	-1.176153e+03
2.910000e-06	-5.980858e-09	-1.802756e-08	-4.208175e+01	-1.178702e+03
2.920000e-06	-6.083199e-09	-1.805407e-08	-4.280183e+01	-1.180569e+03
2.930000e-06	-6.183233e-09	-1.807966e-08	-4.350568e+01	-1.181784e+03
2.940000e-06	-6.281061e-09	-1.810334e-08	-4.419400e+01	-1.182544e+03
2.950000e-06	-6.376694e-09	-1.812490e-08	-4.486688e+01	-1.183150e+03
2.960000e-06	-6.470007e-09	-1.814549e-08	-4.552343e+01	-1.183906e+03
2.970000e-06	-6.560967e-09	-1.816579e-08	-4.616344e+01	-1.185026e+03
2.980000e-06	-6.649645e-09	-1.818629e-08	-4.678738e+01	-1.186574e+03
2.990000e-06	-6.735933e-09	-1.820447e-08	-4.739451e+01	-1.188452e+03
3.000000e-06	-6.819709e-09	-1.822115e-08	-4.798397e+01	-1.190439e+03
3.010000e-06	-6.901099e-09	-1.823656e-08	-4.855663e+01	-1.192271e+03
3.020000e-06	-6.980033e-09	-1.825089e-08	-4.911201e+01	-1.193722e+03
3.030000e-06	-7.056224e-09	-1.826452e-08	-4.964810e+01	-1.194679e+03
3.040000e-06	-7.129712e-09	-1.827634e-08	-5.016516e+01	-1.195171e+03
3.050000e-06	-7.200629e-09	-1.828720e-08	-5.066414e+01	-1.195357e+03
3.060000e-06	-7.268941e-09	-1.829770e-08	-5.114479e+01	-1.195471e+03
3.070000e-06	-7.334709e-09	-1.830926e-08	-5.160754e+01	-1.195749e+03
3.080000e-06	-7.397944e-09	-1.832029e-08	-5.205247e+01	-1.196352e+03
3.090000e-06	-7.458516e-09	-1.833048e-08	-5.247866e+01	-1.197321e+03
3.100000e-06	-7.516425e-09	-1.833972e-08	-5.288610e+01	-1.198566e+03
3.110000e-06	-7.571631e-09	-1.834965e-08	-5.327454e+01	-1.199901e+03
3.120000e-06	-7.623918e-09	-1.835803e-08	-5.364244e+01	-1.201103e+03
3.130000e-06	-7.673108e-09	-1.836330e-08	-5.398854e+01	-1.201982e+03
3.140000e-06	-7.719287e-09	-1.836755e-08	-5.431346e+01	-1.202445e+03
3.150000e-06	-7.762877e-09	-1.837308e-08	-5.462016e+01	-1.202518e+03
3.160000e-06	-7.804002e-09	-1.837868e-08	-5.490952e+01	-1.202336e+03
3.170000e-06	-7.842362e-09	-1.838421e-08	-5.517942e+01	-1.202099e+03
3.180000e-06	-7.877896e-09	-1.838793e-08	-5.542944e+01	-1.202010e+03
3.190000e-06	-7.910692e-09	-1.839097e-08	-5.566019e+01	-1.202207e+03
3.200000e-06	-7.940553e-09	-1.839623e-08	-5.587030e+01	-1.202724e+03
3.210000e-06	-7.967473e-09	-1.840009e-08	-5.605971e+01	-1.203485e+03
3.220000e-06	-7.991621e-09	-1.840165e-08	-5.622961e+01	-1.204323e+03
3.230000e-06	-8.012854e-09	-1.840016e-08	-5.637901e+01	-1.205043e+03
3.240000e-06	-8.031202e-09	-1.839844e-08	-5.650811e+01	-1.205476e+03
3.250000e-06	-8.046686e-09	-1.839806e-08	-5.661705e+01	-1.205536e+03
3.260000e-06	-8.058983e-09	-1.839846e-08	-5.670358e+01	-1.205246e+03
3.270000e-06	-8.068199e-09	-1.839752e-08	-5.676842e+01	-1.204724e+03
3.280000e-06	-8.074497e-09	-1.839612e-08	-5.681273e+01	-1.204152e+03
3.290000e-06	-8.077896e-09	-1.839443e-08	-5.683665e+01	-1.203709e+03
3.300000e-06	-8.078552e-09	-1.839262e-08	-5.684127e+01	-1.203524e+03
