# Temperatura_=_47.75111111111111
# Concentracion g/m^3_=_16500.0
# C_Vs_to_Am_M_A/Vsm_=_65563218390.804596
# pendiente_HvsI_1/m_=_3716.3
# ordenada_HvsI_A/m_=_1297.0
# frecuencia_Hz_=_302541.39194475504
# Promedio de 27 ciclos

Tiempo_(s)	Campo_(V.s)	Magnetizacion_(V.s)	Campo_(kA/m)	Magnetizacion_(A/m)
0.000000e+00	-8.043035e-09	-1.790912e-08	-5.683461e+01	-1.171333e+03
1.000000e-08	-8.038928e-09	-1.791013e-08	-5.680558e+01	-1.171446e+03
2.000000e-08	-8.032229e-09	-1.790536e-08	-5.675825e+01	-1.171710e+03
3.000000e-08	-8.022897e-09	-1.790251e-08	-5.669231e+01	-1.171985e+03
4.000000e-08	-8.010731e-09	-1.789953e-08	-5.660634e+01	-1.172121e+03
5.000000e-08	-7.995650e-09	-1.789434e-08	-5.649977e+01	-1.172002e+03
6.000000e-08	-7.977761e-09	-1.788328e-08	-5.637336e+01	-1.171587e+03
7.000000e-08	-7.957436e-09	-1.786457e-08	-5.622974e+01	-1.170919e+03
8.000000e-08	-7.934616e-09	-1.789226e-08	-5.606849e+01	-1.170115e+03
9.000000e-08	-7.908689e-09	-1.793749e-08	-5.588528e+01	-1.169324e+03
1.000000e-07	-7.879508e-09	-1.790644e-08	-5.567908e+01	-1.168684e+03
1.100000e-07	-7.847384e-09	-1.786674e-08	-5.545208e+01	-1.168276e+03
1.200000e-07	-7.812438e-09	-1.786534e-08	-5.520514e+01	-1.168100e+03
1.300000e-07	-7.774936e-09	-1.785227e-08	-5.494014e+01	-1.168074e+03
1.400000e-07	-7.735264e-09	-1.778846e-08	-5.465981e+01	-1.168066e+03
1.500000e-07	-7.693290e-09	-1.779243e-08	-5.436321e+01	-1.167930e+03
1.600000e-07	-7.648604e-09	-1.783988e-08	-5.404744e+01	-1.167561e+03
1.700000e-07	-7.601218e-09	-1.776894e-08	-5.371260e+01	-1.166925e+03
1.800000e-07	-7.551049e-09	-1.781559e-08	-5.335809e+01	-1.166070e+03
1.900000e-07	-7.497813e-09	-1.782661e-08	-5.298191e+01	-1.165111e+03
2.000000e-07	-7.441761e-09	-1.776553e-08	-5.258583e+01	-1.164192e+03
2.100000e-07	-7.383009e-09	-1.777251e-08	-5.217067e+01	-1.163440e+03
2.200000e-07	-7.321572e-09	-1.772172e-08	-5.173654e+01	-1.162915e+03
2.300000e-07	-7.257486e-09	-1.773713e-08	-5.128369e+01	-1.162594e+03
2.400000e-07	-7.190566e-09	-1.771740e-08	-5.081081e+01	-1.162372e+03
2.500000e-07	-7.120909e-09	-1.769799e-08	-5.031859e+01	-1.162088e+03
2.600000e-07	-7.048545e-09	-1.769854e-08	-4.980725e+01	-1.161579e+03
2.700000e-07	-6.973391e-09	-1.768278e-08	-4.927619e+01	-1.160728e+03
2.800000e-07	-6.895474e-09	-1.767250e-08	-4.872560e+01	-1.159500e+03
2.900000e-07	-6.814805e-09	-1.762815e-08	-4.815557e+01	-1.157954e+03
3.000000e-07	-6.731560e-09	-1.762386e-08	-4.756734e+01	-1.156230e+03
3.100000e-07	-6.645993e-09	-1.759310e-08	-4.696269e+01	-1.154502e+03
3.200000e-07	-6.558141e-09	-1.757611e-08	-4.634190e+01	-1.152927e+03
3.300000e-07	-6.467903e-09	-1.757343e-08	-4.570426e+01	-1.151596e+03
3.400000e-07	-6.375311e-09	-1.753653e-08	-4.504997e+01	-1.150506e+03
3.500000e-07	-6.280458e-09	-1.751414e-08	-4.437971e+01	-1.149560e+03
3.600000e-07	-6.183325e-09	-1.749308e-08	-4.369334e+01	-1.148596e+03
3.700000e-07	-6.083906e-09	-1.747596e-08	-4.299082e+01	-1.147438e+03
3.800000e-07	-5.982291e-09	-1.744372e-08	-4.227277e+01	-1.145955e+03
3.900000e-07	-5.878539e-09	-1.741616e-08	-4.153963e+01	-1.144096e+03
4.000000e-07	-5.772692e-09	-1.739208e-08	-4.079168e+01	-1.141910e+03
4.100000e-07	-5.664822e-09	-1.736411e-08	-4.002944e+01	-1.139532e+03
4.200000e-07	-5.554988e-09	-1.733693e-08	-3.925332e+01	-1.137136e+03
4.300000e-07	-5.443161e-09	-1.729897e-08	-3.846311e+01	-1.134880e+03
4.400000e-07	-5.329249e-09	-1.726823e-08	-3.765818e+01	-1.132857e+03
4.500000e-07	-5.213237e-09	-1.724032e-08	-3.683840e+01	-1.131056e+03
4.600000e-07	-5.095225e-09	-1.721171e-08	-3.600449e+01	-1.129368e+03
4.700000e-07	-4.975359e-09	-1.717401e-08	-3.515748e+01	-1.127614e+03
4.800000e-07	-4.853721e-09	-1.713197e-08	-3.429795e+01	-1.125603e+03
4.900000e-07	-4.730307e-09	-1.708982e-08	-3.342587e+01	-1.123191e+03
5.000000e-07	-4.605137e-09	-1.704891e-08	-3.254138e+01	-1.120327e+03
5.100000e-07	-4.478295e-09	-1.700448e-08	-3.164507e+01	-1.117074e+03
5.200000e-07	-4.349823e-09	-1.695691e-08	-3.073725e+01	-1.113586e+03
5.300000e-07	-4.219756e-09	-1.691256e-08	-2.981816e+01	-1.110065e+03
5.400000e-07	-4.088124e-09	-1.687076e-08	-2.888800e+01	-1.106690e+03
5.500000e-07	-3.954957e-09	-1.682658e-08	-2.794700e+01	-1.103563e+03
5.600000e-07	-3.820293e-09	-1.677293e-08	-2.699543e+01	-1.100665e+03
5.700000e-07	-3.684146e-09	-1.671444e-08	-2.603337e+01	-1.097857e+03
5.800000e-07	-3.546544e-09	-1.665293e-08	-2.506103e+01	-1.094923e+03
5.900000e-07	-3.407534e-09	-1.659444e-08	-2.407875e+01	-1.091629e+03
6.000000e-07	-3.267151e-09	-1.653338e-08	-2.308675e+01	-1.087800e+03
6.100000e-07	-3.125397e-09	-1.646940e-08	-2.208507e+01	-1.083371e+03
6.200000e-07	-2.982347e-09	-1.640524e-08	-2.107424e+01	-1.078418e+03
6.300000e-07	-2.838130e-09	-1.633937e-08	-2.005516e+01	-1.073128e+03
6.400000e-07	-2.692895e-09	-1.626885e-08	-1.902888e+01	-1.067741e+03
6.500000e-07	-2.546743e-09	-1.619022e-08	-1.799613e+01	-1.062472e+03
6.600000e-07	-2.399691e-09	-1.610733e-08	-1.695701e+01	-1.057428e+03
6.700000e-07	-2.251808e-09	-1.602126e-08	-1.591203e+01	-1.052566e+03
6.800000e-07	-2.103220e-09	-1.593488e-08	-1.486205e+01	-1.047691e+03
6.900000e-07	-1.953985e-09	-1.584321e-08	-1.380751e+01	-1.042502e+03
7.000000e-07	-1.804120e-09	-1.574501e-08	-1.274852e+01	-1.036683e+03
7.100000e-07	-1.653660e-09	-1.564162e-08	-1.168532e+01	-1.029997e+03
7.200000e-07	-1.502658e-09	-1.553415e-08	-1.061830e+01	-1.022359e+03
7.300000e-07	-1.351159e-09	-1.541935e-08	-9.547757e+00	-1.013873e+03
7.400000e-07	-1.199202e-09	-1.529368e-08	-8.473982e+00	-1.004793e+03
7.500000e-07	-1.046820e-09	-1.516110e-08	-7.397201e+00	-9.954407e+02
7.600000e-07	-8.940581e-10	-1.502215e-08	-6.317739e+00	-9.860834e+02
7.700000e-07	-7.409723e-10	-1.487634e-08	-5.235987e+00	-9.768206e+02
7.800000e-07	-5.876230e-10	-1.471827e-08	-4.152373e+00	-9.675092e+02
7.900000e-07	-4.340677e-10	-1.454574e-08	-3.067303e+00	-9.577579e+02
8.000000e-07	-2.803393e-10	-1.435800e-08	-1.981011e+00	-9.469977e+02
8.100000e-07	-1.264659e-10	-1.415572e-08	-8.936935e-01	-9.346119e+02
8.200000e-07	2.749410e-11	-1.393617e-08	1.942359e-01	-9.200856e+02
8.300000e-07	1.814890e-10	-1.369378e-08	1.282412e+00	-9.031258e+02
8.400000e-07	3.354524e-10	-1.342318e-08	2.370365e+00	-8.837021e+02
8.500000e-07	4.893077e-10	-1.311767e-08	3.457555e+00	-8.619788e+02
8.600000e-07	6.430181e-10	-1.276759e-08	4.543720e+00	-8.381379e+02
8.700000e-07	7.965227e-10	-1.236149e-08	5.628431e+00	-8.121264e+02
8.800000e-07	9.497801e-10	-1.189240e-08	6.711396e+00	-7.833914e+02
8.900000e-07	1.102738e-09	-1.135299e-08	7.792241e+00	-7.506806e+02
9.000000e-07	1.255303e-09	-1.072758e-08	8.870318e+00	-7.119845e+02
9.100000e-07	1.407410e-09	-9.984710e-09	9.945152e+00	-6.646669e+02
9.200000e-07	1.559000e-09	-9.084571e-09	1.101633e+01	-6.057941e+02
9.300000e-07	1.710013e-09	-7.984444e-09	1.208344e+01	-5.326212e+02
9.400000e-07	1.860395e-09	-6.647343e-09	1.314608e+01	-4.431531e+02
9.500000e-07	2.010082e-09	-5.044788e-09	1.420382e+01	-3.366678e+02
9.600000e-07	2.159019e-09	-3.170079e-09	1.525626e+01	-2.140886e+02
9.700000e-07	2.307190e-09	-1.059848e-09	1.630328e+01	-7.811226e+01
9.800000e-07	2.454554e-09	1.193119e-09	1.734460e+01	6.695160e+01
9.900000e-07	2.601019e-09	3.470782e-09	1.837957e+01	2.156199e+02
1.000000e-06	2.746516e-09	5.682824e-09	1.940770e+01	3.618840e+02
1.010000e-06	2.890973e-09	7.762694e-09	2.042848e+01	4.999531e+02
1.020000e-06	3.034300e-09	9.644960e-09	2.144127e+01	6.249597e+02
1.030000e-06	3.176413e-09	1.126279e-08	2.244549e+01	7.335016e+02
1.040000e-06	3.317216e-09	1.258671e-08	2.344044e+01	8.239304e+02
1.050000e-06	3.456662e-09	1.363809e-08	2.442582e+01	8.963496e+02
1.060000e-06	3.594777e-09	1.446202e-08	2.540178e+01	9.523442e+02
1.070000e-06	3.731544e-09	1.510317e-08	2.636822e+01	9.945149e+02
1.080000e-06	3.866919e-09	1.559994e-08	2.732482e+01	1.025923e+03
1.090000e-06	4.000922e-09	1.598439e-08	2.827173e+01	1.049565e+03
1.100000e-06	4.133535e-09	1.628169e-08	2.920881e+01	1.067957e+03
1.110000e-06	4.264673e-09	1.651256e-08	3.013547e+01	1.082918e+03
1.120000e-06	4.394304e-09	1.669146e-08	3.105149e+01	1.095529e+03
1.130000e-06	4.522382e-09	1.683178e-08	3.195653e+01	1.106262e+03
1.140000e-06	4.648905e-09	1.694443e-08	3.285058e+01	1.115209e+03
1.150000e-06	4.773874e-09	1.703635e-08	3.373365e+01	1.122329e+03
1.160000e-06	4.897179e-09	1.711121e-08	3.460496e+01	1.127654e+03
1.170000e-06	5.018730e-09	1.717326e-08	3.546388e+01	1.131399e+03
1.180000e-06	5.138450e-09	1.722639e-08	3.630986e+01	1.133973e+03
1.190000e-06	5.256271e-09	1.727390e-08	3.714242e+01	1.135902e+03
1.200000e-06	5.372078e-09	1.731804e-08	3.796075e+01	1.137702e+03
1.210000e-06	5.485783e-09	1.735910e-08	3.876422e+01	1.139760e+03
1.220000e-06	5.597439e-09	1.739646e-08	3.955322e+01	1.142246e+03
1.230000e-06	5.707136e-09	1.743045e-08	4.032837e+01	1.145104e+03
1.240000e-06	5.814821e-09	1.746172e-08	4.108932e+01	1.148098e+03
1.250000e-06	5.920353e-09	1.748986e-08	4.183503e+01	1.150913e+03
1.260000e-06	6.023694e-09	1.751515e-08	4.256527e+01	1.153269e+03
1.270000e-06	6.124840e-09	1.753921e-08	4.328001e+01	1.155009e+03
1.280000e-06	6.223692e-09	1.756353e-08	4.397853e+01	1.156145e+03
1.290000e-06	6.320177e-09	1.758800e-08	4.466032e+01	1.156850e+03
1.300000e-06	6.414394e-09	1.761206e-08	4.532609e+01	1.157393e+03
1.310000e-06	6.506371e-09	1.763497e-08	4.597602e+01	1.158053e+03
1.320000e-06	6.595990e-09	1.765523e-08	4.660931e+01	1.159031e+03
1.330000e-06	6.683255e-09	1.767273e-08	4.722595e+01	1.160395e+03
1.340000e-06	6.768221e-09	1.768915e-08	4.782634e+01	1.162065e+03
1.350000e-06	6.850782e-09	1.770524e-08	4.840975e+01	1.163847e+03
1.360000e-06	6.930822e-09	1.772117e-08	4.897534e+01	1.165501e+03
1.370000e-06	7.008316e-09	1.773709e-08	4.952293e+01	1.166818e+03
1.380000e-06	7.083164e-09	1.775256e-08	5.005183e+01	1.167689e+03
1.390000e-06	7.155377e-09	1.776657e-08	5.056211e+01	1.168130e+03
1.400000e-06	7.225090e-09	1.777989e-08	5.105473e+01	1.168279e+03
1.410000e-06	7.292244e-09	1.779243e-08	5.152926e+01	1.168344e+03
1.420000e-06	7.356769e-09	1.780389e-08	5.198521e+01	1.168537e+03
1.430000e-06	7.418789e-09	1.781463e-08	5.242347e+01	1.169012e+03
1.440000e-06	7.478274e-09	1.782444e-08	5.284381e+01	1.169812e+03
1.450000e-06	7.535089e-09	1.783424e-08	5.324528e+01	1.170867e+03
1.460000e-06	7.589109e-09	1.784348e-08	5.362701e+01	1.172015e+03
1.470000e-06	7.640066e-09	1.785183e-08	5.398708e+01	1.173059e+03
1.480000e-06	7.688009e-09	1.786005e-08	5.432586e+01	1.173830e+03
1.490000e-06	7.733246e-09	1.786846e-08	5.464552e+01	1.174236e+03
1.500000e-06	7.775728e-09	1.787668e-08	5.494572e+01	1.174295e+03
1.510000e-06	7.815391e-09	1.788429e-08	5.522599e+01	1.174119e+03
1.520000e-06	7.852370e-09	1.789077e-08	5.548729e+01	1.173883e+03
1.530000e-06	7.886568e-09	1.789590e-08	5.572895e+01	1.173764e+03
1.540000e-06	7.917927e-09	1.790053e-08	5.595054e+01	1.173888e+03
1.550000e-06	7.946534e-09	1.790461e-08	5.615269e+01	1.174291e+03
1.560000e-06	7.972218e-09	1.790911e-08	5.633418e+01	1.174910e+03
1.570000e-06	7.994991e-09	1.791372e-08	5.649510e+01	1.175605e+03
1.580000e-06	8.015023e-09	1.791797e-08	5.663666e+01	1.176208e+03
1.590000e-06	8.032161e-09	1.792148e-08	5.675776e+01	1.176573e+03
1.600000e-06	8.046237e-09	1.792409e-08	5.685723e+01	1.176623e+03
1.610000e-06	8.057153e-09	1.792640e-08	5.693436e+01	1.176373e+03
1.620000e-06	8.065014e-09	1.792778e-08	5.698991e+01	1.175924e+03
1.630000e-06	8.070050e-09	1.792976e-08	5.702550e+01	1.175428e+03
1.640000e-06	8.072212e-09	1.793199e-08	5.704078e+01	1.175036e+03
1.650000e-06	8.071560e-09	1.793360e-08	5.703617e+01	1.174857e+03
1.660000e-06	8.068249e-09	1.792880e-08	5.701278e+01	1.174916e+03
1.670000e-06	8.062194e-09	1.792598e-08	5.696999e+01	1.175153e+03
1.680000e-06	8.053418e-09	1.792400e-08	5.690798e+01	1.175439e+03
1.690000e-06	8.041856e-09	1.791887e-08	5.682628e+01	1.175622e+03
1.700000e-06	8.027447e-09	1.791698e-08	5.672446e+01	1.175575e+03
1.710000e-06	8.010529e-09	1.792399e-08	5.660491e+01	1.175233e+03
1.720000e-06	7.991293e-09	1.793127e-08	5.646898e+01	1.174621e+03
1.730000e-06	7.969397e-09	1.786776e-08	5.631426e+01	1.173838e+03
1.740000e-06	7.944202e-09	1.783224e-08	5.613623e+01	1.173030e+03
1.750000e-06	7.915251e-09	1.787119e-08	5.593165e+01	1.172341e+03
1.760000e-06	7.882924e-09	1.787169e-08	5.570322e+01	1.171871e+03
1.770000e-06	7.848070e-09	1.786580e-08	5.545693e+01	1.171641e+03
1.780000e-06	7.810907e-09	1.792412e-08	5.519432e+01	1.171588e+03
1.790000e-06	7.771648e-09	1.790413e-08	5.491691e+01	1.171589e+03
1.800000e-06	7.730449e-09	1.782123e-08	5.462579e+01	1.171497e+03
1.810000e-06	7.686708e-09	1.789532e-08	5.431670e+01	1.171193e+03
1.820000e-06	7.640189e-09	1.783720e-08	5.398798e+01	1.170623e+03
1.830000e-06	7.590832e-09	1.780603e-08	5.363921e+01	1.169814e+03
1.840000e-06	7.538241e-09	1.783995e-08	5.326759e+01	1.168868e+03
1.850000e-06	7.482755e-09	1.778190e-08	5.287550e+01	1.167927e+03
1.860000e-06	7.424629e-09	1.784587e-08	5.246477e+01	1.167124e+03
1.870000e-06	7.363853e-09	1.778344e-08	5.203531e+01	1.166540e+03
1.880000e-06	7.300419e-09	1.779200e-08	5.158707e+01	1.166174e+03
1.890000e-06	7.234143e-09	1.779581e-08	5.111874e+01	1.165940e+03
1.900000e-06	7.165071e-09	1.774506e-08	5.063066e+01	1.165687e+03
1.910000e-06	7.093137e-09	1.778396e-08	5.012235e+01	1.165249e+03
1.920000e-06	7.018421e-09	1.772754e-08	4.959439e+01	1.164490e+03
1.930000e-06	6.940935e-09	1.775126e-08	4.904685e+01	1.163355e+03
1.940000e-06	6.860777e-09	1.770923e-08	4.848042e+01	1.161879e+03
1.950000e-06	6.778201e-09	1.769404e-08	4.789692e+01	1.160185e+03
1.960000e-06	6.693096e-09	1.770071e-08	4.729554e+01	1.158442e+03
1.970000e-06	6.605502e-09	1.763188e-08	4.667657e+01	1.156816e+03
1.980000e-06	6.515554e-09	1.763958e-08	4.604097e+01	1.155421e+03
1.990000e-06	6.423329e-09	1.759892e-08	4.538928e+01	1.154275e+03
2.000000e-06	6.328810e-09	1.760682e-08	4.472138e+01	1.153305e+03
2.010000e-06	6.232025e-09	1.758255e-08	4.403747e+01	1.152362e+03
2.020000e-06	6.133067e-09	1.755341e-08	4.333820e+01	1.151268e+03
2.030000e-06	6.031868e-09	1.753288e-08	4.262310e+01	1.149875e+03
2.040000e-06	5.928512e-09	1.749427e-08	4.189275e+01	1.148109e+03
2.050000e-06	5.823099e-09	1.748630e-08	4.114787e+01	1.145996e+03
2.060000e-06	5.715717e-09	1.744084e-08	4.038908e+01	1.143652e+03
2.070000e-06	5.606287e-09	1.742198e-08	3.961582e+01	1.141244e+03
2.080000e-06	5.494759e-09	1.738483e-08	3.882772e+01	1.138941e+03
2.090000e-06	5.381165e-09	1.736302e-08	3.802503e+01	1.136856e+03
2.100000e-06	5.265499e-09	1.733152e-08	3.720770e+01	1.135005e+03
2.110000e-06	5.147837e-09	1.729395e-08	3.637627e+01	1.133303e+03
2.120000e-06	5.028238e-09	1.725817e-08	3.553114e+01	1.131583e+03
2.130000e-06	4.906841e-09	1.722352e-08	3.467331e+01	1.129653e+03
2.140000e-06	4.783680e-09	1.719269e-08	3.380302e+01	1.127351e+03
2.150000e-06	4.658746e-09	1.714813e-08	3.292020e+01	1.124600e+03
2.160000e-06	4.532079e-09	1.710638e-08	3.202513e+01	1.121433e+03
2.170000e-06	4.403784e-09	1.705976e-08	3.111855e+01	1.117987e+03
2.180000e-06	4.273936e-09	1.702250e-08	3.020101e+01	1.114456e+03
2.190000e-06	4.142526e-09	1.697477e-08	2.927242e+01	1.111031e+03
2.200000e-06	4.009565e-09	1.693042e-08	2.833288e+01	1.107839e+03
2.210000e-06	3.875092e-09	1.687682e-08	2.738265e+01	1.104890e+03
2.220000e-06	3.739097e-09	1.683218e-08	2.642167e+01	1.102077e+03
2.230000e-06	3.601639e-09	1.678093e-08	2.545035e+01	1.099197e+03
2.240000e-06	3.462823e-09	1.672376e-08	2.446943e+01	1.096014e+03
2.250000e-06	3.322674e-09	1.666025e-08	2.347910e+01	1.092330e+03
2.260000e-06	3.181255e-09	1.659265e-08	2.247979e+01	1.088051e+03
2.270000e-06	3.038595e-09	1.653255e-08	2.147171e+01	1.083217e+03
2.280000e-06	2.894785e-09	1.646575e-08	2.045551e+01	1.077990e+03
2.290000e-06	2.749939e-09	1.639989e-08	1.943197e+01	1.072606e+03
2.300000e-06	2.604158e-09	1.632509e-08	1.840184e+01	1.067292e+03
2.310000e-06	2.457471e-09	1.625248e-08	1.736530e+01	1.062189e+03
2.320000e-06	2.309943e-09	1.617063e-08	1.632283e+01	1.057294e+03
2.330000e-06	2.161628e-09	1.608237e-08	1.527479e+01	1.052446e+03
2.340000e-06	2.012562e-09	1.598691e-08	1.422144e+01	1.047367e+03
2.350000e-06	1.862844e-09	1.588850e-08	1.316348e+01	1.041733e+03
2.360000e-06	1.712534e-09	1.578919e-08	1.210135e+01	1.035280e+03
2.370000e-06	1.561729e-09	1.568420e-08	1.103571e+01	1.027880e+03
2.380000e-06	1.410425e-09	1.557340e-08	9.966551e+00	1.019589e+03
2.390000e-06	1.258632e-09	1.545359e-08	8.893936e+00	1.010631e+03
2.400000e-06	1.106387e-09	1.532809e-08	7.818120e+00	1.001319e+03
2.410000e-06	9.537389e-10	1.519340e-08	6.739463e+00	9.919458e+02
2.420000e-06	8.007525e-10	1.504962e-08	5.658414e+00	9.826623e+02
2.430000e-06	6.474981e-10	1.489456e-08	4.575470e+00	9.733901e+02
2.440000e-06	4.940364e-10	1.473091e-08	3.491062e+00	9.637969e+02
2.450000e-06	3.403818e-10	1.455502e-08	2.405290e+00	9.533485e+02
2.460000e-06	1.865753e-10	1.436333e-08	1.318446e+00	9.414267e+02
2.470000e-06	3.265541e-11	1.415138e-08	2.307994e-01	9.274779e+02
2.480000e-06	-1.212987e-10	1.391649e-08	-8.570885e-01	9.111457e+02
2.490000e-06	-2.752128e-10	1.365651e-08	-1.944694e+00	8.923349e+02
2.500000e-06	-4.290486e-10	1.336512e-08	-3.031746e+00	8.711732e+02
2.510000e-06	-5.827562e-10	1.303254e-08	-4.117892e+00	8.478590e+02
2.520000e-06	-7.362777e-10	1.264750e-08	-5.202723e+00	8.224237e+02
2.530000e-06	-8.895514e-10	1.220496e-08	-6.285803e+00	7.944628e+02
2.540000e-06	-1.042512e-09	1.169708e-08	-7.366670e+00	7.629124e+02
2.550000e-06	-1.195088e-09	1.110728e-08	-8.444824e+00	7.259502e+02
2.560000e-06	-1.347198e-09	1.040804e-08	-9.519675e+00	6.810755e+02
2.570000e-06	-1.498775e-09	9.566903e-09	-1.059077e+01	6.253903e+02
2.580000e-06	-1.649801e-09	8.545168e-09	-1.165797e+01	5.560520e+02
2.590000e-06	-1.800244e-09	7.301574e-09	-1.272105e+01	4.708251e+02
2.600000e-06	-1.950031e-09	5.799671e-09	-1.377948e+01	3.686242e+02
2.610000e-06	-2.099069e-09	4.022352e-09	-1.483263e+01	2.499344e+02
2.620000e-06	-2.247320e-09	1.984719e-09	-1.588022e+01	1.170078e+02
2.630000e-06	-2.394757e-09	-2.492738e-10	-1.692206e+01	-2.622354e+01
2.640000e-06	-2.541281e-09	-2.565209e-09	-1.795744e+01	-1.745205e+02
2.650000e-06	-2.686827e-09	-4.848226e-09	-1.898592e+01	-3.219410e+02
2.660000e-06	-2.831372e-09	-7.017467e-09	-2.000732e+01	-4.625714e+02
2.670000e-06	-2.974828e-09	-9.008632e-09	-2.102103e+01	-5.912532e+02
2.680000e-06	-3.117095e-09	-1.074922e-08	-2.202633e+01	-7.041769e+02
2.690000e-06	-3.258133e-09	-1.219379e-08	-2.302295e+01	-7.992398e+02
2.700000e-06	-3.397917e-09	-1.335198e-08	-2.401070e+01	-8.761179e+02
2.710000e-06	-3.536401e-09	-1.426396e-08	-2.498928e+01	-9.360582e+02
2.720000e-06	-3.673557e-09	-1.497418e-08	-2.595846e+01	-9.814535e+02
2.730000e-06	-3.809346e-09	-1.552336e-08	-2.691799e+01	-1.015300e+03
2.740000e-06	-3.943707e-09	-1.594713e-08	-2.786743e+01	-1.040652e+03
2.750000e-06	-4.076646e-09	-1.627408e-08	-2.880682e+01	-1.060178e+03
2.760000e-06	-4.208152e-09	-1.652639e-08	-2.973608e+01	-1.075881e+03
2.770000e-06	-4.338186e-09	-1.672106e-08	-3.065494e+01	-1.089023e+03
2.780000e-06	-4.466759e-09	-1.687410e-08	-3.156348e+01	-1.100212e+03
2.790000e-06	-4.593809e-09	-1.699600e-08	-3.246126e+01	-1.109613e+03
2.800000e-06	-4.719256e-09	-1.709417e-08	-3.334770e+01	-1.117197e+03
2.810000e-06	-4.843046e-09	-1.717373e-08	-3.422244e+01	-1.122964e+03
2.820000e-06	-4.965107e-09	-1.723836e-08	-3.508497e+01	-1.127078e+03
2.830000e-06	-5.085385e-09	-1.729385e-08	-3.593489e+01	-1.129903e+03
2.840000e-06	-5.203765e-09	-1.734378e-08	-3.677140e+01	-1.131946e+03
2.850000e-06	-5.320087e-09	-1.738884e-08	-3.759336e+01	-1.133737e+03
2.860000e-06	-5.434224e-09	-1.742903e-08	-3.839989e+01	-1.135705e+03
2.870000e-06	-5.546145e-09	-1.746596e-08	-3.919077e+01	-1.138080e+03
2.880000e-06	-5.655941e-09	-1.750007e-08	-3.996662e+01	-1.140860e+03
2.890000e-06	-5.763721e-09	-1.753133e-08	-4.072823e+01	-1.143847e+03
2.900000e-06	-5.869530e-09	-1.755998e-08	-4.147591e+01	-1.146737e+03
2.910000e-06	-5.973274e-09	-1.758649e-08	-4.220899e+01	-1.149229e+03
2.920000e-06	-6.074784e-09	-1.761198e-08	-4.292629e+01	-1.151130e+03
2.930000e-06	-6.174014e-09	-1.763605e-08	-4.362749e+01	-1.152409e+03
2.940000e-06	-6.271064e-09	-1.765830e-08	-4.431327e+01	-1.153201e+03
2.950000e-06	-6.365914e-09	-1.767915e-08	-4.498351e+01	-1.153758e+03
2.960000e-06	-6.458439e-09	-1.769834e-08	-4.563733e+01	-1.154366e+03
2.970000e-06	-6.548644e-09	-1.771588e-08	-4.627474e+01	-1.155252e+03
2.980000e-06	-6.636549e-09	-1.773281e-08	-4.689591e+01	-1.156521e+03
2.990000e-06	-6.722034e-09	-1.774901e-08	-4.749997e+01	-1.158128e+03
3.000000e-06	-6.805050e-09	-1.776418e-08	-4.808659e+01	-1.159903e+03
3.010000e-06	-6.885691e-09	-1.777860e-08	-4.865643e+01	-1.161611e+03
3.020000e-06	-6.963823e-09	-1.779149e-08	-4.920853e+01	-1.163028e+03
3.030000e-06	-7.039226e-09	-1.780314e-08	-4.974136e+01	-1.164015e+03
3.040000e-06	-7.111981e-09	-1.781480e-08	-5.025546e+01	-1.164557e+03
3.050000e-06	-7.182169e-09	-1.782606e-08	-5.075143e+01	-1.164762e+03
3.060000e-06	-7.249767e-09	-1.783595e-08	-5.122910e+01	-1.164828e+03
3.070000e-06	-7.314855e-09	-1.784423e-08	-5.168904e+01	-1.164972e+03
3.080000e-06	-7.377409e-09	-1.785230e-08	-5.213106e+01	-1.165367e+03
3.090000e-06	-7.437301e-09	-1.785997e-08	-5.255428e+01	-1.166087e+03
3.100000e-06	-7.494531e-09	-1.786811e-08	-5.295868e+01	-1.167090e+03
3.110000e-06	-7.549022e-09	-1.787676e-08	-5.334374e+01	-1.168232e+03
3.120000e-06	-7.600590e-09	-1.788436e-08	-5.370814e+01	-1.169320e+03
3.130000e-06	-7.649085e-09	-1.789136e-08	-5.405082e+01	-1.170172e+03
3.140000e-06	-7.694647e-09	-1.789813e-08	-5.437277e+01	-1.170673e+03
3.150000e-06	-7.737669e-09	-1.790234e-08	-5.467678e+01	-1.170813e+03
3.160000e-06	-7.778181e-09	-1.790349e-08	-5.496305e+01	-1.170682e+03
3.170000e-06	-7.815921e-09	-1.790554e-08	-5.522973e+01	-1.170445e+03
3.180000e-06	-7.850856e-09	-1.790842e-08	-5.547660e+01	-1.170282e+03
3.190000e-06	-7.883022e-09	-1.791285e-08	-5.570389e+01	-1.170338e+03
3.200000e-06	-7.912268e-09	-1.791687e-08	-5.591055e+01	-1.170673e+03
3.210000e-06	-7.938628e-09	-1.792075e-08	-5.609683e+01	-1.171247e+03
3.220000e-06	-7.962200e-09	-1.792234e-08	-5.626339e+01	-1.171939e+03
3.230000e-06	-7.982864e-09	-1.792164e-08	-5.640941e+01	-1.172580e+03
3.240000e-06	-8.000678e-09	-1.791988e-08	-5.653529e+01	-1.173015e+03
3.250000e-06	-8.015597e-09	-1.791716e-08	-5.664072e+01	-1.173147e+03
3.260000e-06	-8.027356e-09	-1.791558e-08	-5.672381e+01	-1.172967e+03
3.270000e-06	-8.036080e-09	-1.791451e-08	-5.678546e+01	-1.172556e+03
3.280000e-06	-8.041894e-09	-1.791409e-08	-5.682654e+01	-1.172057e+03
3.290000e-06	-8.044828e-09	-1.791187e-08	-5.684727e+01	-1.171627e+03
3.300000e-06	-8.045007e-09	-1.790912e-08	-5.684854e+01	-1.171389e+03
