# Temperatura_=_59.03162162162161
# Concentracion g/m^3_=_16500.0
# C_Vs_to_Am_M_A/Vsm_=_65563218390.804596
# pendiente_HvsI_1/m_=_3716.3
# ordenada_HvsI_A/m_=_1297.0
# frecuencia_Hz_=_302521.31794679025
# Promedio de 37 ciclos

Tiempo_(s)	Campo_(V.s)	Magnetizacion_(V.s)	Campo_(kA/m)	Magnetizacion_(A/m)
0.000000e+00	-8.084381e-09	-1.833751e-08	-5.683456e+01	-1.200756e+03
1.000000e-08	-8.079961e-09	-1.834143e-08	-5.680349e+01	-1.201070e+03
2.000000e-08	-8.072969e-09	-1.833795e-08	-5.675433e+01	-1.201438e+03
3.000000e-08	-8.063300e-09	-1.833625e-08	-5.668636e+01	-1.201689e+03
4.000000e-08	-8.050755e-09	-1.833255e-08	-5.659817e+01	-1.201681e+03
5.000000e-08	-8.035262e-09	-1.832386e-08	-5.648925e+01	-1.201343e+03
6.000000e-08	-8.016983e-09	-1.830607e-08	-5.636075e+01	-1.200697e+03
7.000000e-08	-7.996312e-09	-1.828706e-08	-5.621543e+01	-1.199854e+03
8.000000e-08	-7.973069e-09	-1.834885e-08	-5.605203e+01	-1.198977e+03
9.000000e-08	-7.946642e-09	-1.839553e-08	-5.586624e+01	-1.198232e+03
1.000000e-07	-7.916968e-09	-1.832463e-08	-5.565763e+01	-1.197734e+03
1.100000e-07	-7.884348e-09	-1.828286e-08	-5.542831e+01	-1.197515e+03
1.200000e-07	-7.848918e-09	-1.829514e-08	-5.517923e+01	-1.197507e+03
1.300000e-07	-7.810993e-09	-1.827452e-08	-5.491261e+01	-1.197572e+03
1.400000e-07	-7.770897e-09	-1.818215e-08	-5.463074e+01	-1.197539e+03
1.500000e-07	-7.728407e-09	-1.822541e-08	-5.433202e+01	-1.197260e+03
1.600000e-07	-7.683161e-09	-1.827180e-08	-5.401394e+01	-1.196652e+03
1.700000e-07	-7.635225e-09	-1.816448e-08	-5.367694e+01	-1.195728e+03
1.800000e-07	-7.584423e-09	-1.825607e-08	-5.331980e+01	-1.194583e+03
1.900000e-07	-7.530554e-09	-1.822983e-08	-5.294109e+01	-1.193367e+03
2.000000e-07	-7.473911e-09	-1.816704e-08	-5.254289e+01	-1.192234e+03
2.100000e-07	-7.414548e-09	-1.818291e-08	-5.212555e+01	-1.191292e+03
2.200000e-07	-7.352519e-09	-1.811921e-08	-5.168948e+01	-1.190566e+03
2.300000e-07	-7.287801e-09	-1.815572e-08	-5.123450e+01	-1.189990e+03
2.400000e-07	-7.220220e-09	-1.810013e-08	-5.075940e+01	-1.189425e+03
2.500000e-07	-7.149904e-09	-1.809753e-08	-5.026506e+01	-1.188708e+03
2.600000e-07	-7.076828e-09	-1.809175e-08	-4.975133e+01	-1.187699e+03
2.700000e-07	-7.000948e-09	-1.807848e-08	-4.921788e+01	-1.186331e+03
2.800000e-07	-6.922300e-09	-1.806439e-08	-4.866498e+01	-1.184630e+03
2.900000e-07	-6.840911e-09	-1.800379e-08	-4.809280e+01	-1.182711e+03
3.000000e-07	-6.757012e-09	-1.801393e-08	-4.750298e+01	-1.180744e+03
3.100000e-07	-6.670809e-09	-1.796272e-08	-4.689696e+01	-1.178899e+03
3.200000e-07	-6.582264e-09	-1.796116e-08	-4.627447e+01	-1.177291e+03
3.300000e-07	-6.491308e-09	-1.794950e-08	-4.563504e+01	-1.175949e+03
3.400000e-07	-6.398016e-09	-1.791232e-08	-4.497918e+01	-1.174799e+03
3.500000e-07	-6.302442e-09	-1.789219e-08	-4.430728e+01	-1.173688e+03
3.600000e-07	-6.204552e-09	-1.785973e-08	-4.361910e+01	-1.172432e+03
3.700000e-07	-6.104379e-09	-1.784029e-08	-4.291487e+01	-1.170875e+03
3.800000e-07	-6.002012e-09	-1.779302e-08	-4.219521e+01	-1.168936e+03
3.900000e-07	-5.897488e-09	-1.777106e-08	-4.146039e+01	-1.166634e+03
4.000000e-07	-5.790863e-09	-1.774102e-08	-4.071080e+01	-1.164089e+03
4.100000e-07	-5.682227e-09	-1.771927e-08	-3.994707e+01	-1.161477e+03
4.200000e-07	-5.571625e-09	-1.769023e-08	-3.916952e+01	-1.158979e+03
4.300000e-07	-5.458973e-09	-1.764521e-08	-3.837756e+01	-1.156717e+03
4.400000e-07	-5.344205e-09	-1.760828e-08	-3.757072e+01	-1.154714e+03
4.500000e-07	-5.227356e-09	-1.757261e-08	-3.674926e+01	-1.152885e+03
4.600000e-07	-5.108502e-09	-1.754083e-08	-3.591369e+01	-1.151056e+03
4.700000e-07	-4.987801e-09	-1.749675e-08	-3.506515e+01	-1.149018e+03
4.800000e-07	-4.865344e-09	-1.745740e-08	-3.420425e+01	-1.146593e+03
4.900000e-07	-4.741112e-09	-1.741355e-08	-3.333089e+01	-1.143689e+03
5.000000e-07	-4.615134e-09	-1.737277e-08	-3.244524e+01	-1.140333e+03
5.100000e-07	-4.487471e-09	-1.732184e-08	-3.154775e+01	-1.136661e+03
5.200000e-07	-4.358168e-09	-1.726770e-08	-3.063872e+01	-1.132880e+03
5.300000e-07	-4.227267e-09	-1.721473e-08	-2.971847e+01	-1.129200e+03
5.400000e-07	-4.094778e-09	-1.716810e-08	-2.878705e+01	-1.125764e+03
5.500000e-07	-3.960762e-09	-1.711996e-08	-2.784490e+01	-1.122601e+03
5.600000e-07	-3.825224e-09	-1.706078e-08	-2.689204e+01	-1.119608e+03
5.700000e-07	-3.688183e-09	-1.699874e-08	-2.592862e+01	-1.116576e+03
5.800000e-07	-3.549697e-09	-1.693335e-08	-2.495504e+01	-1.113258e+03
5.900000e-07	-3.409765e-09	-1.687199e-08	-2.397130e+01	-1.109436e+03
6.000000e-07	-3.268403e-09	-1.680321e-08	-2.297750e+01	-1.105000e+03
6.100000e-07	-3.125696e-09	-1.673403e-08	-2.197425e+01	-1.099980e+03
6.200000e-07	-2.981771e-09	-1.666372e-08	-2.096243e+01	-1.094539e+03
6.300000e-07	-2.836732e-09	-1.659510e-08	-1.994279e+01	-1.088924e+03
6.400000e-07	-2.690667e-09	-1.652090e-08	-1.891592e+01	-1.083383e+03
6.500000e-07	-2.543651e-09	-1.643667e-08	-1.788237e+01	-1.078079e+03
6.600000e-07	-2.395776e-09	-1.634713e-08	-1.684279e+01	-1.073024e+03
6.700000e-07	-2.247126e-09	-1.625330e-08	-1.579775e+01	-1.068063e+03
6.800000e-07	-2.097773e-09	-1.616055e-08	-1.474778e+01	-1.062907e+03
6.900000e-07	-1.947751e-09	-1.606146e-08	-1.369310e+01	-1.057215e+03
7.000000e-07	-1.797069e-09	-1.595677e-08	-1.263378e+01	-1.050695e+03
7.100000e-07	-1.645764e-09	-1.584656e-08	-1.157008e+01	-1.043197e+03
7.200000e-07	-1.493904e-09	-1.573514e-08	-1.050248e+01	-1.034765e+03
7.300000e-07	-1.341553e-09	-1.561421e-08	-9.431427e+00	-1.025626e+03
7.400000e-07	-1.188760e-09	-1.548084e-08	-8.357266e+00	-1.016116e+03
7.500000e-07	-1.035547e-09	-1.533941e-08	-7.280154e+00	-1.006560e+03
7.600000e-07	-8.819559e-10	-1.519069e-08	-6.200382e+00	-9.971471e+02
7.700000e-07	-7.280524e-10	-1.503611e-08	-5.118415e+00	-9.878276e+02
7.800000e-07	-5.738924e-10	-1.486896e-08	-4.034645e+00	-9.782817e+02
7.900000e-07	-4.195253e-10	-1.468813e-08	-2.949418e+00	-9.679663e+02
8.000000e-07	-2.649886e-10	-1.449162e-08	-1.862999e+00	-9.562357e+02
8.100000e-07	-1.103225e-10	-1.428032e-08	-7.756707e-01	-9.425006e+02
8.200000e-07	4.442139e-11	-1.404730e-08	3.122052e-01	-9.263753e+02
8.300000e-07	1.991970e-10	-1.378687e-08	1.400304e+00	-9.077579e+02
8.400000e-07	3.539345e-10	-1.349400e-08	2.488134e+00	-8.868041e+02
8.500000e-07	5.085456e-10	-1.316318e-08	3.575077e+00	-8.637785e+02
8.600000e-07	6.629890e-10	-1.278425e-08	4.660840e+00	-8.388088e+02
8.700000e-07	8.172339e-10	-1.234650e-08	5.745207e+00	-8.115973e+02
8.800000e-07	9.712329e-10	-1.184095e-08	6.827846e+00	-7.811694e+02
8.900000e-07	1.124916e-09	-1.125561e-08	7.908265e+00	-7.457434e+02
9.000000e-07	1.278195e-09	-1.057051e-08	8.985842e+00	-7.027839e+02
9.100000e-07	1.431011e-09	-9.746158e-09	1.006016e+01	-6.492680e+02
9.200000e-07	1.583334e-09	-8.737922e-09	1.113102e+01	-5.821393e+02
9.300000e-07	1.735108e-09	-7.498559e-09	1.219802e+01	-4.988798e+02
9.400000e-07	1.886227e-09	-5.991380e-09	1.326041e+01	-3.980895e+02
9.500000e-07	2.036606e-09	-4.196024e-09	1.431760e+01	-2.799534e+02
9.600000e-07	2.186202e-09	-2.131256e-09	1.536928e+01	-1.464865e+02
9.700000e-07	2.335003e-09	1.284125e-10	1.641538e+01	-1.487671e+00
9.800000e-07	2.482980e-09	2.469621e-09	1.745568e+01	1.498080e+02
9.900000e-07	2.630050e-09	4.778473e-09	1.848961e+01	3.013290e+02
1.000000e-06	2.776142e-09	6.966581e-09	1.951666e+01	4.469164e+02
1.010000e-06	2.921210e-09	8.969930e-09	2.053652e+01	5.810861e+02
1.020000e-06	3.065157e-09	1.073737e-08	2.154849e+01	6.996698e+02
1.030000e-06	3.207873e-09	1.222328e-08	2.255181e+01	8.002224e+02
1.040000e-06	3.349289e-09	1.342232e-08	2.354599e+01	8.821366e+02
1.050000e-06	3.489348e-09	1.436748e-08	2.453063e+01	9.464641e+02
1.060000e-06	3.628050e-09	1.510713e-08	2.550573e+01	9.955025e+02
1.070000e-06	3.765408e-09	1.568052e-08	2.647137e+01	1.032247e+03
1.080000e-06	3.901366e-09	1.612264e-08	2.742718e+01	1.059823e+03
1.090000e-06	4.035902e-09	1.646180e-08	2.837299e+01	1.081018e+03
1.100000e-06	4.169016e-09	1.672418e-08	2.930881e+01	1.097968e+03
1.110000e-06	4.300647e-09	1.692959e-08	3.023420e+01	1.112059e+03
1.120000e-06	4.430764e-09	1.709078e-08	3.114895e+01	1.124000e+03
1.130000e-06	4.559342e-09	1.721840e-08	3.205287e+01	1.134021e+03
1.140000e-06	4.686334e-09	1.731963e-08	3.294565e+01	1.142134e+03
1.150000e-06	4.811733e-09	1.740334e-08	3.382722e+01	1.148352e+03
1.160000e-06	4.935469e-09	1.747350e-08	3.469711e+01	1.152850e+03
1.170000e-06	5.057459e-09	1.753424e-08	3.555472e+01	1.155997e+03
1.180000e-06	5.177618e-09	1.758638e-08	3.639946e+01	1.158311e+03
1.190000e-06	5.295853e-09	1.763510e-08	3.723067e+01	1.160341e+03
1.200000e-06	5.412070e-09	1.768009e-08	3.804770e+01	1.162533e+03
1.210000e-06	5.526191e-09	1.772262e-08	3.884999e+01	1.165134e+03
1.220000e-06	5.638212e-09	1.776013e-08	3.963751e+01	1.168152e+03
1.230000e-06	5.748217e-09	1.779303e-08	4.041087e+01	1.171391e+03
1.240000e-06	5.856202e-09	1.782335e-08	4.117002e+01	1.174537e+03
1.250000e-06	5.962048e-09	1.785401e-08	4.191414e+01	1.177277e+03
1.260000e-06	6.065692e-09	1.788485e-08	4.264277e+01	1.179406e+03
1.270000e-06	6.167108e-09	1.791352e-08	4.335575e+01	1.180882e+03
1.280000e-06	6.266222e-09	1.794051e-08	4.405254e+01	1.181841e+03
1.290000e-06	6.362961e-09	1.796552e-08	4.473263e+01	1.182542e+03
1.300000e-06	6.457400e-09	1.798987e-08	4.539656e+01	1.183283e+03
1.310000e-06	6.549583e-09	1.801266e-08	4.604462e+01	1.184306e+03
1.320000e-06	6.639402e-09	1.803381e-08	4.667606e+01	1.185728e+03
1.330000e-06	6.726835e-09	1.805361e-08	4.729074e+01	1.187509e+03
1.340000e-06	6.811947e-09	1.807369e-08	4.788909e+01	1.189478e+03
1.350000e-06	6.894653e-09	1.809297e-08	4.847052e+01	1.191390e+03
1.360000e-06	6.974831e-09	1.811099e-08	4.903419e+01	1.193011e+03
1.370000e-06	7.052446e-09	1.812800e-08	4.957984e+01	1.194189e+03
1.380000e-06	7.127405e-09	1.814538e-08	5.010682e+01	1.194901e+03
1.390000e-06	7.199708e-09	1.816174e-08	5.061512e+01	1.195256e+03
1.400000e-06	7.269501e-09	1.817576e-08	5.110578e+01	1.195457e+03
1.410000e-06	7.336728e-09	1.818845e-08	5.157840e+01	1.195733e+03
1.420000e-06	7.401298e-09	1.820133e-08	5.203234e+01	1.196265e+03
1.430000e-06	7.463336e-09	1.821551e-08	5.246847e+01	1.197137e+03
1.440000e-06	7.522830e-09	1.822743e-08	5.288673e+01	1.198308e+03
1.450000e-06	7.579649e-09	1.823840e-08	5.328617e+01	1.199631e+03
1.460000e-06	7.633669e-09	1.824945e-08	5.366595e+01	1.200902e+03
1.470000e-06	7.684613e-09	1.826118e-08	5.402409e+01	1.201928e+03
1.480000e-06	7.732508e-09	1.827117e-08	5.436081e+01	1.202583e+03
1.490000e-06	7.777678e-09	1.827936e-08	5.467836e+01	1.202850e+03
1.500000e-06	7.820084e-09	1.828715e-08	5.497649e+01	1.202821e+03
1.510000e-06	7.859656e-09	1.829514e-08	5.525469e+01	1.202664e+03
1.520000e-06	7.896519e-09	1.830375e-08	5.551384e+01	1.202571e+03
1.530000e-06	7.930581e-09	1.831049e-08	5.575330e+01	1.202692e+03
1.540000e-06	7.961796e-09	1.831629e-08	5.597275e+01	1.203096e+03
1.550000e-06	7.990237e-09	1.832149e-08	5.617270e+01	1.203745e+03
1.560000e-06	8.015742e-09	1.832643e-08	5.635200e+01	1.204513e+03
1.570000e-06	8.038333e-09	1.833067e-08	5.651082e+01	1.205224e+03
1.580000e-06	8.058153e-09	1.833476e-08	5.665016e+01	1.205716e+03
1.590000e-06	8.075052e-09	1.833907e-08	5.676896e+01	1.205886e+03
1.600000e-06	8.088875e-09	1.834319e-08	5.686614e+01	1.205726e+03
1.610000e-06	8.099530e-09	1.834574e-08	5.694106e+01	1.205323e+03
1.620000e-06	8.107131e-09	1.834701e-08	5.699449e+01	1.204830e+03
1.630000e-06	8.111898e-09	1.834918e-08	5.702801e+01	1.204416e+03
1.640000e-06	8.113778e-09	1.835263e-08	5.704122e+01	1.204213e+03
1.650000e-06	8.112838e-09	1.835296e-08	5.703461e+01	1.204272e+03
1.660000e-06	8.109219e-09	1.834283e-08	5.700917e+01	1.204550e+03
1.670000e-06	8.102839e-09	1.834015e-08	5.696432e+01	1.204920e+03
1.680000e-06	8.093738e-09	1.834021e-08	5.690034e+01	1.205216e+03
1.690000e-06	8.081815e-09	1.833714e-08	5.681652e+01	1.205283e+03
1.700000e-06	8.067049e-09	1.833821e-08	5.671272e+01	1.205030e+03
1.710000e-06	8.049820e-09	1.834921e-08	5.659160e+01	1.204455e+03
1.720000e-06	8.030243e-09	1.834709e-08	5.645397e+01	1.203648e+03
1.730000e-06	8.007916e-09	1.823639e-08	5.629701e+01	1.202764e+03
1.740000e-06	7.982179e-09	1.822589e-08	5.611607e+01	1.201973e+03
1.750000e-06	7.952639e-09	1.830431e-08	5.590841e+01	1.201408e+03
1.760000e-06	7.919830e-09	1.828769e-08	5.567776e+01	1.201121e+03
1.770000e-06	7.884557e-09	1.827559e-08	5.542978e+01	1.201072e+03
1.780000e-06	7.846967e-09	1.836515e-08	5.516552e+01	1.201135e+03
1.790000e-06	7.807331e-09	1.831854e-08	5.488687e+01	1.201142e+03
1.800000e-06	7.765694e-09	1.820808e-08	5.459415e+01	1.200936e+03
1.810000e-06	7.721397e-09	1.834050e-08	5.428274e+01	1.200414e+03
1.820000e-06	7.674338e-09	1.825847e-08	5.395192e+01	1.199564e+03
1.830000e-06	7.624370e-09	1.828177e-08	5.360063e+01	1.198462e+03
1.840000e-06	7.571143e-09	1.830280e-08	5.322644e+01	1.197249e+03
1.850000e-06	7.515090e-09	1.821552e-08	5.283238e+01	1.196084e+03
1.860000e-06	7.456362e-09	1.831555e-08	5.241951e+01	1.195089e+03
1.870000e-06	7.394975e-09	1.820014e-08	5.198795e+01	1.194312e+03
1.880000e-06	7.330898e-09	1.825694e-08	5.153748e+01	1.193709e+03
1.890000e-06	7.263949e-09	1.822078e-08	5.106682e+01	1.193158e+03
1.900000e-06	7.194198e-09	1.818005e-08	5.057646e+01	1.192494e+03
1.910000e-06	7.121574e-09	1.821747e-08	5.006590e+01	1.191569e+03
1.920000e-06	7.046150e-09	1.811586e-08	4.953566e+01	1.190292e+03
1.930000e-06	6.967942e-09	1.818344e-08	4.898585e+01	1.188667e+03
1.940000e-06	6.887119e-09	1.809128e-08	4.841765e+01	1.186790e+03
1.950000e-06	6.803872e-09	1.811931e-08	4.783241e+01	1.184819e+03
1.960000e-06	6.718056e-09	1.809973e-08	4.722911e+01	1.182930e+03
1.970000e-06	6.629760e-09	1.802131e-08	4.660838e+01	1.181257e+03
1.980000e-06	6.539136e-09	1.803802e-08	4.597128e+01	1.179852e+03
1.990000e-06	6.446222e-09	1.796099e-08	4.531808e+01	1.178666e+03
2.000000e-06	6.350979e-09	1.799618e-08	4.464850e+01	1.177562e+03
2.010000e-06	6.253484e-09	1.793848e-08	4.396310e+01	1.176360e+03
2.020000e-06	6.153767e-09	1.794017e-08	4.326207e+01	1.174891e+03
2.030000e-06	6.051790e-09	1.790245e-08	4.254516e+01	1.173050e+03
2.040000e-06	5.947681e-09	1.786489e-08	4.181326e+01	1.170832e+03
2.050000e-06	5.841530e-09	1.784756e-08	4.106700e+01	1.168333e+03
2.060000e-06	5.733402e-09	1.778332e-08	4.030684e+01	1.165721e+03
2.070000e-06	5.623181e-09	1.777653e-08	3.953197e+01	1.163181e+03
2.080000e-06	5.510850e-09	1.772430e-08	3.874226e+01	1.160853e+03
2.090000e-06	5.396405e-09	1.771766e-08	3.793770e+01	1.158790e+03
2.100000e-06	5.279890e-09	1.767314e-08	3.711858e+01	1.156932e+03
2.110000e-06	5.161389e-09	1.764286e-08	3.628550e+01	1.155123e+03
2.120000e-06	5.040981e-09	1.759456e-08	3.543901e+01	1.153157e+03
2.130000e-06	4.918799e-09	1.755462e-08	3.458005e+01	1.150842e+03
2.140000e-06	4.794822e-09	1.751325e-08	3.370847e+01	1.148061e+03
2.150000e-06	4.669077e-09	1.746541e-08	3.282446e+01	1.144809e+03
2.160000e-06	4.541593e-09	1.742426e-08	3.192824e+01	1.141200e+03
2.170000e-06	4.412494e-09	1.737770e-08	3.102064e+01	1.137426e+03
2.180000e-06	4.281829e-09	1.733895e-08	3.010205e+01	1.133704e+03
2.190000e-06	4.149582e-09	1.728168e-08	2.917233e+01	1.130201e+03
2.200000e-06	4.015796e-09	1.723405e-08	2.823180e+01	1.126975e+03
2.210000e-06	3.880467e-09	1.716964e-08	2.728041e+01	1.123955e+03
2.220000e-06	3.743578e-09	1.712330e-08	2.631806e+01	1.120957e+03
2.230000e-06	3.605227e-09	1.706152e-08	2.534543e+01	1.117733e+03
2.240000e-06	3.465522e-09	1.700707e-08	2.436328e+01	1.114054e+03
2.250000e-06	3.324499e-09	1.693978e-08	2.337187e+01	1.109776e+03
2.260000e-06	3.182201e-09	1.687362e-08	2.237149e+01	1.104892e+03
2.270000e-06	3.038661e-09	1.680761e-08	2.136238e+01	1.099536e+03
2.280000e-06	2.894010e-09	1.673438e-08	2.034545e+01	1.093941e+03
2.290000e-06	2.748342e-09	1.666184e-08	1.932139e+01	1.088363e+03
2.300000e-06	2.601720e-09	1.657729e-08	1.829061e+01	1.082992e+03
2.310000e-06	2.454196e-09	1.650067e-08	1.725349e+01	1.077883e+03
2.320000e-06	2.305860e-09	1.641195e-08	1.621066e+01	1.072922e+03
2.330000e-06	2.156742e-09	1.632401e-08	1.516234e+01	1.067847e+03
2.340000e-06	2.006900e-09	1.622289e-08	1.410893e+01	1.062321e+03
2.350000e-06	1.856407e-09	1.612194e-08	1.305094e+01	1.056030e+03
2.360000e-06	1.705303e-09	1.601613e-08	1.198865e+01	1.048782e+03
2.370000e-06	1.553675e-09	1.590448e-08	1.092268e+01	1.040570e+03
2.380000e-06	1.401534e-09	1.578552e-08	9.853105e+00	1.031580e+03
2.390000e-06	1.248907e-09	1.565719e-08	8.780111e+00	1.022131e+03
2.400000e-06	1.095821e-09	1.552677e-08	7.703887e+00	1.012562e+03
2.410000e-06	9.423449e-10	1.538609e-08	6.624926e+00	1.003109e+03
2.420000e-06	7.885423e-10	1.523702e-08	5.543668e+00	9.937860e+02
2.430000e-06	6.344813e-10	1.507271e-08	4.460593e+00	9.843410e+02
2.440000e-06	4.801973e-10	1.489742e-08	3.375951e+00	9.742779e+02
2.450000e-06	3.257124e-10	1.470821e-08	2.289896e+00	9.629626e+02
2.460000e-06	1.710803e-10	1.450390e-08	1.202807e+00	9.497767e+02
2.470000e-06	1.634530e-11	1.427968e-08	1.149944e-01	9.342725e+02
2.480000e-06	-1.384112e-10	1.403067e-08	-9.729696e-01	9.162749e+02
2.490000e-06	-2.931294e-10	1.375362e-08	-2.060664e+00	8.958841e+02
2.500000e-06	-4.477544e-10	1.344135e-08	-3.147704e+00	8.733574e+02
2.510000e-06	-6.022384e-10	1.308292e-08	-4.233752e+00	8.488830e+02
2.520000e-06	-7.565400e-10	1.266531e-08	-5.318518e+00	8.222961e+02
2.530000e-06	-9.105894e-10	1.218393e-08	-6.401511e+00	7.928101e+02
2.540000e-06	-1.064303e-09	1.163137e-08	-7.482142e+00	7.588485e+02
2.550000e-06	-1.217598e-09	1.098666e-08	-8.559834e+00	7.180485e+02
2.560000e-06	-1.370397e-09	1.021615e-08	-9.634038e+00	6.674738e+02
2.570000e-06	-1.522671e-09	9.278993e-09	-1.070455e+01	6.040264e+02
2.580000e-06	-1.674403e-09	8.131201e-09	-1.177125e+01	5.249977e+02
2.590000e-06	-1.825540e-09	6.729716e-09	-1.283377e+01	4.286576e+02
2.600000e-06	-1.976001e-09	5.041610e-09	-1.389153e+01	3.147610e+02
2.610000e-06	-2.125698e-09	3.064426e-09	-1.494393e+01	1.848558e+02
2.620000e-06	-2.274584e-09	8.440179e-10	-1.599063e+01	4.231444e+01
2.630000e-06	-2.422638e-09	-1.518216e-09	-1.703147e+01	-1.079411e+02
2.640000e-06	-2.569792e-09	-3.893775e-09	-1.806599e+01	-2.599838e+02
2.650000e-06	-2.715960e-09	-6.173038e-09	-1.909358e+01	-4.076041e+02
2.660000e-06	-2.861103e-09	-8.284326e-09	-2.011396e+01	-5.450828e+02
2.670000e-06	-3.005163e-09	-1.016935e-08	-2.112673e+01	-6.678734e+02
2.680000e-06	-3.148057e-09	-1.177490e-08	-2.213129e+01	-7.730762e+02
2.690000e-06	-3.289724e-09	-1.308601e-08	-2.312724e+01	-8.596286e+02
2.700000e-06	-3.430134e-09	-1.412913e-08	-2.411434e+01	-9.281968e+02
2.710000e-06	-3.569246e-09	-1.494662e-08	-2.509233e+01	-9.808131e+02
2.720000e-06	-3.707003e-09	-1.557980e-08	-2.606078e+01	-1.020351e+03
2.730000e-06	-3.843354e-09	-1.606895e-08	-2.701935e+01	-1.049952e+03
2.740000e-06	-3.978269e-09	-1.644667e-08	-2.796782e+01	-1.072524e+03
2.750000e-06	-4.111743e-09	-1.673887e-08	-2.890617e+01	-1.090383e+03
2.760000e-06	-4.243779e-09	-1.696340e-08	-2.983441e+01	-1.105104e+03
2.770000e-06	-4.374328e-09	-1.713575e-08	-3.075219e+01	-1.117549e+03
2.780000e-06	-4.503377e-09	-1.727219e-08	-3.165943e+01	-1.128046e+03
2.790000e-06	-4.630886e-09	-1.738353e-08	-3.255584e+01	-1.136639e+03
2.800000e-06	-4.756763e-09	-1.747484e-08	-3.344077e+01	-1.143324e+03
2.810000e-06	-4.880974e-09	-1.755008e-08	-3.431400e+01	-1.148225e+03
2.820000e-06	-5.003465e-09	-1.761419e-08	-3.517513e+01	-1.151667e+03
2.830000e-06	-5.124169e-09	-1.767031e-08	-3.602371e+01	-1.154138e+03
2.840000e-06	-5.242983e-09	-1.772091e-08	-3.685899e+01	-1.156192e+03
2.850000e-06	-5.359761e-09	-1.776520e-08	-3.767996e+01	-1.158311e+03
2.860000e-06	-5.474347e-09	-1.780431e-08	-3.848551e+01	-1.160799e+03
2.870000e-06	-5.586671e-09	-1.784098e-08	-3.927517e+01	-1.163724e+03
2.880000e-06	-5.696822e-09	-1.787783e-08	-4.004956e+01	-1.166933e+03
2.890000e-06	-5.804913e-09	-1.791263e-08	-4.080946e+01	-1.170132e+03
2.900000e-06	-5.911020e-09	-1.794299e-08	-4.155541e+01	-1.172999e+03
2.910000e-06	-6.015061e-09	-1.796979e-08	-4.228683e+01	-1.175290e+03
2.920000e-06	-6.116854e-09	-1.799492e-08	-4.300246e+01	-1.176923e+03
2.930000e-06	-6.216350e-09	-1.802089e-08	-4.370193e+01	-1.177991e+03
2.940000e-06	-6.313642e-09	-1.804595e-08	-4.438591e+01	-1.178729e+03
2.950000e-06	-6.408719e-09	-1.806857e-08	-4.505432e+01	-1.179433e+03
2.960000e-06	-6.501461e-09	-1.808895e-08	-4.570632e+01	-1.180369e+03
2.970000e-06	-6.591874e-09	-1.810946e-08	-4.634193e+01	-1.181687e+03
2.980000e-06	-6.679979e-09	-1.812945e-08	-4.696133e+01	-1.183390e+03
2.990000e-06	-6.765651e-09	-1.814620e-08	-4.756362e+01	-1.185332e+03
3.000000e-06	-6.848831e-09	-1.816076e-08	-4.814839e+01	-1.187281e+03
3.010000e-06	-6.929625e-09	-1.817501e-08	-4.871639e+01	-1.188993e+03
3.020000e-06	-7.007908e-09	-1.819070e-08	-4.926673e+01	-1.190288e+03
3.030000e-06	-7.083444e-09	-1.820584e-08	-4.979776e+01	-1.191111e+03
3.040000e-06	-7.156314e-09	-1.821936e-08	-5.031005e+01	-1.191539e+03
3.050000e-06	-7.226596e-09	-1.823166e-08	-5.080415e+01	-1.191757e+03
3.060000e-06	-7.294262e-09	-1.824454e-08	-5.127985e+01	-1.191993e+03
3.070000e-06	-7.359397e-09	-1.825654e-08	-5.173776e+01	-1.192449e+03
3.080000e-06	-7.421987e-09	-1.826655e-08	-5.217778e+01	-1.193234e+03
3.090000e-06	-7.481915e-09	-1.827569e-08	-5.259909e+01	-1.194340e+03
3.100000e-06	-7.539170e-09	-1.828403e-08	-5.300160e+01	-1.195642e+03
3.110000e-06	-7.593671e-09	-1.829347e-08	-5.338476e+01	-1.196945e+03
3.120000e-06	-7.645223e-09	-1.830253e-08	-5.374718e+01	-1.198046e+03
3.130000e-06	-7.693680e-09	-1.831055e-08	-5.408784e+01	-1.198800e+03
3.140000e-06	-7.739191e-09	-1.831740e-08	-5.440779e+01	-1.199159e+03
3.150000e-06	-7.782145e-09	-1.832482e-08	-5.470976e+01	-1.199190e+03
3.160000e-06	-7.822576e-09	-1.833138e-08	-5.499400e+01	-1.199047e+03
3.170000e-06	-7.860220e-09	-1.833640e-08	-5.525865e+01	-1.198920e+03
3.180000e-06	-7.895053e-09	-1.833876e-08	-5.550353e+01	-1.198977e+03
3.190000e-06	-7.927105e-09	-1.834041e-08	-5.572886e+01	-1.199310e+03
3.200000e-06	-7.956208e-09	-1.834199e-08	-5.593347e+01	-1.199906e+03
3.210000e-06	-7.982414e-09	-1.834416e-08	-5.611770e+01	-1.200658e+03
3.220000e-06	-8.005807e-09	-1.834581e-08	-5.628216e+01	-1.201399e+03
3.230000e-06	-8.026276e-09	-1.834694e-08	-5.642606e+01	-1.201958e+03
3.240000e-06	-8.043884e-09	-1.834892e-08	-5.654985e+01	-1.202213e+03
3.250000e-06	-8.058564e-09	-1.834963e-08	-5.665305e+01	-1.202130e+03
3.260000e-06	-8.070069e-09	-1.834830e-08	-5.673393e+01	-1.201775e+03
3.270000e-06	-8.078535e-09	-1.834484e-08	-5.679346e+01	-1.201288e+03
3.280000e-06	-8.084076e-09	-1.834063e-08	-5.683241e+01	-1.200839e+03
3.290000e-06	-8.086752e-09	-1.833460e-08	-5.685122e+01	-1.200574e+03
3.300000e-06	-8.086666e-09	-1.833160e-08	-5.685062e+01	-1.200568e+03
