# Configuracion:
# Concentracion g/m^3_=_16500.0
# C_Vs_to_Am_M_A/Vsm_=_65563218390.804596
# pendiente_HvsI_1/m_=_3716.3
# ordenada_HvsI_A/m_=_1297.0
# frecuencia_ref_Hz_=_302541.39194475504
# 
Resultados:
# tau_ns_=_(1.35+/-0.09)e+02
# dphi_rad_=_6.53+/-0.02
# SAR_W/g_=_1495.35+/-246.16
# Hc_kA/m_=_16.73+/-0.98
# Mr_A/m_=_923.42+/-106.87
# Magnetizacion_max_=_1176.80+/-120.78
# Suceptibilidad_a_M=0_=_(1.383+/-0.139)e-01

Nombre_archivo	Time_m_(s)	Temperatura_(ºC)	Mr_(A/m)	Hc_(kA/m)	Campo_max_(A/m)	Mag_max_(A/m)	f0	mag0	dphi0	SAR_(W/g)	Tau_(ns)	N	xi_M_0
300kHz_150dA_100Mss_bobN1M16-0019.txt	11.62	26.98	1033.10	18.37	57041.50	1303.47	3.025719e+05	1.073091e+02	6.560828e+00	1810.53	149.927774	4627	1.497e-01
300kHz_150dA_100Mss_bobN1M16-0020.txt	12.08	29.76	1033.21	18.18	57041.50	1304.13	3.025719e+05	1.074331e+02	6.557919e+00	1794.12	148.273850	4627	1.510e-01
300kHz_150dA_100Mss_bobN1M16-0021.txt	12.52	32.32	1036.50	18.12	57041.50	1300.91	3.025719e+05	1.073057e+02	6.558381e+00	1794.92	148.536628	4627	1.513e-01
300kHz_150dA_100Mss_bobN1M16-0022.txt	12.98	34.98	1038.89	18.03	57041.50	1305.48	3.025719e+05	1.076653e+02	6.556844e+00	1791.13	147.663817	4627	1.495e-01
300kHz_150dA_100Mss_bobN1M16-0023.txt	13.43	37.51	1042.14	17.90	57041.50	1308.00	3.025719e+05	1.079522e+02	6.555212e+00	1785.46	146.737615	4627	1.519e-01
300kHz_150dA_100Mss_bobN1M16-0024.txt	13.88	40.03	1042.58	17.72	57041.50	1307.83	3.025719e+05	1.080025e+02	6.552386e+00	1768.19	145.136202	4627	1.528e-01
300kHz_150dA_100Mss_bobN1M16-0025.txt	14.33	42.48	1044.48	17.64	57041.50	1318.16	3.025065e+05	1.087510e+02	6.550108e+00	1765.36	143.848418	4628	1.549e-01
300kHz_150dA_100Mss_bobN1M16-0026.txt	14.79	44.97	1041.39	17.51	57041.50	1312.93	3.025719e+05	1.083735e+02	6.548109e+00	1746.75	142.718833	4627	1.555e-01
300kHz_150dA_100Mss_bobN1M16-0027.txt	15.23	47.11	1036.31	17.43	57041.50	1304.16	3.025719e+05	1.077011e+02	6.547571e+00	1732.46	142.414960	4627	1.541e-01
300kHz_150dA_100Mss_bobN1M16-0028.txt	15.68	49.09	1024.25	17.27	57041.50	1297.84	3.025719e+05	1.070433e+02	6.543591e+00	1696.56	140.171930	4627	1.518e-01
300kHz_150dA_100Mss_bobN1M16-0029.txt	16.13	50.85	1009.23	17.19	57041.50	1273.36	3.025719e+05	1.051311e+02	6.542840e+00	1661.55	139.749384	4627	1.493e-01
300kHz_150dA_100Mss_bobN1M16-0030.txt	16.58	52.07	988.05	17.01	57041.50	1249.07	3.025719e+05	1.030881e+02	6.539684e+00	1609.90	137.972511	4627	1.461e-01
300kHz_150dA_100Mss_bobN1M16-0031.txt	17.03	53.24	965.37	16.84	57041.50	1221.94	3.025719e+05	1.008591e+02	6.536631e+00	1556.75	136.257126	4627	1.457e-01
300kHz_150dA_100Mss_bobN1M16-0032.txt	17.48	53.78	940.28	16.77	57041.50	1188.39	3.025065e+05	9.814069e+01	6.536130e+00	1511.53	135.975743	4628	1.433e-01
300kHz_150dA_100Mss_bobN1M16-0033.txt	17.96	54.35	908.28	16.60	57041.50	1150.89	3.025719e+05	9.502913e+01	6.532822e+00	1445.18	134.120365	4627	1.387e-01
300kHz_150dA_100Mss_bobN1M16-0034.txt	18.41	54.24	879.43	16.45	57041.50	1114.24	3.025719e+05	9.205777e+01	6.531381e+00	1392.08	133.313182	4627	1.339e-01
300kHz_150dA_100Mss_bobN1M16-0035.txt	18.86	54.06	851.65	16.20	57041.50	1095.11	3.025719e+05	9.025792e+01	6.524910e+00	1329.98	129.695723	4627	1.312e-01
300kHz_150dA_100Mss_bobN1M16-0036.txt	19.32	53.49	827.29	16.14	57041.50	1063.21	3.025719e+05	8.767189e+01	6.524352e+00	1288.96	129.385372	4627	1.254e-01
300kHz_150dA_100Mss_bobN1M16-0037.txt	19.78	52.75	806.55	15.95	57041.50	1041.91	3.025719e+05	8.584223e+01	6.520541e+00	1242.49	127.260290	4627	1.201e-01
300kHz_150dA_100Mss_bobN1M16-0038.txt	20.66	51.21	777.27	15.75	57041.50	1008.65	3.025719e+05	8.309477e+01	6.517691e+00	1188.55	125.675250	4627	1.169e-01
300kHz_150dA_100Mss_bobN1M16-0039.txt	21.11	50.58	766.14	15.56	57041.50	994.70	3.025719e+05	8.199927e+01	6.514973e+00	1159.53	124.162973	4627	1.159e-01
300kHz_150dA_100Mss_bobN1M16-0040.txt	21.57	50.49	757.35	15.49	57041.50	990.69	3.025719e+05	8.155337e+01	6.512708e+00	1142.15	122.906672	4627	1.145e-01
300kHz_150dA_100Mss_bobN1M16-0041.txt	22.02	50.48	786.81	15.55	57041.50	1023.90	3.025719e+05	8.434347e+01	6.514235e+00	1188.95	123.754940	4627	1.202e-01
300kHz_150dA_100Mss_bobN1M16-0042.txt	22.47	52.28	789.30	15.48	57041.50	1026.62	3.025719e+05	8.458874e+01	6.513723e+00	1189.81	123.469494	4627	1.222e-01
300kHz_150dA_100Mss_bobN1M16-0043.txt	22.93	54.12	809.26	15.51	57041.50	1053.98	3.025719e+05	8.679571e+01	6.513613e+00	1220.28	123.408059	4627	1.250e-01
300kHz_150dA_100Mss_bobN1M16-0044.txt	23.39	56.70	853.75	15.53	57041.50	1110.92	3.025719e+05	9.146020e+01	6.513938e+00	1287.65	123.588850	4627	1.330e-01
300kHz_150dA_100Mss_bobN1M16-0045.txt	23.84	59.36	843.55	15.54	57041.50	1103.23	3.025719e+05	9.070288e+01	6.513301e+00	1273.52	123.234859	4627	1.312e-01
