# Temperatura_=_59.443333333333335
# Concentracion g/m^3_=_20000.0
# C_Vs_to_Am_M_A/Vsm_=_59384043850.047264
# pendiente_HvsI_1/m_=_3716.3
# ordenada_HvsI_A/m_=_1297.0
# frecuencia_Hz_=_301359.86197335756
# Promedio de 15 ciclos

Tiempo_(s)	Campo_(V.s)	Magnetizacion_(V.s)	Campo_(kA/m)	Magnetizacion_(A/m)
0.000000e+00	-6.717712e-09	-2.530948e-08	-4.772406e+01	-1.502031e+03
1.000000e-08	-6.715599e-09	-2.530741e-08	-4.770905e+01	-1.501967e+03
2.000000e-08	-6.711162e-09	-2.530591e-08	-4.767754e+01	-1.501775e+03
3.000000e-08	-6.704584e-09	-2.530066e-08	-4.763082e+01	-1.501448e+03
4.000000e-08	-6.695871e-09	-2.529090e-08	-4.756893e+01	-1.500977e+03
5.000000e-08	-6.684814e-09	-2.527960e-08	-4.749038e+01	-1.500360e+03
6.000000e-08	-6.671308e-09	-2.526817e-08	-4.739444e+01	-1.499600e+03
7.000000e-08	-6.655331e-09	-2.525632e-08	-4.728095e+01	-1.498706e+03
8.000000e-08	-6.636885e-09	-2.523140e-08	-4.714991e+01	-1.497689e+03
9.000000e-08	-6.615992e-09	-2.518745e-08	-4.700150e+01	-1.496561e+03
1.000000e-07	-6.592484e-09	-2.516395e-08	-4.683450e+01	-1.495334e+03
1.100000e-07	-6.566343e-09	-2.517014e-08	-4.664879e+01	-1.494017e+03
1.200000e-07	-6.537933e-09	-2.516287e-08	-4.644697e+01	-1.492613e+03
1.300000e-07	-6.507711e-09	-2.513974e-08	-4.623227e+01	-1.491121e+03
1.400000e-07	-6.475871e-09	-2.512500e-08	-4.600608e+01	-1.489533e+03
1.500000e-07	-6.442122e-09	-2.507288e-08	-4.576633e+01	-1.487837e+03
1.600000e-07	-6.406108e-09	-2.502759e-08	-4.551049e+01	-1.486023e+03
1.700000e-07	-6.368004e-09	-2.501724e-08	-4.523980e+01	-1.484082e+03
1.800000e-07	-6.327697e-09	-2.496211e-08	-4.495346e+01	-1.482016e+03
1.900000e-07	-6.284841e-09	-2.493628e-08	-4.464901e+01	-1.479833e+03
2.000000e-07	-6.239697e-09	-2.492000e-08	-4.432830e+01	-1.477552e+03
2.100000e-07	-6.192296e-09	-2.487193e-08	-4.399157e+01	-1.475193e+03
2.200000e-07	-6.142417e-09	-2.483509e-08	-4.363723e+01	-1.472774e+03
2.300000e-07	-6.090017e-09	-2.477474e-08	-4.326497e+01	-1.470301e+03
2.400000e-07	-6.035163e-09	-2.472558e-08	-4.287528e+01	-1.467769e+03
2.500000e-07	-5.978074e-09	-2.469441e-08	-4.246972e+01	-1.465160e+03
2.600000e-07	-5.918800e-09	-2.465398e-08	-4.204863e+01	-1.462447e+03
2.700000e-07	-5.857398e-09	-2.461575e-08	-4.161243e+01	-1.459607e+03
2.800000e-07	-5.793979e-09	-2.456053e-08	-4.116190e+01	-1.456626e+03
2.900000e-07	-5.728457e-09	-2.450094e-08	-4.069642e+01	-1.453505e+03
3.000000e-07	-5.660781e-09	-2.444210e-08	-4.021565e+01	-1.450257e+03
3.100000e-07	-5.591020e-09	-2.438403e-08	-3.972005e+01	-1.446907e+03
3.200000e-07	-5.519269e-09	-2.432630e-08	-3.921033e+01	-1.443475e+03
3.300000e-07	-5.445495e-09	-2.426833e-08	-3.868623e+01	-1.439973e+03
3.400000e-07	-5.369558e-09	-2.422604e-08	-3.814677e+01	-1.436397e+03
3.500000e-07	-5.291471e-09	-2.416419e-08	-3.759203e+01	-1.432729e+03
3.600000e-07	-5.211269e-09	-2.408846e-08	-3.702226e+01	-1.428944e+03
3.700000e-07	-5.129084e-09	-2.401737e-08	-3.643841e+01	-1.425018e+03
3.800000e-07	-5.045171e-09	-2.394742e-08	-3.584229e+01	-1.420941e+03
3.900000e-07	-4.959657e-09	-2.387932e-08	-3.523478e+01	-1.416717e+03
4.000000e-07	-4.872533e-09	-2.380690e-08	-3.461584e+01	-1.412365e+03
4.100000e-07	-4.783742e-09	-2.373817e-08	-3.398505e+01	-1.407910e+03
4.200000e-07	-4.693207e-09	-2.366615e-08	-3.334188e+01	-1.403373e+03
4.300000e-07	-4.600904e-09	-2.358916e-08	-3.268615e+01	-1.398763e+03
4.400000e-07	-4.506942e-09	-2.350530e-08	-3.201863e+01	-1.394071e+03
4.500000e-07	-4.411400e-09	-2.341769e-08	-3.133989e+01	-1.389276e+03
4.600000e-07	-4.314272e-09	-2.333504e-08	-3.064987e+01	-1.384354e+03
4.700000e-07	-4.215553e-09	-2.325201e-08	-2.994856e+01	-1.379283e+03
4.800000e-07	-4.115257e-09	-2.316546e-08	-2.923604e+01	-1.374058e+03
4.900000e-07	-4.013513e-09	-2.307491e-08	-2.851323e+01	-1.368691e+03
5.000000e-07	-3.910420e-09	-2.298537e-08	-2.778084e+01	-1.363202e+03
5.100000e-07	-3.805956e-09	-2.289409e-08	-2.703872e+01	-1.357613e+03
5.200000e-07	-3.700082e-09	-2.279717e-08	-2.628657e+01	-1.351936e+03
5.300000e-07	-3.592782e-09	-2.269760e-08	-2.552429e+01	-1.346171e+03
5.400000e-07	-3.484159e-09	-2.259722e-08	-2.475262e+01	-1.340297e+03
5.500000e-07	-3.374344e-09	-2.249688e-08	-2.397247e+01	-1.334289e+03
5.600000e-07	-3.263398e-09	-2.239363e-08	-2.318429e+01	-1.328123e+03
5.700000e-07	-3.151315e-09	-2.228673e-08	-2.238804e+01	-1.321787e+03
5.800000e-07	-3.038042e-09	-2.217861e-08	-2.158333e+01	-1.315288e+03
5.900000e-07	-2.923555e-09	-2.206990e-08	-2.076999e+01	-1.308647e+03
6.000000e-07	-2.807867e-09	-2.195759e-08	-1.994813e+01	-1.301886e+03
6.100000e-07	-2.691040e-09	-2.184100e-08	-1.911817e+01	-1.295025e+03
6.200000e-07	-2.573200e-09	-2.172425e-08	-1.828101e+01	-1.288063e+03
6.300000e-07	-2.454451e-09	-2.160698e-08	-1.743739e+01	-1.280983e+03
6.400000e-07	-2.334841e-09	-2.148407e-08	-1.658766e+01	-1.273753e+03
6.500000e-07	-2.214417e-09	-2.135542e-08	-1.573215e+01	-1.266343e+03
6.600000e-07	-2.093211e-09	-2.122572e-08	-1.487108e+01	-1.258731e+03
6.700000e-07	-1.971238e-09	-2.109632e-08	-1.400455e+01	-1.250919e+03
6.800000e-07	-1.848526e-09	-2.096307e-08	-1.313279e+01	-1.242926e+03
6.900000e-07	-1.725093e-09	-2.082463e-08	-1.225590e+01	-1.234781e+03
7.000000e-07	-1.600986e-09	-2.068582e-08	-1.137422e+01	-1.226511e+03
7.100000e-07	-1.476298e-09	-2.054678e-08	-1.048841e+01	-1.218123e+03
7.200000e-07	-1.351136e-09	-2.040293e-08	-9.599227e+00	-1.209601e+03
7.300000e-07	-1.225550e-09	-2.025299e-08	-8.707039e+00	-1.200904e+03
7.400000e-07	-1.099554e-09	-2.010070e-08	-7.811939e+00	-1.191987e+03
7.500000e-07	-9.731887e-10	-1.994747e-08	-6.914215e+00	-1.182812e+03
7.600000e-07	-8.465117e-10	-1.978964e-08	-6.014276e+00	-1.173362e+03
7.700000e-07	-7.195642e-10	-1.962636e-08	-5.112415e+00	-1.163649e+03
7.800000e-07	-5.923835e-10	-1.946032e-08	-4.208898e+00	-1.153706e+03
7.900000e-07	-4.650140e-10	-1.929295e-08	-3.304039e+00	-1.143566e+03
8.000000e-07	-3.374882e-10	-1.912016e-08	-2.398068e+00	-1.133241e+03
8.100000e-07	-2.098485e-10	-1.893997e-08	-1.491289e+00	-1.122709e+03
8.200000e-07	-8.213104e-11	-1.875602e-08	-5.839567e-01	-1.111905e+03
8.300000e-07	4.562262e-11	-1.856816e-08	3.236329e-01	-1.100738e+03
8.400000e-07	1.733359e-10	-1.837267e-08	1.230936e+00	-1.089111e+03
8.500000e-07	3.009759e-10	-1.816787e-08	2.137719e+00	-1.076948e+03
8.600000e-07	4.285138e-10	-1.795516e-08	3.043776e+00	-1.064220e+03
8.700000e-07	5.559041e-10	-1.773437e-08	3.948785e+00	-1.050948e+03
8.800000e-07	6.831075e-10	-1.750244e-08	4.852466e+00	-1.037195e+03
8.900000e-07	8.100698e-10	-1.725976e-08	5.754434e+00	-1.023043e+03
9.000000e-07	9.367424e-10	-1.701221e-08	6.654343e+00	-1.008563e+03
9.100000e-07	1.063088e-09	-1.676331e-08	7.551933e+00	-9.937880e+02
9.200000e-07	1.189078e-09	-1.651041e-08	8.446991e+00	-9.787016e+02
9.300000e-07	1.314684e-09	-1.624877e-08	9.339330e+00	-9.632381e+02
9.400000e-07	1.439890e-09	-1.597767e-08	1.022882e+01	-9.472965e+02
9.500000e-07	1.564649e-09	-1.569846e-08	1.111513e+01	-9.307590e+02
9.600000e-07	1.688859e-09	-1.540827e-08	1.199755e+01	-9.135036e+02
9.700000e-07	1.812412e-09	-1.510338e-08	1.287531e+01	-8.954068e+02
9.800000e-07	1.935251e-09	-1.478136e-08	1.374798e+01	-8.763340e+02
9.900000e-07	2.057375e-09	-1.443991e-08	1.461558e+01	-8.561218e+02
1.000000e-06	2.178760e-09	-1.407481e-08	1.547793e+01	-8.345590e+02
1.010000e-06	2.299323e-09	-1.368104e-08	1.633443e+01	-8.113746e+02
1.020000e-06	2.419029e-09	-1.325391e-08	1.718485e+01	-7.862343e+02
1.030000e-06	2.537865e-09	-1.278829e-08	1.802909e+01	-7.587448e+02
1.040000e-06	2.655806e-09	-1.227629e-08	1.886697e+01	-7.284593e+02
1.050000e-06	2.772777e-09	-1.170684e-08	1.969796e+01	-6.948779e+02
1.060000e-06	2.888628e-09	-1.106972e-08	2.052100e+01	-6.574390e+02
1.070000e-06	3.003247e-09	-1.035526e-08	2.133528e+01	-6.155061e+02
1.080000e-06	3.116642e-09	-9.552650e-09	2.214086e+01	-5.683611e+02
1.090000e-06	3.228846e-09	-8.647096e-09	2.293799e+01	-5.152193e+02
1.100000e-06	3.339901e-09	-7.625401e-09	2.372695e+01	-4.552810e+02
1.110000e-06	3.449861e-09	-6.476787e-09	2.450813e+01	-3.878251e+02
1.120000e-06	3.558727e-09	-5.193844e-09	2.528155e+01	-3.123389e+02
1.130000e-06	3.666362e-09	-3.772903e-09	2.604621e+01	-2.286619e+02
1.140000e-06	3.772600e-09	-2.217575e-09	2.680096e+01	-1.371133e+02
1.150000e-06	3.877398e-09	-5.433890e-10	2.754547e+01	-3.856807e+01
1.160000e-06	3.980772e-09	1.225050e-09	2.827986e+01	6.554273e+01
1.170000e-06	4.082767e-09	3.053491e-09	2.900446e+01	1.733201e+02
1.180000e-06	4.183381e-09	4.902850e-09	2.971925e+01	2.825620e+02
1.190000e-06	4.282465e-09	6.733092e-09	3.042317e+01	3.909782e+02
1.200000e-06	4.379884e-09	8.506825e-09	3.111526e+01	4.964125e+02
1.210000e-06	4.475647e-09	1.019476e-08	3.179559e+01	5.970343e+02
1.220000e-06	4.569863e-09	1.177856e-08	3.246492e+01	6.914638e+02
1.230000e-06	4.662611e-09	1.324577e-08	3.312383e+01	7.788185e+02
1.240000e-06	4.753770e-09	1.458710e-08	3.377145e+01	8.586834e+02
1.250000e-06	4.843168e-09	1.580025e-08	3.440656e+01	9.310272e+02
1.260000e-06	4.930778e-09	1.688915e-08	3.502896e+01	9.960918e+02
1.270000e-06	5.016696e-09	1.786083e-08	3.563935e+01	1.054285e+03
1.280000e-06	5.100972e-09	1.872417e-08	3.623807e+01	1.106096e+03
1.290000e-06	5.183455e-09	1.948800e-08	3.682405e+01	1.152044e+03
1.300000e-06	5.263994e-09	2.016392e-08	3.739623e+01	1.192654e+03
1.310000e-06	5.342622e-09	2.076138e-08	3.795483e+01	1.228450e+03
1.320000e-06	5.419313e-09	2.128740e-08	3.849966e+01	1.259956e+03
1.330000e-06	5.493899e-09	2.174933e-08	3.902955e+01	1.287686e+03
1.340000e-06	5.566366e-09	2.215573e-08	3.954438e+01	1.312131e+03
1.350000e-06	5.636863e-09	2.251636e-08	4.004521e+01	1.333740e+03
1.360000e-06	5.705425e-09	2.283668e-08	4.053230e+01	1.352904e+03
1.370000e-06	5.771897e-09	2.311973e-08	4.100453e+01	1.369942e+03
1.380000e-06	5.836227e-09	2.337017e-08	4.146156e+01	1.385112e+03
1.390000e-06	5.898568e-09	2.359316e-08	4.190445e+01	1.398617e+03
1.400000e-06	5.958976e-09	2.379096e-08	4.233360e+01	1.410631e+03
1.410000e-06	6.017263e-09	2.396608e-08	4.274770e+01	1.421314e+03
1.420000e-06	6.073309e-09	2.412257e-08	4.314587e+01	1.430821e+03
1.430000e-06	6.127098e-09	2.426390e-08	4.352800e+01	1.439306e+03
1.440000e-06	6.178415e-09	2.439088e-08	4.389258e+01	1.446911e+03
1.450000e-06	6.227172e-09	2.450333e-08	4.423897e+01	1.453761e+03
1.460000e-06	6.273633e-09	2.460369e-08	4.456905e+01	1.459950e+03
1.470000e-06	6.318003e-09	2.469529e-08	4.488426e+01	1.465544e+03
1.480000e-06	6.360113e-09	2.477760e-08	4.518343e+01	1.470587e+03
1.490000e-06	6.399854e-09	2.485016e-08	4.546577e+01	1.475110e+03
1.500000e-06	6.437417e-09	2.491615e-08	4.573263e+01	1.479142e+03
1.510000e-06	6.472811e-09	2.497671e-08	4.598409e+01	1.482723e+03
1.520000e-06	6.505832e-09	2.503022e-08	4.621869e+01	1.485897e+03
1.530000e-06	6.536534e-09	2.507606e-08	4.643681e+01	1.488718e+03
1.540000e-06	6.565080e-09	2.511676e-08	4.663961e+01	1.491234e+03
1.550000e-06	6.591275e-09	2.515390e-08	4.682572e+01	1.493480e+03
1.560000e-06	6.614993e-09	2.518577e-08	4.699422e+01	1.495479e+03
1.570000e-06	6.636446e-09	2.521179e-08	4.714664e+01	1.497239e+03
1.580000e-06	6.655692e-09	2.523399e-08	4.728338e+01	1.498757e+03
1.590000e-06	6.672525e-09	2.525344e-08	4.740297e+01	1.500032e+03
1.600000e-06	6.686876e-09	2.526864e-08	4.750494e+01	1.501069e+03
1.610000e-06	6.698700e-09	2.527985e-08	4.758895e+01	1.501883e+03
1.620000e-06	6.707896e-09	2.528975e-08	4.765429e+01	1.502497e+03
1.630000e-06	6.714661e-09	2.529803e-08	4.770235e+01	1.502939e+03
1.640000e-06	6.719190e-09	2.530211e-08	4.773453e+01	1.503234e+03
1.650000e-06	6.721352e-09	2.530175e-08	4.774990e+01	1.503401e+03
1.660000e-06	6.721117e-09	2.530151e-08	4.774824e+01	1.503448e+03
1.670000e-06	6.718721e-09	2.530295e-08	4.773123e+01	1.503375e+03
1.680000e-06	6.714206e-09	2.529940e-08	4.769916e+01	1.503173e+03
1.690000e-06	6.707424e-09	2.529043e-08	4.765099e+01	1.502834e+03
1.700000e-06	6.698435e-09	2.528036e-08	4.758713e+01	1.502352e+03
1.710000e-06	6.687280e-09	2.527133e-08	4.750790e+01	1.501723e+03
1.720000e-06	6.673791e-09	2.525779e-08	4.741208e+01	1.500953e+03
1.730000e-06	6.658066e-09	2.524226e-08	4.730037e+01	1.500049e+03
1.740000e-06	6.640288e-09	2.525377e-08	4.717408e+01	1.499023e+03
1.750000e-06	6.620063e-09	2.525739e-08	4.703041e+01	1.497887e+03
1.760000e-06	6.596782e-09	2.521085e-08	4.686503e+01	1.496653e+03
1.770000e-06	6.570578e-09	2.515748e-08	4.667888e+01	1.495329e+03
1.780000e-06	6.541985e-09	2.510849e-08	4.647576e+01	1.493919e+03
1.790000e-06	6.511336e-09	2.507722e-08	4.625803e+01	1.492419e+03
1.800000e-06	6.478972e-09	2.511026e-08	4.602811e+01	1.490823e+03
1.810000e-06	6.444787e-09	2.507850e-08	4.578526e+01	1.489118e+03
1.820000e-06	6.408418e-09	2.500818e-08	4.552690e+01	1.487294e+03
1.830000e-06	6.369837e-09	2.501004e-08	4.525282e+01	1.485343e+03
1.840000e-06	6.328977e-09	2.494913e-08	4.496255e+01	1.483267e+03
1.850000e-06	6.285915e-09	2.489808e-08	4.465664e+01	1.481076e+03
1.860000e-06	6.240718e-09	2.486302e-08	4.433556e+01	1.478788e+03
1.870000e-06	6.193176e-09	2.480649e-08	4.399782e+01	1.476424e+03
1.880000e-06	6.143356e-09	2.481750e-08	4.364390e+01	1.474001e+03
1.890000e-06	6.091137e-09	2.477451e-08	4.327293e+01	1.471524e+03
1.900000e-06	6.036397e-09	2.470990e-08	4.288405e+01	1.468987e+03
1.910000e-06	5.979461e-09	2.466203e-08	4.247958e+01	1.466370e+03
1.920000e-06	5.920406e-09	2.459786e-08	4.206005e+01	1.463648e+03
1.930000e-06	5.859211e-09	2.457480e-08	4.162531e+01	1.460797e+03
1.940000e-06	5.795845e-09	2.451367e-08	4.117515e+01	1.457805e+03
1.950000e-06	5.730382e-09	2.446470e-08	4.071010e+01	1.454673e+03
1.960000e-06	5.662871e-09	2.443049e-08	4.023049e+01	1.451417e+03
1.970000e-06	5.593110e-09	2.436529e-08	3.973490e+01	1.448060e+03
1.980000e-06	5.521222e-09	2.430239e-08	3.922420e+01	1.444622e+03
1.990000e-06	5.447340e-09	2.421330e-08	3.869934e+01	1.441114e+03
2.000000e-06	5.371371e-09	2.417163e-08	3.815965e+01	1.437532e+03
2.010000e-06	5.293250e-09	2.412295e-08	3.760467e+01	1.433856e+03
2.020000e-06	5.213137e-09	2.405232e-08	3.703553e+01	1.430060e+03
2.030000e-06	5.131273e-09	2.399205e-08	3.645396e+01	1.426123e+03
2.040000e-06	5.047625e-09	2.391643e-08	3.585971e+01	1.422034e+03
2.050000e-06	4.962112e-09	2.385191e-08	3.525222e+01	1.417799e+03
2.060000e-06	4.874732e-09	2.376202e-08	3.463146e+01	1.413438e+03
2.070000e-06	4.785649e-09	2.368537e-08	3.399861e+01	1.408976e+03
2.080000e-06	4.694963e-09	2.361857e-08	3.335435e+01	1.404433e+03
2.090000e-06	4.602614e-09	2.354680e-08	3.269830e+01	1.399817e+03
2.100000e-06	4.508559e-09	2.346903e-08	3.203012e+01	1.395118e+03
2.110000e-06	4.412830e-09	2.337656e-08	3.135004e+01	1.390314e+03
2.120000e-06	4.315613e-09	2.329869e-08	3.065940e+01	1.385380e+03
2.130000e-06	4.216963e-09	2.321110e-08	2.995857e+01	1.380297e+03
2.140000e-06	4.116818e-09	2.311948e-08	2.924713e+01	1.375061e+03
2.150000e-06	4.015084e-09	2.302676e-08	2.852439e+01	1.369684e+03
2.160000e-06	3.911765e-09	2.294080e-08	2.779040e+01	1.364186e+03
2.170000e-06	3.807040e-09	2.285441e-08	2.704641e+01	1.358590e+03
2.180000e-06	3.701068e-09	2.275349e-08	2.629357e+01	1.352907e+03
2.190000e-06	3.593911e-09	2.265157e-08	2.553231e+01	1.347134e+03
2.200000e-06	3.485510e-09	2.255163e-08	2.476221e+01	1.341250e+03
2.210000e-06	3.375833e-09	2.245351e-08	2.398305e+01	1.335230e+03
2.220000e-06	3.264851e-09	2.234709e-08	2.319461e+01	1.329051e+03
2.230000e-06	3.152630e-09	2.223645e-08	2.239738e+01	1.322702e+03
2.240000e-06	3.039226e-09	2.212789e-08	2.159173e+01	1.316192e+03
2.250000e-06	2.924651e-09	2.202029e-08	2.077778e+01	1.309540e+03
2.260000e-06	2.808967e-09	2.190511e-08	1.995593e+01	1.302771e+03
2.270000e-06	2.692146e-09	2.178456e-08	1.912602e+01	1.295902e+03
2.280000e-06	2.574176e-09	2.166538e-08	1.828794e+01	1.288932e+03
2.290000e-06	2.455141e-09	2.154892e-08	1.744230e+01	1.281841e+03
2.300000e-06	2.335221e-09	2.142695e-08	1.659036e+01	1.274598e+03
2.310000e-06	2.214534e-09	2.129793e-08	1.573297e+01	1.267172e+03
2.320000e-06	2.093115e-09	2.117070e-08	1.487039e+01	1.259545e+03
2.330000e-06	1.970996e-09	2.104202e-08	1.400283e+01	1.251717e+03
2.340000e-06	1.848200e-09	2.090701e-08	1.313047e+01	1.243711e+03
2.350000e-06	1.724744e-09	2.076494e-08	1.225341e+01	1.235556e+03
2.360000e-06	1.600668e-09	2.062734e-08	1.137195e+01	1.227277e+03
2.370000e-06	1.476025e-09	2.049116e-08	1.048646e+01	1.218880e+03
2.380000e-06	1.350877e-09	2.034772e-08	9.597389e+00	1.210345e+03
2.390000e-06	1.225259e-09	2.019735e-08	8.704975e+00	1.201633e+03
2.400000e-06	1.099176e-09	2.004468e-08	7.809256e+00	1.192696e+03
2.410000e-06	9.726527e-10	1.989200e-08	6.910412e+00	1.183499e+03
2.420000e-06	8.457129e-10	1.973205e-08	6.008606e+00	1.174028e+03
2.430000e-06	7.184253e-10	1.956642e-08	5.104329e+00	1.164296e+03
2.440000e-06	5.908684e-10	1.939959e-08	4.198138e+00	1.154337e+03
2.450000e-06	4.631132e-10	1.923232e-08	3.290538e+00	1.144182e+03
2.460000e-06	3.352173e-10	1.905898e-08	2.381938e+00	1.133842e+03
2.470000e-06	2.071919e-10	1.887714e-08	1.472419e+00	1.123291e+03
2.480000e-06	7.907442e-11	1.869135e-08	5.622441e-01	1.112462e+03
2.490000e-06	-4.906768e-11	1.850222e-08	-3.481058e-01	1.101262e+03
2.500000e-06	-1.771755e-10	1.830808e-08	-1.258212e+00	1.089594e+03
2.510000e-06	-3.052095e-10	1.810511e-08	-2.167794e+00	1.077388e+03
2.520000e-06	-4.331236e-10	1.789148e-08	-3.076524e+00	1.064616e+03
2.530000e-06	-5.608921e-10	1.766876e-08	-3.984221e+00	1.051303e+03
2.540000e-06	-6.884820e-10	1.743733e-08	-4.890648e+00	1.037516e+03
2.550000e-06	-8.157937e-10	1.719753e-08	-5.795098e+00	1.023337e+03
2.560000e-06	-9.427309e-10	1.695218e-08	-6.696889e+00	1.008833e+03
2.570000e-06	-1.069258e-09	1.670405e-08	-7.595766e+00	9.940350e+02
2.580000e-06	-1.195364e-09	1.645237e-08	-8.491648e+00	9.789214e+02
2.590000e-06	-1.321036e-09	1.619357e-08	-9.384448e+00	9.634236e+02
2.600000e-06	-1.446242e-09	1.592535e-08	-1.027394e+01	9.474389e+02
2.610000e-06	-1.570922e-09	1.564680e-08	-1.115970e+01	9.308487e+02
2.620000e-06	-1.695005e-09	1.535644e-08	-1.204121e+01	9.135311e+02
2.630000e-06	-1.818431e-09	1.505125e-08	-1.291806e+01	8.953619e+02
2.640000e-06	-1.941178e-09	1.472849e-08	-1.379008e+01	8.762050e+02
2.650000e-06	-2.063233e-09	1.438612e-08	-1.465719e+01	8.558935e+02
2.660000e-06	-2.184581e-09	1.402189e-08	-1.551927e+01	8.342121e+02
2.670000e-06	-2.305191e-09	1.363180e-08	-1.637611e+01	8.108847e+02
2.680000e-06	-2.425006e-09	1.320867e-08	-1.722731e+01	7.855722e+02
2.690000e-06	-2.543894e-09	1.274523e-08	-1.807192e+01	7.578768e+02
2.700000e-06	-2.661747e-09	1.223612e-08	-1.890917e+01	7.273478e+02
2.710000e-06	-2.778543e-09	1.167301e-08	-1.973892e+01	6.934806e+02
2.720000e-06	-2.894229e-09	1.104433e-08	-2.056078e+01	6.557081e+02
2.730000e-06	-3.008757e-09	1.033863e-08	-2.137442e+01	6.133874e+02
2.740000e-06	-3.122058e-09	9.544706e-09	-2.217934e+01	5.657943e+02
2.750000e-06	-3.234064e-09	8.650103e-09	-2.297506e+01	5.121412e+02
2.760000e-06	-3.344774e-09	7.641115e-09	-2.376157e+01	4.516312e+02
2.770000e-06	-3.454226e-09	6.506393e-09	-2.453914e+01	3.835559e+02
2.780000e-06	-3.562520e-09	5.238265e-09	-2.530849e+01	3.074260e+02
2.790000e-06	-3.669681e-09	3.833809e-09	-2.606979e+01	2.231155e+02
2.800000e-06	-3.775651e-09	2.297994e-09	-2.682262e+01	1.309858e+02
2.810000e-06	-3.880373e-09	6.450958e-10	-2.756660e+01	3.195646e+01
2.820000e-06	-3.983698e-09	-1.100875e-09	-2.830064e+01	-7.250124e+01
2.830000e-06	-4.085468e-09	-2.909717e-09	-2.902364e+01	-1.804591e+02
2.840000e-06	-4.185687e-09	-4.746339e-09	-2.973563e+01	-2.897018e+02
2.850000e-06	-4.284447e-09	-6.570519e-09	-3.043724e+01	-3.979433e+02
2.860000e-06	-4.381779e-09	-8.341916e-09	-3.112872e+01	-5.030482e+02
2.870000e-06	-4.477638e-09	-1.002781e-08	-3.180973e+01	-6.032185e+02
2.880000e-06	-4.571898e-09	-1.160920e-08	-3.247938e+01	-6.971130e+02
2.890000e-06	-4.664497e-09	-1.307462e-08	-3.313723e+01	-7.838872e+02
2.900000e-06	-4.755464e-09	-1.441592e-08	-3.378349e+01	-8.631593e+02
2.910000e-06	-4.844794e-09	-1.563197e-08	-3.441811e+01	-9.349225e+02
2.920000e-06	-4.932415e-09	-1.672779e-08	-3.504060e+01	-9.994345e+02
2.930000e-06	-5.018204e-09	-1.770961e-08	-3.565006e+01	-1.057112e+03
2.940000e-06	-5.102158e-09	-1.858283e-08	-3.624650e+01	-1.108447e+03
2.950000e-06	-5.184397e-09	-1.935413e-08	-3.683074e+01	-1.153960e+03
2.960000e-06	-5.264895e-09	-2.003512e-08	-3.740263e+01	-1.194177e+03
2.970000e-06	-5.343439e-09	-2.063726e-08	-3.796063e+01	-1.229621e+03
2.980000e-06	-5.419842e-09	-2.116795e-08	-3.850342e+01	-1.260816e+03
2.990000e-06	-5.494138e-09	-2.163441e-08	-3.903124e+01	-1.288273e+03
3.000000e-06	-5.566456e-09	-2.204687e-08	-3.954501e+01	-1.312483e+03
3.010000e-06	-5.636731e-09	-2.241406e-08	-4.004427e+01	-1.333890e+03
3.020000e-06	-5.704884e-09	-2.273900e-08	-4.052845e+01	-1.352878e+03
3.030000e-06	-5.771035e-09	-2.302559e-08	-4.099841e+01	-1.369762e+03
3.040000e-06	-5.835256e-09	-2.328101e-08	-4.145466e+01	-1.384795e+03
3.050000e-06	-5.897419e-09	-2.350996e-08	-4.189628e+01	-1.398179e+03
3.060000e-06	-5.957377e-09	-2.371300e-08	-4.232225e+01	-1.410083e+03
3.070000e-06	-6.015180e-09	-2.389251e-08	-4.273290e+01	-1.420669e+03
3.080000e-06	-6.070932e-09	-2.405425e-08	-4.312898e+01	-1.430092e+03
3.090000e-06	-6.124453e-09	-2.420182e-08	-4.350922e+01	-1.438503e+03
3.100000e-06	-6.175492e-09	-2.433451e-08	-4.387182e+01	-1.446046e+03
3.110000e-06	-6.223996e-09	-2.445129e-08	-4.421641e+01	-1.452841e+03
3.120000e-06	-6.270102e-09	-2.455619e-08	-4.454396e+01	-1.458982e+03
3.130000e-06	-6.314136e-09	-2.465213e-08	-4.485680e+01	-1.464532e+03
3.140000e-06	-6.356187e-09	-2.473697e-08	-4.515555e+01	-1.469533e+03
3.150000e-06	-6.396138e-09	-2.481071e-08	-4.543938e+01	-1.474016e+03
3.160000e-06	-6.433815e-09	-2.487809e-08	-4.570705e+01	-1.478012e+03
3.170000e-06	-6.469161e-09	-2.494105e-08	-4.595816e+01	-1.481559e+03
3.180000e-06	-6.502276e-09	-2.499742e-08	-4.619343e+01	-1.484704e+03
3.190000e-06	-6.533088e-09	-2.504634e-08	-4.641233e+01	-1.487500e+03
3.200000e-06	-6.561494e-09	-2.509030e-08	-4.661414e+01	-1.489993e+03
3.210000e-06	-6.587590e-09	-2.513105e-08	-4.679954e+01	-1.492220e+03
3.220000e-06	-6.611432e-09	-2.516542e-08	-4.696893e+01	-1.494200e+03
3.230000e-06	-6.632865e-09	-2.519322e-08	-4.712120e+01	-1.495940e+03
3.240000e-06	-6.651927e-09	-2.521900e-08	-4.725663e+01	-1.497439e+03
3.250000e-06	-6.668756e-09	-2.524411e-08	-4.737620e+01	-1.498696e+03
3.260000e-06	-6.683140e-09	-2.526541e-08	-4.747839e+01	-1.499715e+03
3.270000e-06	-6.694864e-09	-2.528033e-08	-4.756169e+01	-1.500512e+03
3.280000e-06	-6.704106e-09	-2.529100e-08	-4.762736e+01	-1.501112e+03
3.290000e-06	-6.711005e-09	-2.530022e-08	-4.767638e+01	-1.501541e+03
3.300000e-06	-6.715473e-09	-2.530720e-08	-4.770813e+01	-1.501826e+03
3.310000e-06	-6.717622e-09	-2.531053e-08	-4.772341e+01	-1.501983e+03
