# Temperatura_=_54.66775510204082
# Concentracion g/m^3_=_20000.0
# C_Vs_to_Am_M_A/Vsm_=_59384043850.047264
# pendiente_HvsI_1/m_=_3716.3
# ordenada_HvsI_A/m_=_1297.0
# frecuencia_Hz_=_301137.1741380986
# Promedio de 49 ciclos

Tiempo_(s)	Campo_(V.s)	Magnetizacion_(V.s)	Campo_(kA/m)	Magnetizacion_(A/m)
0.000000e+00	-5.426999e-09	-1.521721e-08	-3.825994e+01	-9.026122e+02
1.000000e-08	-5.424518e-09	-1.521530e-08	-3.824245e+01	-9.026747e+02
2.000000e-08	-5.420157e-09	-1.520950e-08	-3.821171e+01	-9.025358e+02
3.000000e-08	-5.414150e-09	-1.520282e-08	-3.816935e+01	-9.021875e+02
4.000000e-08	-5.406502e-09	-1.519254e-08	-3.811544e+01	-9.016047e+02
5.000000e-08	-5.397063e-09	-1.517646e-08	-3.804890e+01	-9.007579e+02
6.000000e-08	-5.385556e-09	-1.516040e-08	-3.796777e+01	-8.996273e+02
7.000000e-08	-5.372031e-09	-1.514165e-08	-3.787242e+01	-8.982161e+02
8.000000e-08	-5.356286e-09	-1.510041e-08	-3.776142e+01	-8.965538e+02
9.000000e-08	-5.338044e-09	-1.504832e-08	-3.763282e+01	-8.946927e+02
1.000000e-07	-5.317656e-09	-1.502201e-08	-3.748909e+01	-8.926936e+02
1.100000e-07	-5.295499e-09	-1.500896e-08	-3.733288e+01	-8.906086e+02
1.200000e-07	-5.271886e-09	-1.499739e-08	-3.716641e+01	-8.884656e+02
1.300000e-07	-5.247101e-09	-1.495958e-08	-3.699167e+01	-8.862598e+02
1.400000e-07	-5.220673e-09	-1.488003e-08	-3.680536e+01	-8.839557e+02
1.500000e-07	-5.192247e-09	-1.484111e-08	-3.660496e+01	-8.814986e+02
1.600000e-07	-5.162257e-09	-1.481979e-08	-3.639353e+01	-8.788322e+02
1.700000e-07	-5.130625e-09	-1.473425e-08	-3.617053e+01	-8.759160e+02
1.800000e-07	-5.096842e-09	-1.466708e-08	-3.593236e+01	-8.727370e+02
1.900000e-07	-5.061189e-09	-1.462864e-08	-3.568101e+01	-8.693109e+02
2.000000e-07	-5.023966e-09	-1.457941e-08	-3.541859e+01	-8.656752e+02
2.100000e-07	-4.984982e-09	-1.454076e-08	-3.514375e+01	-8.618741e+02
2.200000e-07	-4.944299e-09	-1.445259e-08	-3.485694e+01	-8.579437e+02
2.300000e-07	-4.901688e-09	-1.435248e-08	-3.455654e+01	-8.539012e+02
2.400000e-07	-4.857084e-09	-1.430126e-08	-3.424208e+01	-8.497416e+02
2.500000e-07	-4.810730e-09	-1.424115e-08	-3.391529e+01	-8.454436e+02
2.600000e-07	-4.762577e-09	-1.415750e-08	-3.357582e+01	-8.409813e+02
2.700000e-07	-4.712484e-09	-1.407441e-08	-3.322266e+01	-8.363360e+02
2.800000e-07	-4.660287e-09	-1.400793e-08	-3.285468e+01	-8.315052e+02
2.900000e-07	-4.606174e-09	-1.393884e-08	-3.247319e+01	-8.265036e+02
3.000000e-07	-4.550483e-09	-1.383672e-08	-3.208057e+01	-8.213578e+02
3.100000e-07	-4.493219e-09	-1.372964e-08	-3.167686e+01	-8.160954e+02
3.200000e-07	-4.434188e-09	-1.364086e-08	-3.126070e+01	-8.107341e+02
3.300000e-07	-4.373507e-09	-1.356839e-08	-3.083291e+01	-8.052751e+02
3.400000e-07	-4.311397e-09	-1.348086e-08	-3.039503e+01	-7.997029e+02
3.500000e-07	-4.247905e-09	-1.336985e-08	-2.994742e+01	-7.939917e+02
3.600000e-07	-4.182928e-09	-1.327572e-08	-2.948934e+01	-7.881160e+02
3.700000e-07	-4.116221e-09	-1.318072e-08	-2.901906e+01	-7.820610e+02
3.800000e-07	-4.047832e-09	-1.306852e-08	-2.853692e+01	-7.758288e+02
3.900000e-07	-3.978058e-09	-1.295117e-08	-2.804502e+01	-7.694380e+02
4.000000e-07	-3.907016e-09	-1.284193e-08	-2.754418e+01	-7.629172e+02
4.100000e-07	-3.834681e-09	-1.274391e-08	-2.703422e+01	-7.562949e+02
4.200000e-07	-3.760870e-09	-1.263484e-08	-2.651386e+01	-7.495898e+02
4.300000e-07	-3.685423e-09	-1.251472e-08	-2.598197e+01	-7.428049e+02
4.400000e-07	-3.608449e-09	-1.239553e-08	-2.543930e+01	-7.359283e+02
4.500000e-07	-3.530041e-09	-1.228215e-08	-2.488654e+01	-7.289391e+02
4.600000e-07	-3.450178e-09	-1.216332e-08	-2.432350e+01	-7.218166e+02
4.700000e-07	-3.368971e-09	-1.203582e-08	-2.375100e+01	-7.145490e+02
4.800000e-07	-3.286562e-09	-1.191296e-08	-2.317002e+01	-7.071380e+02
4.900000e-07	-3.203065e-09	-1.179068e-08	-2.258138e+01	-6.995978e+02
5.000000e-07	-3.118607e-09	-1.166365e-08	-2.198595e+01	-6.919491e+02
5.100000e-07	-3.033216e-09	-1.153094e-08	-2.138396e+01	-6.842112e+02
5.200000e-07	-2.946842e-09	-1.139717e-08	-2.077502e+01	-6.763940e+02
5.300000e-07	-2.859512e-09	-1.126645e-08	-2.015935e+01	-6.684948e+02
5.400000e-07	-2.771293e-09	-1.113299e-08	-1.953742e+01	-6.604999e+02
5.500000e-07	-2.682083e-09	-1.099436e-08	-1.890849e+01	-6.523905e+02
5.600000e-07	-2.591712e-09	-1.085352e-08	-1.827138e+01	-6.441503e+02
5.700000e-07	-2.500247e-09	-1.071478e-08	-1.762656e+01	-6.357725e+02
5.800000e-07	-2.407909e-09	-1.057172e-08	-1.697558e+01	-6.272621e+02
5.900000e-07	-2.314812e-09	-1.042299e-08	-1.631926e+01	-6.186341e+02
6.000000e-07	-2.220950e-09	-1.027431e-08	-1.565754e+01	-6.099072e+02
6.100000e-07	-2.126307e-09	-1.012738e-08	-1.499031e+01	-6.010971e+02
6.200000e-07	-2.030919e-09	-9.980876e-09	-1.431783e+01	-5.922103e+02
6.300000e-07	-1.934855e-09	-9.830303e-09	-1.364059e+01	-5.832424e+02
6.400000e-07	-1.838103e-09	-9.676514e-09	-1.295849e+01	-5.741805e+02
6.500000e-07	-1.740581e-09	-9.522122e-09	-1.227097e+01	-5.650087e+02
6.600000e-07	-1.642264e-09	-9.365707e-09	-1.157784e+01	-5.557149e+02
6.700000e-07	-1.543230e-09	-9.204678e-09	-1.087966e+01	-5.462955e+02
6.800000e-07	-1.443599e-09	-9.040769e-09	-1.017727e+01	-5.367565e+02
6.900000e-07	-1.343477e-09	-8.877916e-09	-9.471415e+00	-5.271102e+02
7.000000e-07	-1.242943e-09	-8.717324e-09	-8.762658e+00	-5.173697e+02
7.100000e-07	-1.142052e-09	-8.553987e-09	-8.051386e+00	-5.075426e+02
7.200000e-07	-1.040806e-09	-8.385962e-09	-7.337611e+00	-4.976271e+02
7.300000e-07	-9.392039e-10	-8.215607e-09	-6.621321e+00	-4.876115e+02
7.400000e-07	-8.372676e-10	-8.044218e-09	-5.902678e+00	-4.774783e+02
7.500000e-07	-7.350154e-10	-7.869808e-09	-5.181808e+00	-4.672097e+02
7.600000e-07	-6.324916e-10	-7.690862e-09	-4.459022e+00	-4.567939e+02
7.700000e-07	-5.297519e-10	-7.513141e-09	-3.734715e+00	-4.462284e+02
7.800000e-07	-4.268335e-10	-7.337405e-09	-3.009147e+00	-4.355188e+02
7.900000e-07	-3.237761e-10	-7.159020e-09	-2.282600e+00	-4.246741e+02
8.000000e-07	-2.206149e-10	-6.973262e-09	-1.555321e+00	-4.136989e+02
8.100000e-07	-1.173727e-10	-6.783185e-09	-8.274704e-01	-4.025857e+02
8.200000e-07	-1.407294e-11	-6.592932e-09	-9.921488e-02	-3.913109e+02
8.300000e-07	8.923065e-11	-6.399580e-09	6.290681e-01	-3.798351e+02
8.400000e-07	1.924814e-10	-6.200555e-09	1.356979e+00	-3.681090e+02
8.500000e-07	2.956654e-10	-5.997684e-09	2.084418e+00	-3.560842e+02
8.600000e-07	3.987595e-10	-5.792449e-09	2.811224e+00	-3.437242e+02
8.700000e-07	5.017136e-10	-5.582615e-09	3.537043e+00	-3.310146e+02
8.800000e-07	6.044874e-10	-5.362625e-09	4.261591e+00	-3.179679e+02
8.900000e-07	7.070563e-10	-5.133910e-09	4.984695e+00	-3.046231e+02
9.000000e-07	8.093783e-10	-4.903654e-09	5.706058e+00	-2.910388e+02
9.100000e-07	9.113917e-10	-4.672922e-09	6.425245e+00	-2.772818e+02
9.200000e-07	1.013068e-09	-4.438959e-09	7.142053e+00	-2.634152e+02
9.300000e-07	1.114405e-09	-4.203110e-09	7.856470e+00	-2.494868e+02
9.400000e-07	1.215394e-09	-3.971527e-09	8.568436e+00	-2.355216e+02
9.500000e-07	1.316013e-09	-3.740531e-09	9.277799e+00	-2.215191e+02
9.600000e-07	1.416233e-09	-3.504331e-09	9.984337e+00	-2.074558e+02
9.700000e-07	1.515992e-09	-3.262742e-09	1.068763e+01	-1.932906e+02
9.800000e-07	1.615172e-09	-3.019156e-09	1.138684e+01	-1.789730e+02
9.900000e-07	1.713636e-09	-2.774859e-09	1.208101e+01	-1.644501e+02
1.000000e-06	1.811325e-09	-2.526348e-09	1.276971e+01	-1.496724e+02
1.010000e-06	1.908265e-09	-2.271432e-09	1.345313e+01	-1.345965e+02
1.020000e-06	2.004483e-09	-2.012212e-09	1.413146e+01	-1.191852e+02
1.030000e-06	2.099986e-09	-1.748828e-09	1.480474e+01	-1.034049e+02
1.040000e-06	2.194771e-09	-1.475514e-09	1.547297e+01	-8.722333e+01
1.050000e-06	2.288826e-09	-1.190643e-09	1.613605e+01	-7.060561e+01
1.060000e-06	2.382148e-09	-9.004545e-10	1.679397e+01	-5.351301e+01
1.070000e-06	2.474764e-09	-6.062642e-10	1.744690e+01	-3.590223e+01
1.080000e-06	2.566634e-09	-3.013772e-10	1.809458e+01	-1.772642e+01
1.090000e-06	2.657545e-09	1.757559e-11	1.873550e+01	1.063007e+00
1.100000e-06	2.747294e-09	3.470908e-10	1.936822e+01	2.051435e+01
1.110000e-06	2.835925e-09	6.860928e-10	1.999306e+01	4.067390e+01
1.120000e-06	2.923573e-09	1.038781e-09	2.061098e+01	6.158475e+01
1.130000e-06	3.010275e-09	1.407561e-09	2.122222e+01	8.328578e+01
1.140000e-06	3.095990e-09	1.789601e-09	2.182650e+01	1.058105e+02
1.150000e-06	3.180733e-09	2.182236e-09	2.242394e+01	1.291849e+02
1.160000e-06	3.264488e-09	2.590407e-09	2.301440e+01	1.534244e+02
1.170000e-06	3.347059e-09	3.016915e-09	2.359652e+01	1.785295e+02
1.180000e-06	3.428341e-09	3.455590e-09	2.416955e+01	2.044813e+02
1.190000e-06	3.508365e-09	3.904782e-09	2.473371e+01	2.312369e+02
1.200000e-06	3.587133e-09	4.369221e-09	2.528902e+01	2.587275e+02
1.210000e-06	3.664652e-09	4.848521e-09	2.583553e+01	2.868570e+02
1.220000e-06	3.740880e-09	5.335022e-09	2.637293e+01	3.155047e+02
1.230000e-06	3.815608e-09	5.824160e-09	2.689976e+01	3.445292e+02
1.240000e-06	3.888720e-09	6.317558e-09	2.741519e+01	3.737728e+02
1.250000e-06	3.960369e-09	6.813540e-09	2.792031e+01	4.030677e+02
1.260000e-06	4.030655e-09	7.306571e-09	2.841582e+01	4.322405e+02
1.270000e-06	4.099608e-09	7.792531e-09	2.890193e+01	4.611162e+02
1.280000e-06	4.167202e-09	8.272029e-09	2.937847e+01	4.895228e+02
1.290000e-06	4.233187e-09	8.742593e-09	2.984366e+01	5.172947e+02
1.300000e-06	4.297537e-09	9.197545e-09	3.029732e+01	5.442787e+02
1.310000e-06	4.360440e-09	9.633962e-09	3.074078e+01	5.703386e+02
1.320000e-06	4.421942e-09	1.005340e-08	3.117437e+01	5.953616e+02
1.330000e-06	4.482089e-09	1.045568e-08	3.159840e+01	6.192626e+02
1.340000e-06	4.540652e-09	1.083791e-08	3.201126e+01	6.419863e+02
1.350000e-06	4.597396e-09	1.119924e-08	3.241130e+01	6.635059e+02
1.360000e-06	4.652458e-09	1.154049e-08	3.279949e+01	6.838192e+02
1.370000e-06	4.705864e-09	1.186308e-08	3.317599e+01	7.029415e+02
1.380000e-06	4.757339e-09	1.216405e-08	3.353889e+01	7.208984e+02
1.390000e-06	4.806737e-09	1.244269e-08	3.388714e+01	7.377200e+02
1.400000e-06	4.854283e-09	1.270367e-08	3.422234e+01	7.534379e+02
1.410000e-06	4.900198e-09	1.295049e-08	3.454604e+01	7.680844e+02
1.420000e-06	4.944552e-09	1.317989e-08	3.485873e+01	7.816953e+02
1.430000e-06	4.987087e-09	1.339070e-08	3.515860e+01	7.943127e+02
1.440000e-06	5.027688e-09	1.358668e-08	3.544483e+01	8.059857e+02
1.450000e-06	5.066571e-09	1.376784e-08	3.571895e+01	8.167704e+02
1.460000e-06	5.103811e-09	1.393371e-08	3.598149e+01	8.267254e+02
1.470000e-06	5.139327e-09	1.408462e-08	3.623188e+01	8.359067e+02
1.480000e-06	5.172888e-09	1.422367e-08	3.646848e+01	8.443629e+02
1.490000e-06	5.204559e-09	1.435420e-08	3.669176e+01	8.521327e+02
1.500000e-06	5.234543e-09	1.447313e-08	3.690314e+01	8.592457e+02
1.510000e-06	5.262850e-09	1.457833e-08	3.710270e+01	8.657267e+02
1.520000e-06	5.289191e-09	1.467299e-08	3.728841e+01	8.716018e+02
1.530000e-06	5.313432e-09	1.476048e-08	3.745930e+01	8.769029e+02
1.540000e-06	5.335833e-09	1.484110e-08	3.761723e+01	8.816705e+02
1.550000e-06	5.356547e-09	1.491201e-08	3.776326e+01	8.859504e+02
1.560000e-06	5.375443e-09	1.497485e-08	3.789648e+01	8.897882e+02
1.570000e-06	5.392322e-09	1.503368e-08	3.801547e+01	8.932216e+02
1.580000e-06	5.407231e-09	1.508721e-08	3.812058e+01	8.962745e+02
1.590000e-06	5.420182e-09	1.513134e-08	3.821188e+01	8.989552e+02
1.600000e-06	5.430940e-09	1.516766e-08	3.828773e+01	9.012605e+02
1.610000e-06	5.439535e-09	1.519814e-08	3.834832e+01	9.031838e+02
1.620000e-06	5.446254e-09	1.522306e-08	3.839569e+01	9.047246e+02
1.630000e-06	5.451221e-09	1.524202e-08	3.843071e+01	9.058970e+02
1.640000e-06	5.454310e-09	1.525522e-08	3.845248e+01	9.067314e+02
1.650000e-06	5.455360e-09	1.526518e-08	3.845989e+01	9.072702e+02
1.660000e-06	5.454553e-09	1.527212e-08	3.845420e+01	9.075578e+02
1.670000e-06	5.452101e-09	1.527346e-08	3.843691e+01	9.076289e+02
1.680000e-06	5.448006e-09	1.526834e-08	3.840804e+01	9.074984e+02
1.690000e-06	5.442009e-09	1.526037e-08	3.836576e+01	9.071591e+02
1.700000e-06	5.434155e-09	1.524998e-08	3.831040e+01	9.065865e+02
1.710000e-06	5.424701e-09	1.523448e-08	3.824374e+01	9.057508e+02
1.720000e-06	5.413547e-09	1.521014e-08	3.816511e+01	9.046320e+02
1.730000e-06	5.400474e-09	1.519588e-08	3.807294e+01	9.032318e+02
1.740000e-06	5.385388e-09	1.520406e-08	3.796659e+01	9.015791e+02
1.750000e-06	5.368118e-09	1.517955e-08	3.784483e+01	8.997253e+02
1.760000e-06	5.348329e-09	1.511824e-08	3.770533e+01	8.977313e+02
1.770000e-06	5.326053e-09	1.504133e-08	3.754828e+01	8.956497e+02
1.780000e-06	5.301993e-09	1.498457e-08	3.737866e+01	8.935096e+02
1.790000e-06	5.276865e-09	1.500259e-08	3.720151e+01	8.913075e+02
1.800000e-06	5.250415e-09	1.498016e-08	3.701504e+01	8.890089e+02
1.810000e-06	5.221974e-09	1.490099e-08	3.681453e+01	8.865594e+02
1.820000e-06	5.191674e-09	1.489652e-08	3.660092e+01	8.839026e+02
1.830000e-06	5.159678e-09	1.486382e-08	3.637535e+01	8.809972e+02
1.840000e-06	5.125779e-09	1.478701e-08	3.613636e+01	8.778288e+02
1.850000e-06	5.090245e-09	1.473311e-08	3.588585e+01	8.744123e+02
1.860000e-06	5.052910e-09	1.462714e-08	3.562264e+01	8.707845e+02
1.870000e-06	5.013617e-09	1.457967e-08	3.534563e+01	8.669898e+02
1.880000e-06	4.972650e-09	1.457420e-08	3.505682e+01	8.630647e+02
1.890000e-06	4.929948e-09	1.447596e-08	3.475577e+01	8.590272e+02
1.900000e-06	4.885639e-09	1.439302e-08	3.444340e+01	8.548731e+02
1.910000e-06	4.839547e-09	1.432656e-08	3.411845e+01	8.505817e+02
1.920000e-06	4.791435e-09	1.425155e-08	3.377927e+01	8.461269e+02
1.930000e-06	4.741657e-09	1.417591e-08	3.342833e+01	8.414896e+02
1.940000e-06	4.690146e-09	1.405799e-08	3.306519e+01	8.366665e+02
1.950000e-06	4.636649e-09	1.399607e-08	3.268803e+01	8.316719e+02
1.960000e-06	4.581242e-09	1.394323e-08	3.229742e+01	8.265319e+02
1.970000e-06	4.524118e-09	1.384564e-08	3.189470e+01	8.212743e+02
1.980000e-06	4.465558e-09	1.373635e-08	3.148185e+01	8.159175e+02
1.990000e-06	4.405469e-09	1.362294e-08	3.105823e+01	8.104632e+02
2.000000e-06	4.343644e-09	1.356099e-08	3.062237e+01	8.048966e+02
2.010000e-06	4.280177e-09	1.345953e-08	3.017494e+01	7.991920e+02
2.020000e-06	4.215227e-09	1.334191e-08	2.971704e+01	7.933237e+02
2.030000e-06	4.148874e-09	1.325975e-08	2.924926e+01	7.872764e+02
2.040000e-06	4.081026e-09	1.316042e-08	2.877093e+01	7.810516e+02
2.050000e-06	4.011571e-09	1.305877e-08	2.828128e+01	7.746672e+02
2.060000e-06	3.940554e-09	1.292010e-08	2.778062e+01	7.681516e+02
2.070000e-06	3.868149e-09	1.280624e-08	2.727017e+01	7.615337e+02
2.080000e-06	3.794381e-09	1.271383e-08	2.675011e+01	7.548324e+02
2.090000e-06	3.719166e-09	1.259383e-08	2.621985e+01	7.480515e+02
2.100000e-06	3.642456e-09	1.247536e-08	2.567905e+01	7.411796e+02
2.110000e-06	3.564167e-09	1.235211e-08	2.512712e+01	7.341959e+02
2.120000e-06	3.484522e-09	1.224939e-08	2.456562e+01	7.270797e+02
2.130000e-06	3.403726e-09	1.212283e-08	2.399602e+01	7.198185e+02
2.140000e-06	3.321804e-09	1.198145e-08	2.341847e+01	7.124137e+02
2.150000e-06	3.238830e-09	1.185375e-08	2.283351e+01	7.048788e+02
2.160000e-06	3.154752e-09	1.173137e-08	2.224077e+01	6.972348e+02
2.170000e-06	3.069444e-09	1.161268e-08	2.163936e+01	6.895009e+02
2.180000e-06	2.982847e-09	1.146954e-08	2.102885e+01	6.816875e+02
2.190000e-06	2.895166e-09	1.133590e-08	2.041071e+01	6.737925e+02
2.200000e-06	2.806525e-09	1.120872e-08	1.978580e+01	6.658024e+02
2.210000e-06	2.716959e-09	1.107184e-08	1.915436e+01	6.576985e+02
2.220000e-06	2.626541e-09	1.092473e-08	1.851692e+01	6.494643e+02
2.230000e-06	2.535302e-09	1.077936e-08	1.787369e+01	6.410926e+02
2.240000e-06	2.443303e-09	1.064976e-08	1.722511e+01	6.325880e+02
2.250000e-06	2.350386e-09	1.050961e-08	1.657005e+01	6.239650e+02
2.260000e-06	2.256398e-09	1.035518e-08	1.590744e+01	6.152424e+02
2.270000e-06	2.161433e-09	1.020048e-08	1.523794e+01	6.064362e+02
2.280000e-06	2.065722e-09	1.005725e-08	1.456319e+01	5.975532e+02
2.290000e-06	1.969425e-09	9.910927e-09	1.388431e+01	5.885894e+02
2.300000e-06	1.872515e-09	9.750472e-09	1.320109e+01	5.795322e+02
2.310000e-06	1.774943e-09	9.592864e-09	1.251322e+01	5.703657e+02
2.320000e-06	1.676753e-09	9.445560e-09	1.182098e+01	5.610775e+02
2.330000e-06	1.578063e-09	9.291818e-09	1.112523e+01	5.516638e+02
2.340000e-06	1.478935e-09	9.123137e-09	1.042638e+01	5.421300e+02
2.350000e-06	1.379359e-09	8.954695e-09	9.724379e+00	5.324884e+02
2.360000e-06	1.279312e-09	8.796723e-09	9.019055e+00	5.227521e+02
2.370000e-06	1.178791e-09	8.638352e-09	8.310390e+00	5.129292e+02
2.380000e-06	1.077820e-09	8.468324e-09	7.598553e+00	5.030180e+02
2.390000e-06	9.763860e-10	8.297986e-09	6.883451e+00	4.930075e+02
2.400000e-06	8.744658e-10	8.132545e-09	6.164922e+00	4.828799e+02
2.410000e-06	7.721083e-10	7.961502e-09	5.443310e+00	4.726176e+02
2.420000e-06	6.694167e-10	7.778931e-09	4.719342e+00	4.622083e+02
2.430000e-06	5.664794e-10	7.596027e-09	3.993641e+00	4.516492e+02
2.440000e-06	4.633461e-10	7.420088e-09	3.266559e+00	4.409458e+02
2.450000e-06	3.600466e-10	7.242296e-09	2.538305e+00	4.301070e+02
2.460000e-06	2.566320e-10	7.056491e-09	1.809239e+00	4.191376e+02
2.470000e-06	1.531443e-10	6.866478e-09	1.079658e+00	4.080308e+02
2.480000e-06	4.960136e-11	6.678344e-09	3.496875e-01	3.967636e+02
2.490000e-06	-5.395336e-11	6.487740e-09	-3.803660e-01	3.852969e+02
2.500000e-06	-1.574560e-10	6.287461e-09	-1.110052e+00	3.735820e+02
2.510000e-06	-2.608701e-10	6.079663e-09	-1.839115e+00	3.615700e+02
2.520000e-06	-3.641894e-10	5.872283e-09	-2.567508e+00	3.492238e+02
2.530000e-06	-4.673847e-10	5.664414e-09	-3.295028e+00	3.365281e+02
2.540000e-06	-5.703899e-10	5.447228e-09	-4.021207e+00	3.234944e+02
2.550000e-06	-6.731320e-10	5.219834e-09	-4.745531e+00	3.101608e+02
2.560000e-06	-7.755642e-10	4.990166e-09	-5.467670e+00	2.965852e+02
2.570000e-06	-8.776379e-10	4.760891e-09	-6.187281e+00	2.828344e+02
2.580000e-06	-9.792845e-10	4.526479e-09	-6.903881e+00	2.689719e+02
2.590000e-06	-1.080444e-09	4.287151e-09	-7.617047e+00	2.550462e+02
2.600000e-06	-1.181107e-09	4.050612e-09	-8.326714e+00	2.410832e+02
2.610000e-06	-1.281320e-09	3.819134e-09	-9.033208e+00	2.270834e+02
2.620000e-06	-1.381084e-09	3.585181e-09	-9.736534e+00	2.130239e+02
2.630000e-06	-1.480360e-09	3.344198e-09	-1.043642e+01	1.988643e+02
2.640000e-06	-1.579144e-09	3.100841e-09	-1.113285e+01	1.845542e+02
2.650000e-06	-1.677441e-09	2.858549e-09	-1.182584e+01	1.700408e+02
2.660000e-06	-1.775201e-09	2.611840e-09	-1.251503e+01	1.552744e+02
2.670000e-06	-1.872338e-09	2.356105e-09	-1.319984e+01	1.402113e+02
2.680000e-06	-1.968837e-09	2.094679e-09	-1.388015e+01	1.248139e+02
2.690000e-06	-2.064754e-09	1.830917e-09	-1.455636e+01	1.090489e+02
2.700000e-06	-2.160098e-09	1.561439e-09	-1.522853e+01	9.288380e+01
2.710000e-06	-2.254696e-09	1.282567e-09	-1.589544e+01	7.628391e+01
2.720000e-06	-2.348323e-09	9.945483e-10	-1.655550e+01	5.921066e+01
2.730000e-06	-2.440933e-09	6.997606e-10	-1.720840e+01	4.162093e+01
2.740000e-06	-2.532607e-09	3.954010e-10	-1.785469e+01	2.346797e+01
2.750000e-06	-2.623370e-09	7.743343e-11	-1.849456e+01	4.703232e+00
2.760000e-06	-2.713190e-09	-2.510242e-10	-1.912778e+01	-1.472164e+01
2.770000e-06	-2.802042e-09	-5.879750e-10	-1.975419e+01	-3.485306e+01
2.780000e-06	-2.889992e-09	-9.362764e-10	-2.037423e+01	-5.573425e+01
2.790000e-06	-2.977046e-09	-1.300137e-09	-2.098795e+01	-7.740426e+01
2.800000e-06	-3.062982e-09	-1.678543e-09	-2.159379e+01	-9.989682e+01
2.810000e-06	-3.147647e-09	-2.068788e-09	-2.219068e+01	-1.232383e+02
2.820000e-06	-3.231140e-09	-2.473344e-09	-2.277930e+01	-1.474444e+02
2.830000e-06	-3.313556e-09	-2.895645e-09	-2.336033e+01	-1.725165e+02
2.840000e-06	-3.394891e-09	-3.334066e-09	-2.393373e+01	-1.984363e+02
2.850000e-06	-3.475124e-09	-3.782986e-09	-2.449937e+01	-2.251620e+02
2.860000e-06	-3.554144e-09	-4.241453e-09	-2.505645e+01	-2.526256e+02
2.870000e-06	-3.631684e-09	-4.713026e-09	-2.560310e+01	-2.807322e+02
2.880000e-06	-3.707670e-09	-5.193244e-09	-2.613880e+01	-3.093619e+02
2.890000e-06	-3.782236e-09	-5.677638e-09	-2.666448e+01	-3.383739e+02
2.900000e-06	-3.855430e-09	-6.166173e-09	-2.718049e+01	-3.676112e+02
2.910000e-06	-3.927321e-09	-6.658648e-09	-2.768732e+01	-3.969062e+02
2.920000e-06	-3.997826e-09	-7.151032e-09	-2.818438e+01	-4.260856e+02
2.930000e-06	-4.066721e-09	-7.637101e-09	-2.867009e+01	-4.549744e+02
2.940000e-06	-4.134096e-09	-8.113416e-09	-2.914507e+01	-4.834003e+02
2.950000e-06	-4.200098e-09	-8.580701e-09	-2.961038e+01	-5.111977e+02
2.960000e-06	-4.264716e-09	-9.037759e-09	-3.006594e+01	-5.382126e+02
2.970000e-06	-4.327929e-09	-9.478329e-09	-3.051158e+01	-5.643081e+02
2.980000e-06	-4.389492e-09	-9.899880e-09	-3.094560e+01	-5.893705e+02
2.990000e-06	-4.449311e-09	-1.030215e-08	-3.136732e+01	-6.133136e+02
3.000000e-06	-4.507598e-09	-1.068619e-08	-3.177823e+01	-6.360809e+02
3.010000e-06	-4.564416e-09	-1.105147e-08	-3.217880e+01	-6.576447e+02
3.020000e-06	-4.619657e-09	-1.139565e-08	-3.256824e+01	-6.780018e+02
3.030000e-06	-4.673010e-09	-1.171981e-08	-3.294438e+01	-6.971672e+02
3.040000e-06	-4.724383e-09	-1.202523e-08	-3.330655e+01	-7.151660e+02
3.050000e-06	-4.773910e-09	-1.231076e-08	-3.365571e+01	-7.320285e+02
3.060000e-06	-4.821457e-09	-1.257539e-08	-3.399092e+01	-7.477859e+02
3.070000e-06	-4.867134e-09	-1.282201e-08	-3.431294e+01	-7.624708e+02
3.080000e-06	-4.911248e-09	-1.305356e-08	-3.462394e+01	-7.761187e+02
3.090000e-06	-4.953852e-09	-1.327012e-08	-3.492429e+01	-7.887713e+02
3.100000e-06	-4.994910e-09	-1.346989e-08	-3.521375e+01	-8.004777e+02
3.110000e-06	-5.034365e-09	-1.365293e-08	-3.549190e+01	-8.112936e+02
3.120000e-06	-5.071948e-09	-1.382113e-08	-3.575686e+01	-8.212775e+02
3.130000e-06	-5.107588e-09	-1.397570e-08	-3.600812e+01	-8.304857e+02
3.140000e-06	-5.141473e-09	-1.411994e-08	-3.624701e+01	-8.389672e+02
3.150000e-06	-5.173636e-09	-1.425465e-08	-3.647375e+01	-8.467610e+02
3.160000e-06	-5.203893e-09	-1.437850e-08	-3.668706e+01	-8.538970e+02
3.170000e-06	-5.232166e-09	-1.449105e-08	-3.688638e+01	-8.604001e+02
3.180000e-06	-5.258646e-09	-1.459304e-08	-3.707306e+01	-8.662962e+02
3.190000e-06	-5.283359e-09	-1.468455e-08	-3.724729e+01	-8.716172e+02
3.200000e-06	-5.306188e-09	-1.476520e-08	-3.740824e+01	-8.764029e+02
3.210000e-06	-5.327000e-09	-1.483660e-08	-3.755496e+01	-8.806991e+02
3.220000e-06	-5.345929e-09	-1.490153e-08	-3.768840e+01	-8.845517e+02
3.230000e-06	-5.363128e-09	-1.496135e-08	-3.780966e+01	-8.879987e+02
3.240000e-06	-5.378421e-09	-1.501605e-08	-3.791747e+01	-8.910645e+02
3.250000e-06	-5.391492e-09	-1.506278e-08	-3.800962e+01	-8.937580e+02
3.260000e-06	-5.402407e-09	-1.510094e-08	-3.808657e+01	-8.960765e+02
3.270000e-06	-5.411473e-09	-1.513282e-08	-3.815049e+01	-8.980130e+02
3.280000e-06	-5.418692e-09	-1.515910e-08	-3.820138e+01	-8.995670e+02
3.290000e-06	-5.423868e-09	-1.517908e-08	-3.823787e+01	-9.007518e+02
3.300000e-06	-5.427106e-09	-1.519337e-08	-3.826070e+01	-9.015971e+02
3.310000e-06	-5.428600e-09	-1.520575e-08	-3.827123e+01	-9.021452e+02
3.320000e-06	-5.428298e-09	-1.521433e-08	-3.826910e+01	-9.024405e+02
