# Configuracion:
# Concentracion g/m^3_=_20000.0
# C_Vs_to_Am_M_A/Vsm_=_59384043850.047264
# pendiente_HvsI_1/m_=_3716.3
# ordenada_HvsI_A/m_=_1297.0
# frecuencia_ref_Hz_=_301582.55259433686
# 
Resultados:
# tau_ns_=_(2.47+/-0.11)e+02
# dphi_rad_=_6.72+/-0.02
# SAR_W/g_=_2824.92+/-146.31
# Hc_kA/m_=_28.38+/-0.87
# Mr_A/m_=_1265.29+/-26.37
# Magnetizacion_max_=_1656.08+/-32.62
# Suceptibilidad_a_M=0_=_(1.540+/-0.019)e-01

Nombre_archivo	Time_m_(s)	Temperatura_(ºC)	Mr_(A/m)	Hc_(kA/m)	Campo_max_(A/m)	Mag_max_(A/m)	f0	mag0	dphi0	SAR_(W/g)	Tau_(ns)	N	xi_M_0
300kHz_150dA_100Mss_bobN1M21-0005.txt	2.58	23.62	1297.70	29.86	57041.50	1704.20	3.015292e+05	1.487473e+02	6.747237e+00	3051.80	264.147857	4643	1.554e-01
300kHz_150dA_100Mss_bobN1M21-0006.txt	3.03	26.48	1304.77	29.66	57041.50	1707.36	3.015292e+05	1.492440e+02	6.744470e+00	3045.06	262.326012	4643	1.575e-01
300kHz_150dA_100Mss_bobN1M21-0007.txt	3.49	32.32	1295.56	29.24	57041.50	1696.37	3.015292e+05	1.485114e+02	6.736541e+00	2981.68	257.125231	4643	1.533e-01
300kHz_150dA_100Mss_bobN1M21-0008.txt	3.96	38.29	1295.65	29.33	57041.50	1687.77	3.015292e+05	1.478832e+02	6.739326e+00	2986.03	258.948302	4643	1.565e-01
300kHz_150dA_100Mss_bobN1M21-0009.txt	4.42	44.05	1283.25	28.87	57041.50	1676.74	3.015292e+05	1.470539e+02	6.730013e+00	2912.79	252.875905	4643	1.557e-01
300kHz_150dA_100Mss_bobN1M21-0010.txt	4.87	49.68	1273.75	28.53	57041.50	1663.34	3.015292e+05	1.460714e+02	6.724105e+00	2857.61	249.051916	4643	1.546e-01
300kHz_150dA_100Mss_bobN1M21-0011.txt	5.32	55.14	1267.35	28.34	57041.50	1656.92	3.015292e+05	1.455542e+02	6.719975e+00	2822.54	246.392269	4643	1.530e-01
300kHz_150dA_100Mss_bobN1M21-0012.txt	5.78	60.66	1261.67	28.19	57041.50	1649.90	3.015292e+05	1.450118e+02	6.717289e+00	2795.84	244.668142	4643	1.530e-01
300kHz_150dA_100Mss_bobN1M21-0013.txt	6.24	66.11	1256.82	28.07	57041.50	1639.24	3.015292e+05	1.442255e+02	6.715717e+00	2771.25	243.660990	4643	1.535e-01
300kHz_150dA_100Mss_bobN1M21-0014.txt	6.7	71.49	1249.63	27.84	57041.50	1632.26	3.015941e+05	1.436349e+02	6.711469e+00	2735.07	240.945978	4642	1.564e-01
300kHz_150dA_100Mss_bobN1M21-0015.txt	7.18	76.94	1239.37	27.53	57041.50	1624.09	3.015292e+05	1.429808e+02	6.704543e+00	2680.67	236.542581	4643	1.514e-01
300kHz_150dA_100Mss_bobN1M21-0016.txt	7.64	81.91	1234.40	27.41	57041.50	1619.88	3.015292e+05	1.425949e+02	6.702214e+00	2659.53	235.068336	4643	1.518e-01
300kHz_150dA_100Mss_bobN1M21-0017.txt	8.09	86.74	1229.11	27.25	57041.50	1614.70	3.015292e+05	1.421839e+02	6.699056e+00	2633.05	233.074304	4643	1.520e-01
300kHz_150dA_100Mss_bobN1M21-0018.txt	8.54	91.42	1224.97	27.16	57041.50	1612.36	3.015292e+05	1.419572e+02	6.696903e+00	2616.03	231.717863	4643	1.524e-01
