# Configuracion:
# Concentracion g/m^3_=_20000.0
# C_Vs_to_Am_M_A/Vsm_=_59384043850.047264
# pendiente_HvsI_1/m_=_3716.3
# ordenada_HvsI_A/m_=_1297.0
# frecuencia_ref_Hz_=_301359.5036319945
# 
Resultados:
# tau_ns_=_(3.06+/-0.08)e+02
# dphi_rad_=_6.81+/-0.01
# SAR_W/g_=_2470.16+/-64.39
# Hc_kA/m_=_28.09+/-0.58
# Mr_A/m_=_1117.84+/-10.92
# Magnetizacion_max_=_1504.22+/-17.82
# Suceptibilidad_a_M=0_=_(1.447+/-0.059)e-01

Nombre_archivo	Time_m_(s)	Temperatura_(ºC)	Mr_(A/m)	Hc_(kA/m)	Campo_max_(A/m)	Mag_max_(A/m)	f0	mag0	dphi0	SAR_(W/g)	Tau_(ns)	N	xi_M_0
300kHz_125dA_100Mss_bobN1M21-0007.txt	6.99	25.34	1097.70	28.74	47750.75	1513.77	3.013994e+05	1.278141e+02	6.817842e+00	2498.08	312.760964	4645	1.299e-01
300kHz_125dA_100Mss_bobN1M21-0008.txt	7.48	30.49	1110.96	28.90	47750.75	1519.19	3.013345e+05	1.285411e+02	6.823371e+00	2535.16	316.723134	4646	1.402e-01
300kHz_125dA_100Mss_bobN1M21-0009.txt	7.94	35.36	1116.58	28.78	47750.75	1519.12	3.013345e+05	1.288133e+02	6.821892e+00	2534.26	315.661998	4646	1.421e-01
300kHz_125dA_100Mss_bobN1M21-0010.txt	8.39	40.17	1120.03	28.62	47750.75	1519.91	3.013994e+05	1.290770e+02	6.818983e+00	2527.62	313.582255	4645	1.378e-01
300kHz_125dA_100Mss_bobN1M21-0011.txt	8.85	45.10	1122.11	28.67	47750.75	1516.49	3.013345e+05	1.289462e+02	6.820967e+00	2532.95	315.003837	4646	1.396e-01
300kHz_125dA_100Mss_bobN1M21-0012.txt	9.3	49.82	1126.06	28.39	47750.75	1519.19	3.013345e+05	1.294646e+02	6.814818e+00	2516.86	310.616154	4646	1.459e-01
300kHz_125dA_100Mss_bobN1M21-0013.txt	9.76	54.60	1129.57	28.08	47750.75	1518.34	3.013345e+05	1.297512e+02	6.808245e+00	2494.19	305.959462	4646	1.440e-01
300kHz_125dA_100Mss_bobN1M21-0014.txt	10.22	59.39	1129.76	28.07	47750.75	1513.90	3.013994e+05	1.294985e+02	6.808904e+00	2492.70	306.422128	4645	1.478e-01
300kHz_125dA_100Mss_bobN1M21-0015.txt	10.67	64.07	1128.44	28.09	47750.75	1508.89	3.013345e+05	1.291445e+02	6.810040e+00	2490.21	307.226077	4646	1.443e-01
300kHz_125dA_100Mss_bobN1M21-0016.txt	11.14	68.93	1127.94	27.90	47750.75	1503.73	3.013994e+05	1.289117e+02	6.806478e+00	2471.02	304.713820	4645	1.467e-01
300kHz_125dA_100Mss_bobN1M21-0017.txt	11.6	73.62	1125.25	27.75	47750.75	1497.95	3.013345e+05	1.286073e+02	6.803167e+00	2450.50	302.388374	4646	1.520e-01
300kHz_125dA_100Mss_bobN1M21-0018.txt	12.06	78.28	1121.36	27.72	47750.75	1494.31	3.013994e+05	1.282555e+02	6.802268e+00	2440.48	301.759769	4645	1.503e-01
300kHz_125dA_100Mss_bobN1M21-0019.txt	12.95	86.92	1110.99	27.35	47750.75	1482.15	3.013345e+05	1.274362e+02	6.793069e+00	2385.23	295.349068	4646	1.475e-01
300kHz_125dA_100Mss_bobN1M21-0020.txt	13.42	91.56	1104.29	27.22	47750.75	1474.27	3.013345e+05	1.268018e+02	6.789794e+00	2359.45	293.085043	4646	1.493e-01
300kHz_125dA_100Mss_bobN1M21-0021.txt	13.88	96.11	1096.60	27.01	47750.75	1462.14	3.013345e+05	1.259724e+02	6.785003e+00	2323.75	289.782149	4646	1.530e-01
