# Configuracion:
# Concentracion g/m^3_=_20000.0
# C_Vs_to_Am_M_A/Vsm_=_59384043850.047264
# pendiente_HvsI_1/m_=_3716.3
# ordenada_HvsI_A/m_=_1297.0
# frecuencia_ref_Hz_=_301359.86197335756
# 
Resultados:
# tau_ns_=_(3.01+/-0.07)e+02
# dphi_rad_=_6.80+/-0.01
# SAR_W/g_=_2432.30+/-37.04
# Hc_kA/m_=_27.85+/-0.53
# Mr_A/m_=_1105.19+/-21.96
# Magnetizacion_max_=_1503.46+/-9.81
# Suceptibilidad_a_M=0_=_(1.403+/-0.095)e-01

Nombre_archivo	Time_m_(s)	Temperatura_(ºC)	Mr_(A/m)	Hc_(kA/m)	Campo_max_(A/m)	Mag_max_(A/m)	f0	mag0	dphi0	SAR_(W/g)	Tau_(ns)	N	xi_M_0
300kHz_125dA_100Mss_bobN1M21-0007.txt	2.04	26.40	1048.41	28.47	47750.75	1480.04	3.013994e+05	1.242021e+02	6.807193e+00	2383.70	305.220747	4645	1.204e-01
300kHz_125dA_100Mss_bobN1M21-0008.txt	2.49	30.95	1070.49	28.51	47750.75	1495.17	3.013345e+05	1.258539e+02	6.810434e+00	2428.41	307.510481	4646	1.253e-01
300kHz_125dA_100Mss_bobN1M21-0009.txt	2.95	35.60	1082.11	28.38	47750.75	1500.49	3.013345e+05	1.266770e+02	6.809192e+00	2439.07	306.632426	4646	1.305e-01
300kHz_125dA_100Mss_bobN1M21-0010.txt	3.41	40.32	1091.76	28.40	47750.75	1501.50	3.013345e+05	1.270685e+02	6.811682e+00	2457.10	308.392338	4646	1.336e-01
300kHz_125dA_100Mss_bobN1M21-0011.txt	3.9	45.37	1100.38	28.32	47750.75	1506.89	3.013345e+05	1.277569e+02	6.810675e+00	2466.15	307.680974	4646	1.374e-01
300kHz_125dA_100Mss_bobN1M21-0012.txt	4.35	49.97	1107.56	28.18	47750.75	1511.14	3.013345e+05	1.283956e+02	6.808216e+00	2468.00	305.943847	4646	1.369e-01
300kHz_125dA_100Mss_bobN1M21-0013.txt	4.79	54.46	1114.46	28.01	47750.75	1514.05	3.013345e+05	1.289238e+02	6.805365e+00	2465.95	303.936002	4646	1.375e-01
300kHz_125dA_100Mss_bobN1M21-0014.txt	5.24	58.98	1118.91	27.89	47750.75	1514.95	3.013345e+05	1.292206e+02	6.803500e+00	2463.61	302.628487	4646	1.405e-01
300kHz_125dA_100Mss_bobN1M21-0015.txt	5.69	63.43	1122.25	27.78	47750.75	1514.00	3.013345e+05	1.293870e+02	6.801494e+00	2458.15	301.222864	4646	1.442e-01
300kHz_125dA_100Mss_bobN1M21-0016.txt	6.16	68.07	1122.63	27.86	47750.75	1507.83	3.013345e+05	1.289594e+02	6.804715e+00	2463.84	303.481054	4646	1.444e-01
300kHz_125dA_100Mss_bobN1M21-0017.txt	6.61	72.48	1124.97	27.54	47750.75	1511.69	3.013994e+05	1.294801e+02	6.797098e+00	2441.45	298.150091	4645	1.491e-01
300kHz_125dA_100Mss_bobN1M21-0018.txt	7.07	76.95	1124.61	27.45	47750.75	1506.80	3.013345e+05	1.292133e+02	6.795777e+00	2430.20	297.232901	4646	1.515e-01
300kHz_125dA_100Mss_bobN1M21-0019.txt	7.97	85.32	1121.24	27.02	47750.75	1504.35	3.013994e+05	1.292511e+02	6.785142e+00	2385.35	289.875118	4645	1.499e-01
300kHz_125dA_100Mss_bobN1M21-0020.txt	8.44	89.65	1116.46	27.12	47750.75	1492.54	3.013345e+05	1.283524e+02	6.788293e+00	2381.84	292.048396	4646	1.496e-01
300kHz_125dA_100Mss_bobN1M21-0021.txt	8.88	93.70	1111.61	26.88	47750.75	1490.45	3.013345e+05	1.282261e+02	6.781832e+00	2351.64	287.607400	4646	1.531e-01
