# Temperatura_=_57.38818181818181
# Concentracion g/m^3_=_20000.0
# C_Vs_to_Am_M_A/Vsm_=_59384043850.047264
# pendiente_HvsI_1/m_=_3716.3
# ordenada_HvsI_A/m_=_1297.0
# frecuencia_Hz_=_301582.65730882407
# Promedio de 11 ciclos

Tiempo_(s)	Campo_(V.s)	Magnetizacion_(V.s)	Campo_(kA/m)	Magnetizacion_(A/m)
0.000000e+00	-8.100405e-09	-2.883511e-08	-5.691484e+01	-1.714632e+03
1.000000e-08	-8.097610e-09	-2.882591e-08	-5.689520e+01	-1.714524e+03
2.000000e-08	-8.092102e-09	-2.882293e-08	-5.685650e+01	-1.714139e+03
3.000000e-08	-8.083962e-09	-2.882183e-08	-5.679931e+01	-1.713503e+03
4.000000e-08	-8.072986e-09	-2.881634e-08	-5.672219e+01	-1.712713e+03
5.000000e-08	-8.059053e-09	-2.880765e-08	-5.662430e+01	-1.711888e+03
6.000000e-08	-8.042217e-09	-2.880423e-08	-5.650600e+01	-1.711115e+03
7.000000e-08	-8.022775e-09	-2.880470e-08	-5.636941e+01	-1.710408e+03
8.000000e-08	-8.000744e-09	-2.876011e-08	-5.621461e+01	-1.709707e+03
9.000000e-08	-7.975597e-09	-2.869684e-08	-5.603792e+01	-1.708906e+03
1.000000e-07	-7.947152e-09	-2.870349e-08	-5.583806e+01	-1.707902e+03
1.100000e-07	-7.915780e-09	-2.872941e-08	-5.561764e+01	-1.706650e+03
1.200000e-07	-7.881748e-09	-2.871086e-08	-5.537853e+01	-1.705176e+03
1.300000e-07	-7.845222e-09	-2.867539e-08	-5.512189e+01	-1.703571e+03
1.400000e-07	-7.806509e-09	-2.868798e-08	-5.484989e+01	-1.701944e+03
1.500000e-07	-7.765575e-09	-2.866355e-08	-5.456228e+01	-1.700375e+03
1.600000e-07	-7.721919e-09	-2.859658e-08	-5.425555e+01	-1.698875e+03
1.700000e-07	-7.675394e-09	-2.858454e-08	-5.392866e+01	-1.697380e+03
1.800000e-07	-7.626024e-09	-2.850739e-08	-5.358178e+01	-1.695782e+03
1.900000e-07	-7.573530e-09	-2.849993e-08	-5.321295e+01	-1.693974e+03
2.000000e-07	-7.518094e-09	-2.851716e-08	-5.282345e+01	-1.691902e+03
2.100000e-07	-7.459956e-09	-2.845039e-08	-5.241496e+01	-1.689588e+03
2.200000e-07	-7.399135e-09	-2.842250e-08	-5.198762e+01	-1.687119e+03
2.300000e-07	-7.335697e-09	-2.837739e-08	-5.154190e+01	-1.684610e+03
2.400000e-07	-7.269520e-09	-2.835681e-08	-5.107693e+01	-1.682148e+03
2.500000e-07	-7.200628e-09	-2.829463e-08	-5.059288e+01	-1.679750e+03
2.600000e-07	-7.129093e-09	-2.822475e-08	-5.009026e+01	-1.677355e+03
2.700000e-07	-7.054813e-09	-2.820963e-08	-4.956836e+01	-1.674846e+03
2.800000e-07	-6.977736e-09	-2.818551e-08	-4.902681e+01	-1.672106e+03
2.900000e-07	-6.897926e-09	-2.813174e-08	-4.846606e+01	-1.669066e+03
3.000000e-07	-6.815593e-09	-2.804123e-08	-4.788757e+01	-1.665740e+03
3.100000e-07	-6.730955e-09	-2.800717e-08	-4.729289e+01	-1.662221e+03
3.200000e-07	-6.644060e-09	-2.796838e-08	-4.668235e+01	-1.658640e+03
3.300000e-07	-6.554835e-09	-2.789538e-08	-4.605544e+01	-1.655108e+03
3.400000e-07	-6.463262e-09	-2.783788e-08	-4.541203e+01	-1.651666e+03
3.500000e-07	-6.369386e-09	-2.778737e-08	-4.475244e+01	-1.648261e+03
3.600000e-07	-6.273176e-09	-2.773935e-08	-4.407646e+01	-1.644771e+03
3.700000e-07	-6.174637e-09	-2.766160e-08	-4.338411e+01	-1.641054e+03
3.800000e-07	-6.073871e-09	-2.758266e-08	-4.267611e+01	-1.637009e+03
3.900000e-07	-5.970930e-09	-2.751255e-08	-4.195283e+01	-1.632623e+03
4.000000e-07	-5.865796e-09	-2.745276e-08	-4.121414e+01	-1.627975e+03
4.100000e-07	-5.758531e-09	-2.738183e-08	-4.046048e+01	-1.623207e+03
4.200000e-07	-5.649269e-09	-2.729851e-08	-3.969279e+01	-1.618458e+03
4.300000e-07	-5.537999e-09	-2.722756e-08	-3.891098e+01	-1.613804e+03
4.400000e-07	-5.424603e-09	-2.715492e-08	-3.811425e+01	-1.609225e+03
4.500000e-07	-5.309029e-09	-2.707024e-08	-3.730221e+01	-1.604607e+03
4.600000e-07	-5.191387e-09	-2.697554e-08	-3.647563e+01	-1.599798e+03
4.700000e-07	-5.071848e-09	-2.689066e-08	-3.563573e+01	-1.594664e+03
4.800000e-07	-4.950486e-09	-2.680929e-08	-3.478302e+01	-1.589157e+03
4.900000e-07	-4.827315e-09	-2.671934e-08	-3.391760e+01	-1.583330e+03
5.000000e-07	-4.702406e-09	-2.661879e-08	-3.303997e+01	-1.577316e+03
5.100000e-07	-4.575852e-09	-2.652106e-08	-3.215078e+01	-1.571268e+03
5.200000e-07	-4.447637e-09	-2.642689e-08	-3.124992e+01	-1.565289e+03
5.300000e-07	-4.317820e-09	-2.632617e-08	-3.033781e+01	-1.559385e+03
5.400000e-07	-4.186452e-09	-2.621693e-08	-2.941479e+01	-1.553454e+03
5.500000e-07	-4.053536e-09	-2.610857e-08	-2.848090e+01	-1.547334e+03
5.600000e-07	-3.919144e-09	-2.600332e-08	-2.753664e+01	-1.540866e+03
5.700000e-07	-3.783323e-09	-2.589122e-08	-2.658234e+01	-1.533969e+03
5.800000e-07	-3.646170e-09	-2.577171e-08	-2.561869e+01	-1.526673e+03
5.900000e-07	-3.507661e-09	-2.565129e-08	-2.464550e+01	-1.519109e+03
6.000000e-07	-3.367656e-09	-2.553267e-08	-2.366180e+01	-1.511450e+03
6.100000e-07	-3.226201e-09	-2.540795e-08	-2.266792e+01	-1.503833e+03
6.200000e-07	-3.083521e-09	-2.527652e-08	-2.166543e+01	-1.496296e+03
6.300000e-07	-2.939732e-09	-2.514383e-08	-2.065514e+01	-1.488753e+03
6.400000e-07	-2.794819e-09	-2.501170e-08	-1.963696e+01	-1.481032e+03
6.500000e-07	-2.648844e-09	-2.487397e-08	-1.861131e+01	-1.472942e+03
6.600000e-07	-2.501955e-09	-2.473059e-08	-1.757924e+01	-1.464362e+03
6.700000e-07	-2.354264e-09	-2.458524e-08	-1.654154e+01	-1.455295e+03
6.800000e-07	-2.205808e-09	-2.443738e-08	-1.549846e+01	-1.445868e+03
6.900000e-07	-2.056598e-09	-2.428362e-08	-1.445008e+01	-1.436283e+03
7.000000e-07	-1.906696e-09	-2.412522e-08	-1.339685e+01	-1.426724e+03
7.100000e-07	-1.756169e-09	-2.396551e-08	-1.233922e+01	-1.417270e+03
7.200000e-07	-1.605037e-09	-2.380390e-08	-1.127734e+01	-1.407857e+03
7.300000e-07	-1.453289e-09	-2.363891e-08	-1.021113e+01	-1.398290e+03
7.400000e-07	-1.300980e-09	-2.346774e-08	-9.140989e+00	-1.388329e+03
7.500000e-07	-1.148218e-09	-2.329115e-08	-8.067660e+00	-1.377784e+03
7.600000e-07	-9.950539e-10	-2.310700e-08	-6.991502e+00	-1.366601e+03
7.700000e-07	-8.415269e-10	-2.291715e-08	-5.912796e+00	-1.354889e+03
7.800000e-07	-6.877021e-10	-2.272445e-08	-4.831996e+00	-1.342870e+03
7.900000e-07	-5.336382e-10	-2.252764e-08	-3.749518e+00	-1.330778e+03
8.000000e-07	-3.793674e-10	-2.232558e-08	-2.665585e+00	-1.318745e+03
8.100000e-07	-2.249350e-10	-2.211705e-08	-1.580517e+00	-1.306722e+03
8.200000e-07	-7.041435e-11	-2.190212e-08	-4.948291e-01	-1.294476e+03
8.300000e-07	8.411609e-11	-2.167958e-08	5.909277e-01	-1.281669e+03
8.400000e-07	2.386014e-10	-2.144788e-08	1.676368e+00	-1.267986e+03
8.500000e-07	3.929907e-10	-2.120662e-08	2.761133e+00	-1.253268e+03
8.600000e-07	5.472132e-10	-2.095489e-08	3.844726e+00	-1.237572e+03
8.700000e-07	7.012325e-10	-2.069016e-08	4.926890e+00	-1.221156e+03
8.800000e-07	8.549807e-10	-2.041326e-08	6.007152e+00	-1.204359e+03
8.900000e-07	1.008391e-09	-2.012763e-08	7.085041e+00	-1.187445e+03
9.000000e-07	1.161450e-09	-1.983517e-08	8.160452e+00	-1.170455e+03
9.100000e-07	1.314101e-09	-1.953422e-08	9.233009e+00	-1.153151e+03
9.200000e-07	1.466276e-09	-1.922151e-08	1.030221e+01	-1.135060e+03
9.300000e-07	1.617888e-09	-1.889275e-08	1.136746e+01	-1.115621e+03
9.400000e-07	1.768902e-09	-1.854239e-08	1.242851e+01	-1.094357e+03
9.500000e-07	1.919300e-09	-1.816378e-08	1.348524e+01	-1.071012e+03
9.600000e-07	2.069031e-09	-1.775034e-08	1.453727e+01	-1.045555e+03
9.700000e-07	2.218047e-09	-1.729733e-08	1.558429e+01	-1.018052e+03
9.800000e-07	2.366286e-09	-1.679679e-08	1.662584e+01	-9.884121e+02
9.900000e-07	2.513672e-09	-1.623651e-08	1.766140e+01	-9.561103e+02
1.000000e-06	2.660135e-09	-1.560113e-08	1.869048e+01	-9.199782e+02
1.010000e-06	2.805633e-09	-1.486967e-08	1.971277e+01	-8.781679e+02
1.020000e-06	2.950129e-09	-1.401435e-08	2.072803e+01	-8.283265e+02
1.030000e-06	3.093554e-09	-1.300264e-08	2.173575e+01	-7.679572e+02
1.040000e-06	3.235849e-09	-1.179489e-08	2.273554e+01	-6.948753e+02
1.050000e-06	3.376932e-09	-1.034693e-08	2.372682e+01	-6.076385e+02
1.060000e-06	3.516692e-09	-8.626372e-09	2.470880e+01	-5.058332e+02
1.070000e-06	3.655054e-09	-6.628808e-09	2.568095e+01	-3.901492e+02
1.080000e-06	3.792035e-09	-4.389937e-09	2.664340e+01	-2.622438e+02
1.090000e-06	3.927656e-09	-1.984540e-09	2.759630e+01	-1.244607e+02
1.100000e-06	4.061862e-09	5.005394e-10	2.853926e+01	2.049343e+01
1.110000e-06	4.194615e-09	3.011139e-09	2.947200e+01	1.698135e+02
1.120000e-06	4.325840e-09	5.530574e-09	3.039401e+01	3.207410e+02
1.130000e-06	4.455467e-09	8.046236e-09	3.130479e+01	4.705889e+02
1.140000e-06	4.583505e-09	1.053491e-08	3.220441e+01	6.166991e+02
1.150000e-06	4.709961e-09	1.295574e-08	3.309292e+01	7.564164e+02
1.160000e-06	4.834807e-09	1.522882e-08	3.397010e+01	8.871503e+02
1.170000e-06	4.957952e-09	1.726071e-08	3.483535e+01	1.006553e+03
1.180000e-06	5.079281e-09	1.901320e-08	3.568783e+01	1.112786e+03
1.190000e-06	5.198753e-09	2.050122e-08	3.652726e+01	1.204797e+03
1.200000e-06	5.316318e-09	2.175534e-08	3.735329e+01	1.282503e+03
1.210000e-06	5.431839e-09	2.281071e-08	3.816496e+01	1.346806e+03
1.220000e-06	5.545243e-09	2.369749e-08	3.896176e+01	1.399413e+03
1.230000e-06	5.656605e-09	2.443883e-08	3.974420e+01	1.442495e+03
1.240000e-06	5.765991e-09	2.505705e-08	4.051277e+01	1.478270e+03
1.250000e-06	5.873365e-09	2.557506e-08	4.126720e+01	1.508638e+03
1.260000e-06	5.978610e-09	2.601099e-08	4.200667e+01	1.534954e+03
1.270000e-06	6.081678e-09	2.637892e-08	4.273084e+01	1.557986e+03
1.280000e-06	6.182572e-09	2.669201e-08	4.343974e+01	1.578044e+03
1.290000e-06	6.281200e-09	2.696149e-08	4.413272e+01	1.595219e+03
1.300000e-06	6.377518e-09	2.719528e-08	4.480947e+01	1.609614e+03
1.310000e-06	6.471597e-09	2.739807e-08	4.547049e+01	1.621505e+03
1.320000e-06	6.563447e-09	2.757286e-08	4.611585e+01	1.631372e+03
1.330000e-06	6.652972e-09	2.772311e-08	4.674486e+01	1.639814e+03
1.340000e-06	6.740122e-09	2.785448e-08	4.735719e+01	1.647402e+03
1.350000e-06	6.824947e-09	2.797220e-08	4.795319e+01	1.654531e+03
1.360000e-06	6.907388e-09	2.807920e-08	4.853244e+01	1.661347e+03
1.370000e-06	6.987320e-09	2.817589e-08	4.909406e+01	1.667771e+03
1.380000e-06	7.064687e-09	2.826270e-08	4.963765e+01	1.673597e+03
1.390000e-06	7.139396e-09	2.834030e-08	5.016257e+01	1.678638e+03
1.400000e-06	7.211441e-09	2.840924e-08	5.066878e+01	1.682831e+03
1.410000e-06	7.280932e-09	2.847192e-08	5.115703e+01	1.686291e+03
1.420000e-06	7.347825e-09	2.852909e-08	5.162704e+01	1.689268e+03
1.430000e-06	7.412066e-09	2.858036e-08	5.207841e+01	1.692056e+03
1.440000e-06	7.473778e-09	2.862830e-08	5.251201e+01	1.694879e+03
1.450000e-06	7.532952e-09	2.867439e-08	5.292777e+01	1.697812e+03
1.460000e-06	7.589419e-09	2.871732e-08	5.332452e+01	1.700770e+03
1.470000e-06	7.643007e-09	2.875489e-08	5.370104e+01	1.703562e+03
1.480000e-06	7.693466e-09	2.878677e-08	5.405557e+01	1.705986e+03
1.490000e-06	7.740875e-09	2.881592e-08	5.438868e+01	1.707921e+03
1.500000e-06	7.785552e-09	2.884345e-08	5.470259e+01	1.709382e+03
1.510000e-06	7.827469e-09	2.886764e-08	5.499711e+01	1.710509e+03
1.520000e-06	7.866569e-09	2.888881e-08	5.527183e+01	1.711509e+03
1.530000e-06	7.902968e-09	2.890780e-08	5.552758e+01	1.712562e+03
1.540000e-06	7.936602e-09	2.892405e-08	5.576390e+01	1.713754e+03
1.550000e-06	7.967449e-09	2.893703e-08	5.598064e+01	1.715044e+03
1.560000e-06	7.995575e-09	2.894799e-08	5.617826e+01	1.716296e+03
1.570000e-06	8.020840e-09	2.895810e-08	5.635578e+01	1.717339e+03
1.580000e-06	8.043239e-09	2.896624e-08	5.651316e+01	1.718047e+03
1.590000e-06	8.062893e-09	2.897189e-08	5.665125e+01	1.718395e+03
1.600000e-06	8.079690e-09	2.897621e-08	5.676928e+01	1.718466e+03
1.610000e-06	8.093470e-09	2.897904e-08	5.686609e+01	1.718408e+03
1.620000e-06	8.104116e-09	2.897854e-08	5.694090e+01	1.718374e+03
1.630000e-06	8.111719e-09	2.897591e-08	5.699432e+01	1.718454e+03
1.640000e-06	8.116493e-09	2.897323e-08	5.702787e+01	1.718639e+03
1.650000e-06	8.118433e-09	2.896892e-08	5.704150e+01	1.718837e+03
1.660000e-06	8.117597e-09	2.896687e-08	5.703562e+01	1.718911e+03
1.670000e-06	8.114143e-09	2.896383e-08	5.701136e+01	1.718748e+03
1.680000e-06	8.108005e-09	2.895611e-08	5.696823e+01	1.718306e+03
1.690000e-06	8.099163e-09	2.894563e-08	5.690611e+01	1.717629e+03
1.700000e-06	8.087593e-09	2.893186e-08	5.682482e+01	1.716822e+03
1.710000e-06	8.073207e-09	2.891196e-08	5.672374e+01	1.716003e+03
1.720000e-06	8.056255e-09	2.887930e-08	5.660464e+01	1.715245e+03
1.730000e-06	8.036980e-09	2.888382e-08	5.646921e+01	1.714547e+03
1.740000e-06	8.015013e-09	2.893020e-08	5.631486e+01	1.713834e+03
1.750000e-06	7.989715e-09	2.889655e-08	5.613712e+01	1.712998e+03
1.760000e-06	7.960832e-09	2.882981e-08	5.593419e+01	1.711946e+03
1.770000e-06	7.928724e-09	2.880529e-08	5.570859e+01	1.710643e+03
1.780000e-06	7.893935e-09	2.876786e-08	5.546415e+01	1.709133e+03
1.790000e-06	7.856656e-09	2.870684e-08	5.520223e+01	1.707515e+03
1.800000e-06	7.817110e-09	2.874838e-08	5.492437e+01	1.705895e+03
1.810000e-06	7.775353e-09	2.870628e-08	5.463098e+01	1.704342e+03
1.820000e-06	7.731040e-09	2.865244e-08	5.431963e+01	1.702850e+03
1.830000e-06	7.684046e-09	2.871211e-08	5.398945e+01	1.701344e+03
1.840000e-06	7.634194e-09	2.861076e-08	5.363918e+01	1.699711e+03
1.850000e-06	7.581300e-09	2.857999e-08	5.326754e+01	1.697851e+03
1.860000e-06	7.525512e-09	2.852608e-08	5.287557e+01	1.695724e+03
1.870000e-06	7.467024e-09	2.847561e-08	5.246462e+01	1.693369e+03
1.880000e-06	7.405923e-09	2.849496e-08	5.203532e+01	1.690883e+03
1.890000e-06	7.342071e-09	2.841475e-08	5.158668e+01	1.688378e+03
1.900000e-06	7.275482e-09	2.841758e-08	5.111882e+01	1.685931e+03
1.910000e-06	7.206162e-09	2.835712e-08	5.063177e+01	1.683540e+03
1.920000e-06	7.134047e-09	2.829288e-08	5.012508e+01	1.681132e+03
1.930000e-06	7.059269e-09	2.823704e-08	4.959968e+01	1.678585e+03
1.940000e-06	6.981744e-09	2.816105e-08	4.905497e+01	1.675786e+03
1.950000e-06	6.901572e-09	2.815948e-08	4.849168e+01	1.672683e+03
1.960000e-06	6.818972e-09	2.808163e-08	4.791131e+01	1.669308e+03
1.970000e-06	6.733926e-09	2.804807e-08	4.731377e+01	1.665766e+03
1.980000e-06	6.646401e-09	2.798228e-08	4.669881e+01	1.662188e+03
1.990000e-06	6.556499e-09	2.790616e-08	4.606714e+01	1.658674e+03
2.000000e-06	6.464366e-09	2.784880e-08	4.541980e+01	1.655246e+03
2.010000e-06	6.369916e-09	2.776524e-08	4.475618e+01	1.651835e+03
2.020000e-06	6.273179e-09	2.772213e-08	4.407649e+01	1.648310e+03
2.030000e-06	6.174232e-09	2.764940e-08	4.338127e+01	1.644531e+03
2.040000e-06	6.073057e-09	2.759636e-08	4.267040e+01	1.640413e+03
2.050000e-06	5.969646e-09	2.751254e-08	4.194382e+01	1.635964e+03
2.060000e-06	5.864079e-09	2.743421e-08	4.120209e+01	1.631279e+03
2.070000e-06	5.756497e-09	2.735156e-08	4.044620e+01	1.626505e+03
2.080000e-06	5.646862e-09	2.726626e-08	3.967588e+01	1.621772e+03
2.090000e-06	5.535125e-09	2.718798e-08	3.889080e+01	1.617138e+03
2.100000e-06	5.421264e-09	2.710299e-08	3.809079e+01	1.612562e+03
2.110000e-06	5.305303e-09	2.702855e-08	3.727604e+01	1.607918e+03
2.120000e-06	5.187259e-09	2.694167e-08	3.644664e+01	1.603050e+03
2.130000e-06	5.067222e-09	2.685272e-08	3.560324e+01	1.597840e+03
2.140000e-06	4.945356e-09	2.675110e-08	3.474699e+01	1.592260e+03
2.150000e-06	4.821728e-09	2.665851e-08	3.387836e+01	1.586382e+03
2.160000e-06	4.696384e-09	2.655723e-08	3.299768e+01	1.580349e+03
2.170000e-06	4.569324e-09	2.645720e-08	3.210493e+01	1.574309e+03
2.180000e-06	4.440609e-09	2.635348e-08	3.120056e+01	1.568349e+03
2.190000e-06	4.310361e-09	2.625443e-08	3.028541e+01	1.562450e+03
2.200000e-06	4.178623e-09	2.614958e-08	2.935980e+01	1.556495e+03
2.210000e-06	4.045393e-09	2.603622e-08	2.842370e+01	1.550314e+03
2.220000e-06	3.910668e-09	2.592133e-08	2.747710e+01	1.543761e+03
2.230000e-06	3.774461e-09	2.580187e-08	2.652009e+01	1.536776e+03
2.240000e-06	3.636870e-09	2.568309e-08	2.555336e+01	1.529411e+03
2.250000e-06	3.497959e-09	2.555556e-08	2.457735e+01	1.521813e+03
2.260000e-06	3.357749e-09	2.543011e-08	2.359221e+01	1.514154e+03
2.270000e-06	3.216262e-09	2.530237e-08	2.259810e+01	1.506554e+03
2.280000e-06	3.073519e-09	2.517179e-08	2.159516e+01	1.499026e+03
2.290000e-06	2.929601e-09	2.503497e-08	2.058397e+01	1.491463e+03
2.300000e-06	2.784629e-09	2.489609e-08	1.956537e+01	1.483680e+03
2.310000e-06	2.638729e-09	2.475442e-08	1.854025e+01	1.475496e+03
2.320000e-06	2.491937e-09	2.460634e-08	1.750887e+01	1.466811e+03
2.330000e-06	2.344252e-09	2.445274e-08	1.647121e+01	1.457655e+03
2.340000e-06	2.195733e-09	2.429787e-08	1.542769e+01	1.448178e+03
2.350000e-06	2.046475e-09	2.414302e-08	1.437898e+01	1.438586e+03
2.360000e-06	1.896522e-09	2.398331e-08	1.332538e+01	1.429046e+03
2.370000e-06	1.745900e-09	2.381674e-08	1.226709e+01	1.419611e+03
2.380000e-06	1.594646e-09	2.364826e-08	1.120435e+01	1.410184e+03
2.390000e-06	1.442783e-09	2.347851e-08	1.013733e+01	1.400556e+03
2.400000e-06	1.290347e-09	2.330218e-08	9.066294e+00	1.390486e+03
2.410000e-06	1.137418e-09	2.311858e-08	7.991788e+00	1.379808e+03
2.420000e-06	9.840940e-10	2.293115e-08	6.914506e+00	1.368502e+03
2.430000e-06	8.304598e-10	2.274270e-08	5.835046e+00	1.356706e+03
2.440000e-06	6.765777e-10	2.254834e-08	4.753843e+00	1.344654e+03
2.450000e-06	5.224851e-10	2.234535e-08	3.671161e+00	1.332569e+03
2.460000e-06	3.682368e-10	2.213645e-08	2.587385e+00	1.320548e+03
2.470000e-06	2.138591e-10	2.192530e-08	1.502701e+00	1.308503e+03
2.480000e-06	5.939913e-11	2.170854e-08	4.174376e-01	1.296169e+03
2.490000e-06	-9.506211e-11	2.148095e-08	-6.678342e-01	1.283203e+03
2.500000e-06	-2.494753e-10	2.124344e-08	-1.752768e+00	1.269313e+03
2.510000e-06	-4.037811e-10	2.099799e-08	-2.836947e+00	1.254380e+03
2.520000e-06	-5.579310e-10	2.074321e-08	-3.920032e+00	1.238509e+03
2.530000e-06	-7.118871e-10	2.047429e-08	-5.001754e+00	1.221986e+03
2.540000e-06	-8.655993e-10	2.019234e-08	-6.081763e+00	1.205148e+03
2.550000e-06	-1.018999e-09	1.990267e-08	-7.159575e+00	1.188223e+03
2.560000e-06	-1.172008e-09	1.960585e-08	-8.234648e+00	1.171196e+03
2.570000e-06	-1.324568e-09	1.929825e-08	-9.306561e+00	1.153772e+03
2.580000e-06	-1.476629e-09	1.897633e-08	-1.037497e+01	1.135448e+03
2.590000e-06	-1.628130e-09	1.863788e-08	-1.143944e+01	1.115664e+03
2.600000e-06	-1.779013e-09	1.827784e-08	-1.249957e+01	1.093983e+03
2.610000e-06	-1.929225e-09	1.789112e-08	-1.355498e+01	1.070196e+03
2.620000e-06	-2.078700e-09	1.747330e-08	-1.460522e+01	1.044309e+03
2.630000e-06	-2.227439e-09	1.701697e-08	-1.565029e+01	1.016378e+03
2.640000e-06	-2.375425e-09	1.651078e-08	-1.669006e+01	9.862455e+02
2.650000e-06	-2.522569e-09	1.594214e-08	-1.772392e+01	9.532649e+02
2.660000e-06	-2.668837e-09	1.529664e-08	-1.875163e+01	9.161244e+02
2.670000e-06	-2.814188e-09	1.455260e-08	-1.977289e+01	8.728505e+02
2.680000e-06	-2.958523e-09	1.368255e-08	-2.078701e+01	8.210264e+02
2.690000e-06	-3.101734e-09	1.265368e-08	-2.179324e+01	7.581810e+02
2.700000e-06	-3.243715e-09	1.142848e-08	-2.279082e+01	6.822513e+02
2.710000e-06	-3.384435e-09	9.965897e-09	-2.377955e+01	5.919902e+02
2.720000e-06	-3.523894e-09	8.234857e-09	-2.475940e+01	4.872135e+02
2.730000e-06	-3.662057e-09	6.236247e-09	-2.573016e+01	3.688285e+02
2.740000e-06	-3.798884e-09	4.013310e-09	-2.669153e+01	2.386613e+02
2.750000e-06	-3.934307e-09	1.649266e-09	-2.764304e+01	9.915731e+01
2.760000e-06	-4.068254e-09	-7.724701e-10	-2.858417e+01	-4.693713e+01
2.770000e-06	-4.200741e-09	-3.208561e-09	-2.951505e+01	-1.968182e+02
2.780000e-06	-4.331774e-09	-5.649087e-09	-3.043571e+01	-3.477428e+02
2.790000e-06	-4.461293e-09	-8.090761e-09	-3.134574e+01	-4.970339e+02
2.800000e-06	-4.589230e-09	-1.051609e-08	-3.224464e+01	-6.420345e+02
2.810000e-06	-4.715508e-09	-1.288239e-08	-3.313190e+01	-7.800948e+02
2.820000e-06	-4.840128e-09	-1.510994e-08	-3.400750e+01	-9.086566e+02
2.830000e-06	-4.963062e-09	-1.710814e-08	-3.487126e+01	-1.025455e+03
2.840000e-06	-5.084197e-09	-1.883557e-08	-3.572238e+01	-1.128794e+03
2.850000e-06	-5.203416e-09	-2.030484e-08	-3.656003e+01	-1.217810e+03
2.860000e-06	-5.320595e-09	-2.154520e-08	-3.738335e+01	-1.292629e+03
2.870000e-06	-5.435637e-09	-2.258694e-08	-3.819165e+01	-1.354343e+03
2.880000e-06	-5.548484e-09	-2.346020e-08	-3.898454e+01	-1.404785e+03
2.890000e-06	-5.659178e-09	-2.419199e-08	-3.976229e+01	-1.446171e+03
2.900000e-06	-5.767853e-09	-2.480508e-08	-4.052586e+01	-1.480679e+03
2.910000e-06	-5.874582e-09	-2.531877e-08	-4.127576e+01	-1.510110e+03
2.920000e-06	-5.979288e-09	-2.575126e-08	-4.201144e+01	-1.535696e+03
2.930000e-06	-6.081803e-09	-2.612056e-08	-4.273173e+01	-1.558092e+03
2.940000e-06	-6.182107e-09	-2.643792e-08	-4.343648e+01	-1.577546e+03
2.950000e-06	-6.280285e-09	-2.670920e-08	-4.412630e+01	-1.594130e+03
2.960000e-06	-6.376290e-09	-2.694267e-08	-4.480085e+01	-1.607975e+03
2.970000e-06	-6.469995e-09	-2.714640e-08	-4.545924e+01	-1.619400e+03
2.980000e-06	-6.561396e-09	-2.732358e-08	-4.610144e+01	-1.628919e+03
2.990000e-06	-6.650529e-09	-2.747614e-08	-4.672771e+01	-1.637140e+03
3.000000e-06	-6.737291e-09	-2.761000e-08	-4.733731e+01	-1.644606e+03
3.010000e-06	-6.821599e-09	-2.773045e-08	-4.792968e+01	-1.651665e+03
3.020000e-06	-6.903508e-09	-2.783997e-08	-4.850519e+01	-1.658411e+03
3.030000e-06	-6.982954e-09	-2.793925e-08	-4.906339e+01	-1.664728e+03
3.040000e-06	-7.059718e-09	-2.802924e-08	-4.960275e+01	-1.670404e+03
3.050000e-06	-7.133793e-09	-2.811088e-08	-5.012321e+01	-1.675268e+03
3.060000e-06	-7.205287e-09	-2.818413e-08	-5.062554e+01	-1.679294e+03
3.070000e-06	-7.274176e-09	-2.824920e-08	-5.110957e+01	-1.682630e+03
3.080000e-06	-7.340498e-09	-2.830794e-08	-5.157556e+01	-1.685544e+03
3.090000e-06	-7.404283e-09	-2.836214e-08	-5.202373e+01	-1.688324e+03
3.100000e-06	-7.465418e-09	-2.841293e-08	-5.245327e+01	-1.691168e+03
3.110000e-06	-7.523872e-09	-2.846005e-08	-5.286398e+01	-1.694117e+03
3.120000e-06	-7.579586e-09	-2.850178e-08	-5.325544e+01	-1.697057e+03
3.130000e-06	-7.632393e-09	-2.854144e-08	-5.362648e+01	-1.699788e+03
3.140000e-06	-7.682165e-09	-2.858096e-08	-5.397618e+01	-1.702116e+03
3.150000e-06	-7.728955e-09	-2.861681e-08	-5.430494e+01	-1.703947e+03
3.160000e-06	-7.773090e-09	-2.864590e-08	-5.461504e+01	-1.705324e+03
3.170000e-06	-7.814721e-09	-2.867147e-08	-5.490755e+01	-1.706407e+03
3.180000e-06	-7.853672e-09	-2.869681e-08	-5.518123e+01	-1.707404e+03
3.190000e-06	-7.889838e-09	-2.871893e-08	-5.543534e+01	-1.708482e+03
3.200000e-06	-7.923249e-09	-2.873671e-08	-5.567009e+01	-1.709701e+03
3.210000e-06	-7.953812e-09	-2.875411e-08	-5.588483e+01	-1.710997e+03
3.220000e-06	-7.981482e-09	-2.877357e-08	-5.607924e+01	-1.712219e+03
3.230000e-06	-8.006368e-09	-2.879187e-08	-5.625410e+01	-1.713199e+03
3.240000e-06	-8.028421e-09	-2.880595e-08	-5.640905e+01	-1.713832e+03
3.250000e-06	-8.047626e-09	-2.881593e-08	-5.654399e+01	-1.714113e+03
3.260000e-06	-8.064004e-09	-2.882423e-08	-5.665906e+01	-1.714143e+03
3.270000e-06	-8.077311e-09	-2.883021e-08	-5.675257e+01	-1.714078e+03
3.280000e-06	-8.087535e-09	-2.883200e-08	-5.682440e+01	-1.714062e+03
3.290000e-06	-8.094862e-09	-2.883289e-08	-5.687588e+01	-1.714167e+03
3.300000e-06	-8.099306e-09	-2.883749e-08	-5.690711e+01	-1.714365e+03
3.310000e-06	-8.100944e-09	-2.884135e-08	-5.691862e+01	-1.714548e+03
