# Temperatura_=_54.769999999999996
# Concentracion g/m^3_=_20000.0
# C_Vs_to_Am_M_A/Vsm_=_59384043850.047264
# pendiente_HvsI_1/m_=_3716.3
# ordenada_HvsI_A/m_=_1297.0
# frecuencia_Hz_=_301547.3758286898
# Promedio de 13 ciclos

Tiempo_(s)	Campo_(V.s)	Magnetizacion_(V.s)	Campo_(kA/m)	Magnetizacion_(A/m)
0.000000e+00	-8.112755e-09	-2.760888e-08	-5.692828e+01	-1.641401e+03
1.000000e-08	-8.109863e-09	-2.760009e-08	-5.690799e+01	-1.641108e+03
2.000000e-08	-8.104277e-09	-2.759317e-08	-5.686880e+01	-1.640581e+03
3.000000e-08	-8.096071e-09	-2.758942e-08	-5.681122e+01	-1.639904e+03
4.000000e-08	-8.085002e-09	-2.758635e-08	-5.673355e+01	-1.639189e+03
5.000000e-08	-8.070988e-09	-2.758013e-08	-5.663520e+01	-1.638524e+03
6.000000e-08	-8.054072e-09	-2.757467e-08	-5.651651e+01	-1.637933e+03
7.000000e-08	-8.034552e-09	-2.757721e-08	-5.637953e+01	-1.637362e+03
8.000000e-08	-8.012432e-09	-2.755415e-08	-5.622431e+01	-1.636705e+03
9.000000e-08	-7.987055e-09	-2.748743e-08	-5.604624e+01	-1.635851e+03
1.000000e-07	-7.958323e-09	-2.747128e-08	-5.584463e+01	-1.634734e+03
1.100000e-07	-7.926779e-09	-2.749678e-08	-5.562328e+01	-1.633364e+03
1.200000e-07	-7.892597e-09	-2.749080e-08	-5.538342e+01	-1.631829e+03
1.300000e-07	-7.855919e-09	-2.745295e-08	-5.512604e+01	-1.630258e+03
1.400000e-07	-7.817150e-09	-2.744384e-08	-5.485400e+01	-1.628764e+03
1.500000e-07	-7.776112e-09	-2.744199e-08	-5.456603e+01	-1.627395e+03
1.600000e-07	-7.732210e-09	-2.737645e-08	-5.425796e+01	-1.626114e+03
1.700000e-07	-7.685520e-09	-2.736974e-08	-5.393033e+01	-1.624808e+03
1.800000e-07	-7.635946e-09	-2.730248e-08	-5.358247e+01	-1.623337e+03
1.900000e-07	-7.583125e-09	-2.728126e-08	-5.321182e+01	-1.621590e+03
2.000000e-07	-7.527433e-09	-2.730517e-08	-5.282102e+01	-1.619535e+03
2.100000e-07	-7.469034e-09	-2.723375e-08	-5.241123e+01	-1.617227e+03
2.200000e-07	-7.407985e-09	-2.721742e-08	-5.198284e+01	-1.614789e+03
2.300000e-07	-7.344333e-09	-2.716557e-08	-5.153618e+01	-1.612357e+03
2.400000e-07	-7.277876e-09	-2.714272e-08	-5.106985e+01	-1.610023e+03
2.500000e-07	-7.208742e-09	-2.709601e-08	-5.058473e+01	-1.607795e+03
2.600000e-07	-7.136988e-09	-2.702487e-08	-5.008122e+01	-1.605596e+03
2.700000e-07	-7.062460e-09	-2.700693e-08	-4.955825e+01	-1.603296e+03
2.800000e-07	-6.985143e-09	-2.697906e-08	-4.901571e+01	-1.600767e+03
2.900000e-07	-6.905110e-09	-2.693910e-08	-4.845411e+01	-1.597939e+03
3.000000e-07	-6.822571e-09	-2.685750e-08	-4.787491e+01	-1.594828e+03
3.100000e-07	-6.737749e-09	-2.682453e-08	-4.727971e+01	-1.591527e+03
3.200000e-07	-6.650652e-09	-2.678869e-08	-4.666854e+01	-1.588168e+03
3.300000e-07	-6.561180e-09	-2.671425e-08	-4.604071e+01	-1.584859e+03
3.400000e-07	-6.469364e-09	-2.666288e-08	-4.539642e+01	-1.581641e+03
3.500000e-07	-6.375259e-09	-2.661293e-08	-4.473607e+01	-1.578468e+03
3.600000e-07	-6.278793e-09	-2.656654e-08	-4.405916e+01	-1.575226e+03
3.700000e-07	-6.179990e-09	-2.649511e-08	-4.336585e+01	-1.571782e+03
3.800000e-07	-6.078989e-09	-2.642588e-08	-4.265711e+01	-1.568043e+03
3.900000e-07	-5.975814e-09	-2.636379e-08	-4.193312e+01	-1.563992e+03
4.000000e-07	-5.870424e-09	-2.630619e-08	-4.119358e+01	-1.559697e+03
4.100000e-07	-5.762931e-09	-2.624285e-08	-4.043929e+01	-1.555280e+03
4.200000e-07	-5.653457e-09	-2.616402e-08	-3.967110e+01	-1.550864e+03
4.300000e-07	-5.541949e-09	-2.609481e-08	-3.888863e+01	-1.546518e+03
4.400000e-07	-5.428272e-09	-2.602248e-08	-3.809094e+01	-1.542230e+03
4.500000e-07	-5.312419e-09	-2.594224e-08	-3.727799e+01	-1.537909e+03
4.600000e-07	-5.194551e-09	-2.585800e-08	-3.645089e+01	-1.533425e+03
4.700000e-07	-5.074778e-09	-2.578342e-08	-3.561043e+01	-1.528667e+03
4.800000e-07	-4.953140e-09	-2.570825e-08	-3.475688e+01	-1.523586e+03
4.900000e-07	-4.829713e-09	-2.562306e-08	-3.389078e+01	-1.518217e+03
5.000000e-07	-4.704588e-09	-2.553079e-08	-3.301276e+01	-1.512662e+03
5.100000e-07	-4.577804e-09	-2.544113e-08	-3.212310e+01	-1.507038e+03
5.200000e-07	-4.449346e-09	-2.534992e-08	-3.122169e+01	-1.501430e+03
5.300000e-07	-4.319257e-09	-2.525218e-08	-3.030884e+01	-1.495850e+03
5.400000e-07	-4.187630e-09	-2.514920e-08	-2.938520e+01	-1.490227e+03
5.500000e-07	-4.054511e-09	-2.504847e-08	-2.845109e+01	-1.484445e+03
5.600000e-07	-3.919897e-09	-2.495204e-08	-2.750648e+01	-1.478390e+03
5.700000e-07	-3.783841e-09	-2.484983e-08	-2.655176e+01	-1.472000e+03
5.800000e-07	-3.646431e-09	-2.474097e-08	-2.558753e+01	-1.465291e+03
5.900000e-07	-3.507637e-09	-2.462976e-08	-2.461360e+01	-1.458354e+03
6.000000e-07	-3.367354e-09	-2.451869e-08	-2.362922e+01	-1.451305e+03
6.100000e-07	-3.225661e-09	-2.440016e-08	-2.263493e+01	-1.444236e+03
6.200000e-07	-3.082754e-09	-2.427649e-08	-2.163214e+01	-1.437169e+03
6.300000e-07	-2.938713e-09	-2.415299e-08	-2.062139e+01	-1.430043e+03
6.400000e-07	-2.793582e-09	-2.403154e-08	-1.960298e+01	-1.422739e+03
6.500000e-07	-2.647469e-09	-2.390323e-08	-1.857769e+01	-1.415130e+03
6.600000e-07	-2.500454e-09	-2.377037e-08	-1.754606e+01	-1.407138e+03
6.700000e-07	-2.352596e-09	-2.363721e-08	-1.650852e+01	-1.398766e+03
6.800000e-07	-2.203954e-09	-2.350131e-08	-1.546548e+01	-1.390100e+03
6.900000e-07	-2.054574e-09	-2.335744e-08	-1.441726e+01	-1.381266e+03
7.000000e-07	-1.904508e-09	-2.320778e-08	-1.336423e+01	-1.372375e+03
7.100000e-07	-1.753784e-09	-2.305828e-08	-1.230658e+01	-1.363463e+03
7.200000e-07	-1.602432e-09	-2.290505e-08	-1.124452e+01	-1.354477e+03
7.300000e-07	-1.450473e-09	-2.274705e-08	-1.017820e+01	-1.345287e+03
7.400000e-07	-1.297953e-09	-2.258276e-08	-9.107954e+00	-1.335746e+03
7.500000e-07	-1.144940e-09	-2.241885e-08	-8.034239e+00	-1.325752e+03
7.600000e-07	-9.914875e-10	-2.225196e-08	-6.957445e+00	-1.315294e+03
7.700000e-07	-8.376695e-10	-2.207825e-08	-5.878084e+00	-1.304461e+03
7.800000e-07	-6.835510e-10	-2.189803e-08	-4.796614e+00	-1.293394e+03
7.900000e-07	-5.291954e-10	-2.171308e-08	-3.713480e+00	-1.282223e+03
8.000000e-07	-3.746613e-10	-2.152259e-08	-2.629094e+00	-1.270992e+03
8.100000e-07	-2.199945e-10	-2.132527e-08	-1.543777e+00	-1.259623e+03
8.200000e-07	-6.526023e-11	-2.112281e-08	-4.579852e-01	-1.247935e+03
8.300000e-07	8.948343e-11	-2.091217e-08	6.278720e-01	-1.235706e+03
8.400000e-07	2.442055e-10	-2.069455e-08	1.713578e+00	-1.222760e+03
8.500000e-07	3.988463e-10	-2.046923e-08	2.798713e+00	-1.209044e+03
8.600000e-07	5.533261e-10	-2.023656e-08	3.882719e+00	-1.194647e+03
8.700000e-07	7.076048e-10	-1.999475e-08	4.965313e+00	-1.179762e+03
8.800000e-07	8.616320e-10	-1.974299e-08	6.046143e+00	-1.164588e+03
8.900000e-07	1.015335e-09	-1.948208e-08	7.124696e+00	-1.149222e+03
9.000000e-07	1.168651e-09	-1.921249e-08	8.200537e+00	-1.133580e+03
9.100000e-07	1.321534e-09	-1.893125e-08	9.273337e+00	-1.117376e+03
9.200000e-07	1.473928e-09	-1.863333e-08	1.034271e+01	-1.100197e+03
9.300000e-07	1.625764e-09	-1.831853e-08	1.140816e+01	-1.081610e+03
9.400000e-07	1.776972e-09	-1.798357e-08	1.246921e+01	-1.061290e+03
9.500000e-07	1.927513e-09	-1.762292e-08	1.352557e+01	-1.039080e+03
9.600000e-07	2.077367e-09	-1.722970e-08	1.457711e+01	-1.014955e+03
9.700000e-07	2.226479e-09	-1.679907e-08	1.562346e+01	-9.888804e+02
9.800000e-07	2.374785e-09	-1.632060e-08	1.666414e+01	-9.606003e+02
9.900000e-07	2.522249e-09	-1.577727e-08	1.769891e+01	-9.294187e+02
1.000000e-06	2.668819e-09	-1.515338e-08	1.872742e+01	-8.940646e+02
1.010000e-06	2.814442e-09	-1.443045e-08	1.974927e+01	-8.526975e+02
1.020000e-06	2.959046e-09	-1.358420e-08	2.076398e+01	-8.030794e+02
1.030000e-06	3.102556e-09	-1.257905e-08	2.177101e+01	-7.428843e+02
1.040000e-06	3.244950e-09	-1.137575e-08	2.277021e+01	-6.700767e+02
1.050000e-06	3.386140e-09	-9.932297e-09	2.376096e+01	-5.832673e+02
1.060000e-06	3.526016e-09	-8.213562e-09	2.474249e+01	-4.819660e+02
1.070000e-06	3.664542e-09	-6.209935e-09	2.571454e+01	-3.666829e+02
1.080000e-06	3.801683e-09	-3.967901e-09	2.667687e+01	-2.388770e+02
1.090000e-06	3.937400e-09	-1.571224e-09	2.762922e+01	-1.007899e+02
1.100000e-06	4.071693e-09	9.047938e-10	2.857157e+01	4.477509e+01
1.110000e-06	4.204527e-09	3.416761e-09	2.950369e+01	1.946710e+02
1.120000e-06	4.335832e-09	5.943902e-09	3.042507e+01	3.455886e+02
1.130000e-06	4.465581e-09	8.457409e-09	3.133554e+01	4.941997e+02
1.140000e-06	4.593716e-09	1.091588e-08	3.223468e+01	6.372846e+02
1.150000e-06	4.720232e-09	1.325259e-08	3.312246e+01	7.718745e+02
1.160000e-06	4.845143e-09	1.537768e-08	3.399898e+01	8.954270e+02
1.170000e-06	4.968354e-09	1.722679e-08	3.486356e+01	1.006023e+03
1.180000e-06	5.089768e-09	1.880168e-08	3.571555e+01	1.102548e+03
1.190000e-06	5.209320e-09	2.013588e-08	3.655446e+01	1.184802e+03
1.200000e-06	5.326946e-09	2.126106e-08	3.737986e+01	1.253487e+03
1.210000e-06	5.442542e-09	2.220214e-08	3.819101e+01	1.310061e+03
1.220000e-06	5.556016e-09	2.298562e-08	3.898727e+01	1.356459e+03
1.230000e-06	5.667412e-09	2.364135e-08	3.976895e+01	1.394761e+03
1.240000e-06	5.776840e-09	2.419338e-08	4.053683e+01	1.426870e+03
1.250000e-06	5.884277e-09	2.465527e-08	4.129072e+01	1.454284e+03
1.260000e-06	5.989577e-09	2.503996e-08	4.202963e+01	1.478010e+03
1.270000e-06	6.092688e-09	2.536684e-08	4.275318e+01	1.498611e+03
1.280000e-06	6.193612e-09	2.565036e-08	4.346137e+01	1.516367e+03
1.290000e-06	6.292279e-09	2.589380e-08	4.415373e+01	1.531458e+03
1.300000e-06	6.388606e-09	2.610028e-08	4.482967e+01	1.544122e+03
1.310000e-06	6.482681e-09	2.627955e-08	4.548981e+01	1.554725e+03
1.320000e-06	6.574545e-09	2.643947e-08	4.613443e+01	1.563738e+03
1.330000e-06	6.664067e-09	2.657950e-08	4.676262e+01	1.571652e+03
1.340000e-06	6.751210e-09	2.670020e-08	4.737412e+01	1.578864e+03
1.350000e-06	6.836037e-09	2.680844e-08	4.796936e+01	1.585601e+03
1.360000e-06	6.918481e-09	2.690802e-08	4.854788e+01	1.591908e+03
1.370000e-06	6.998422e-09	2.699601e-08	4.910884e+01	1.597696e+03
1.380000e-06	7.075815e-09	2.707058e-08	4.965192e+01	1.602838e+03
1.390000e-06	7.150545e-09	2.713917e-08	5.017630e+01	1.607265e+03
1.400000e-06	7.222593e-09	2.720538e-08	5.068188e+01	1.611017e+03
1.410000e-06	7.292099e-09	2.726659e-08	5.116961e+01	1.614251e+03
1.420000e-06	7.359020e-09	2.732038e-08	5.163921e+01	1.617178e+03
1.430000e-06	7.423268e-09	2.736918e-08	5.209004e+01	1.619993e+03
1.440000e-06	7.484984e-09	2.741534e-08	5.252311e+01	1.622799e+03
1.450000e-06	7.544184e-09	2.745618e-08	5.293853e+01	1.625587e+03
1.460000e-06	7.600679e-09	2.749036e-08	5.333496e+01	1.628248e+03
1.470000e-06	7.654293e-09	2.752144e-08	5.371118e+01	1.630643e+03
1.480000e-06	7.704759e-09	2.755320e-08	5.406531e+01	1.632665e+03
1.490000e-06	7.752139e-09	2.758308e-08	5.439778e+01	1.634295e+03
1.500000e-06	7.796819e-09	2.760835e-08	5.471131e+01	1.635612e+03
1.510000e-06	7.838742e-09	2.763004e-08	5.500549e+01	1.636757e+03
1.520000e-06	7.877810e-09	2.764954e-08	5.527963e+01	1.637873e+03
1.530000e-06	7.914200e-09	2.766677e-08	5.553499e+01	1.639048e+03
1.540000e-06	7.947829e-09	2.768105e-08	5.577097e+01	1.640279e+03
1.550000e-06	7.978625e-09	2.769323e-08	5.598707e+01	1.641480e+03
1.560000e-06	8.006713e-09	2.770519e-08	5.618417e+01	1.642529e+03
1.570000e-06	8.031936e-09	2.771676e-08	5.636116e+01	1.643320e+03
1.580000e-06	8.054263e-09	2.772537e-08	5.651783e+01	1.643817e+03
1.590000e-06	8.073839e-09	2.772953e-08	5.665520e+01	1.644066e+03
1.600000e-06	8.090547e-09	2.773108e-08	5.677244e+01	1.644175e+03
1.610000e-06	8.104246e-09	2.773269e-08	5.686858e+01	1.644266e+03
1.620000e-06	8.114805e-09	2.773319e-08	5.694267e+01	1.644422e+03
1.630000e-06	8.122308e-09	2.773145e-08	5.699532e+01	1.644649e+03
1.640000e-06	8.127020e-09	2.772956e-08	5.702839e+01	1.644879e+03
1.650000e-06	8.128889e-09	2.772718e-08	5.704150e+01	1.645002e+03
1.660000e-06	8.127962e-09	2.772323e-08	5.703500e+01	1.644917e+03
1.670000e-06	8.124459e-09	2.771788e-08	5.701042e+01	1.644578e+03
1.680000e-06	8.118252e-09	2.770799e-08	5.696686e+01	1.644017e+03
1.690000e-06	8.109342e-09	2.769537e-08	5.690434e+01	1.643325e+03
1.700000e-06	8.097723e-09	2.768236e-08	5.682281e+01	1.642614e+03
1.710000e-06	8.083260e-09	2.766580e-08	5.672132e+01	1.641962e+03
1.720000e-06	8.066219e-09	2.764055e-08	5.660174e+01	1.641380e+03
1.730000e-06	8.046895e-09	2.762131e-08	5.646614e+01	1.640802e+03
1.740000e-06	8.024864e-09	2.767398e-08	5.631155e+01	1.640118e+03
1.750000e-06	7.999400e-09	2.766473e-08	5.613287e+01	1.639219e+03
1.760000e-06	7.970271e-09	2.759150e-08	5.592847e+01	1.638053e+03
1.770000e-06	7.937937e-09	2.755141e-08	5.570157e+01	1.636645e+03
1.780000e-06	7.903031e-09	2.753197e-08	5.545664e+01	1.635094e+03
1.790000e-06	7.865646e-09	2.747362e-08	5.519430e+01	1.633530e+03
1.800000e-06	7.826025e-09	2.748875e-08	5.491628e+01	1.632057e+03
1.810000e-06	7.784177e-09	2.747604e-08	5.462263e+01	1.630709e+03
1.820000e-06	7.739696e-09	2.739880e-08	5.431049e+01	1.629433e+03
1.830000e-06	7.692558e-09	2.747551e-08	5.397972e+01	1.628107e+03
1.840000e-06	7.642514e-09	2.738936e-08	5.362856e+01	1.626593e+03
1.850000e-06	7.589443e-09	2.735274e-08	5.325615e+01	1.624791e+03
1.860000e-06	7.533515e-09	2.731197e-08	5.286370e+01	1.622684e+03
1.870000e-06	7.474860e-09	2.722597e-08	5.245211e+01	1.620343e+03
1.880000e-06	7.413607e-09	2.727198e-08	5.202229e+01	1.617897e+03
1.890000e-06	7.349555e-09	2.717296e-08	5.157283e+01	1.615477e+03
1.900000e-06	7.282783e-09	2.717625e-08	5.110428e+01	1.613164e+03
1.910000e-06	7.213254e-09	2.714483e-08	5.061639e+01	1.610948e+03
1.920000e-06	7.140932e-09	2.706844e-08	5.010890e+01	1.608742e+03
1.930000e-06	7.065985e-09	2.704235e-08	4.958299e+01	1.606409e+03
1.940000e-06	6.988245e-09	2.694436e-08	4.903748e+01	1.603829e+03
1.950000e-06	6.907884e-09	2.694878e-08	4.847357e+01	1.600947e+03
1.960000e-06	6.825098e-09	2.687371e-08	4.789265e+01	1.597793e+03
1.970000e-06	6.739855e-09	2.684006e-08	4.729449e+01	1.594472e+03
1.980000e-06	6.652139e-09	2.679211e-08	4.667897e+01	1.591115e+03
1.990000e-06	6.562064e-09	2.670385e-08	4.604691e+01	1.587822e+03
2.000000e-06	6.469752e-09	2.667031e-08	4.539914e+01	1.584617e+03
2.010000e-06	6.375056e-09	2.658098e-08	4.473465e+01	1.581441e+03
2.020000e-06	6.278092e-09	2.654601e-08	4.405424e+01	1.578172e+03
2.030000e-06	6.178930e-09	2.646881e-08	4.335841e+01	1.574681e+03
2.040000e-06	6.077526e-09	2.642148e-08	4.264684e+01	1.570884e+03
2.050000e-06	5.973888e-09	2.634839e-08	4.191960e+01	1.566782e+03
2.060000e-06	5.868141e-09	2.627238e-08	4.117756e+01	1.562455e+03
2.070000e-06	5.760388e-09	2.619964e-08	4.042145e+01	1.558030e+03
2.080000e-06	5.650534e-09	2.611898e-08	3.965059e+01	1.553624e+03
2.090000e-06	5.538590e-09	2.605350e-08	3.886506e+01	1.549292e+03
2.100000e-06	5.424524e-09	2.596854e-08	3.806464e+01	1.545006e+03
2.110000e-06	5.308341e-09	2.589526e-08	3.724938e+01	1.540666e+03
2.120000e-06	5.190064e-09	2.580630e-08	3.641941e+01	1.536139e+03
2.130000e-06	5.069819e-09	2.573188e-08	3.557564e+01	1.531324e+03
2.140000e-06	4.947767e-09	2.563631e-08	3.471918e+01	1.526187e+03
2.150000e-06	4.823960e-09	2.555705e-08	3.385041e+01	1.520776e+03
2.160000e-06	4.698398e-09	2.546487e-08	3.296933e+01	1.515200e+03
2.170000e-06	4.571127e-09	2.537533e-08	3.207625e+01	1.509575e+03
2.180000e-06	4.442263e-09	2.527238e-08	3.117199e+01	1.503973e+03
2.190000e-06	4.311866e-09	2.517023e-08	3.025698e+01	1.498392e+03
2.200000e-06	4.179937e-09	2.507201e-08	2.933122e+01	1.492750e+03
2.210000e-06	4.046469e-09	2.496637e-08	2.839466e+01	1.486927e+03
2.220000e-06	3.911538e-09	2.486425e-08	2.744782e+01	1.480814e+03
2.230000e-06	3.775160e-09	2.475351e-08	2.649084e+01	1.474363e+03
2.240000e-06	3.637393e-09	2.464969e-08	2.552411e+01	1.467605e+03
2.250000e-06	3.498262e-09	2.453290e-08	2.454782e+01	1.460639e+03
2.260000e-06	3.357805e-09	2.441400e-08	2.356221e+01	1.453581e+03
2.270000e-06	3.216064e-09	2.428758e-08	2.256760e+01	1.446513e+03
2.280000e-06	3.073106e-09	2.416538e-08	2.156444e+01	1.439442e+03
2.290000e-06	2.929011e-09	2.403925e-08	2.055331e+01	1.432294e+03
2.300000e-06	2.783857e-09	2.390858e-08	1.953474e+01	1.424945e+03
2.310000e-06	2.637782e-09	2.377322e-08	1.850972e+01	1.417271e+03
2.320000e-06	2.490803e-09	2.364022e-08	1.747834e+01	1.409207e+03
2.330000e-06	2.342915e-09	2.350293e-08	1.644059e+01	1.400774e+03
2.340000e-06	2.194188e-09	2.335779e-08	1.539695e+01	1.392069e+03
2.350000e-06	2.044694e-09	2.320752e-08	1.434793e+01	1.383218e+03
2.360000e-06	1.894483e-09	2.305652e-08	1.329388e+01	1.374323e+03
2.370000e-06	1.743632e-09	2.290325e-08	1.223535e+01	1.365404e+03
2.380000e-06	1.592197e-09	2.274223e-08	1.117270e+01	1.356392e+03
2.390000e-06	1.440188e-09	2.257787e-08	1.010604e+01	1.347150e+03
2.400000e-06	1.287620e-09	2.241100e-08	9.035450e+00	1.337533e+03
2.410000e-06	1.134561e-09	2.224306e-08	7.961412e+00	1.327453e+03
2.420000e-06	9.811105e-10	2.206626e-08	6.884628e+00	1.316920e+03
2.430000e-06	8.273413e-10	2.188640e-08	5.805609e+00	1.306034e+03
2.440000e-06	6.732990e-10	2.170462e-08	4.724674e+00	1.294941e+03
2.450000e-06	5.190222e-10	2.151904e-08	3.642093e+00	1.283758e+03
2.460000e-06	3.645829e-10	2.132395e-08	2.558371e+00	1.272511e+03
2.470000e-06	2.100299e-10	2.112144e-08	1.473852e+00	1.261101e+03
2.480000e-06	5.538325e-11	2.091487e-08	3.886765e-01	1.249332e+03
2.490000e-06	-9.927997e-11	2.070302e-08	-6.966158e-01	1.236985e+03
2.500000e-06	-2.538630e-10	2.048288e-08	-1.781345e+00	1.223902e+03
2.510000e-06	-4.083154e-10	2.025466e-08	-2.865159e+00	1.210053e+03
2.520000e-06	-5.626149e-10	2.002019e-08	-3.947899e+00	1.195553e+03
2.530000e-06	-7.167047e-10	1.977708e-08	-5.029168e+00	1.180603e+03
2.540000e-06	-8.705394e-10	1.952356e-08	-6.108647e+00	1.165392e+03
2.550000e-06	-1.024065e-09	1.925841e-08	-7.185957e+00	1.149989e+03
2.560000e-06	-1.177215e-09	1.898195e-08	-8.260632e+00	1.134272e+03
2.570000e-06	-1.329910e-09	1.869335e-08	-9.332114e+00	1.117927e+03
2.580000e-06	-1.482078e-09	1.839101e-08	-1.039990e+01	1.100526e+03
2.590000e-06	-1.633693e-09	1.807315e-08	-1.146380e+01	1.081649e+03
2.600000e-06	-1.784715e-09	1.773522e-08	-1.252354e+01	1.060998e+03
2.610000e-06	-1.935096e-09	1.737112e-08	-1.357878e+01	1.038445e+03
2.620000e-06	-2.084790e-09	1.697355e-08	-1.462921e+01	1.013978e+03
2.630000e-06	-2.233747e-09	1.653502e-08	-1.567446e+01	9.875383e+02
2.640000e-06	-2.381904e-09	1.604780e-08	-1.671410e+01	9.588064e+02
2.650000e-06	-2.529195e-09	1.549875e-08	-1.774766e+01	9.269902e+02
2.660000e-06	-2.675587e-09	1.487102e-08	-1.877491e+01	8.907118e+02
2.670000e-06	-2.821063e-09	1.414240e-08	-1.979574e+01	8.480425e+02
2.680000e-06	-2.965534e-09	1.328788e-08	-2.080951e+01	7.967028e+02
2.690000e-06	-3.108881e-09	1.227419e-08	-2.181539e+01	7.343902e+02
2.700000e-06	-3.251045e-09	1.106006e-08	-2.281298e+01	6.591606e+02
2.710000e-06	-3.391967e-09	9.603627e-09	-2.380184e+01	5.697708e+02
2.720000e-06	-3.531571e-09	7.874888e-09	-2.478147e+01	4.659063e+02
2.730000e-06	-3.669857e-09	5.879259e-09	-2.575184e+01	3.482546e+02
2.740000e-06	-3.806800e-09	3.666969e-09	-2.671279e+01	2.184290e+02
2.750000e-06	-3.942326e-09	1.316320e-09	-2.766379e+01	7.878824e+01
2.760000e-06	-4.076430e-09	-1.096994e-09	-2.860482e+01	-6.778792e+01
2.770000e-06	-4.209108e-09	-3.529051e-09	-2.953583e+01	-2.181114e+02
2.780000e-06	-4.340269e-09	-5.969596e-09	-3.045621e+01	-3.688600e+02
2.790000e-06	-4.469897e-09	-8.410350e-09	-3.136583e+01	-5.167154e+02
2.800000e-06	-4.597954e-09	-1.081199e-08	-3.226442e+01	-6.584914e+02
2.810000e-06	-4.724358e-09	-1.309985e-08	-3.315142e+01	-7.912816e+02
2.820000e-06	-4.849098e-09	-1.518947e-08	-3.402674e+01	-9.126403e+02
2.830000e-06	-4.972111e-09	-1.702197e-08	-3.488993e+01	-1.020780e+03
2.840000e-06	-5.093362e-09	-1.858620e-08	-3.574077e+01	-1.114745e+03
2.850000e-06	-5.212750e-09	-1.990620e-08	-3.657853e+01	-1.194499e+03
2.860000e-06	-5.330102e-09	-2.101673e-08	-3.740200e+01	-1.260898e+03
2.870000e-06	-5.445298e-09	-2.194986e-08	-3.821035e+01	-1.315504e+03
2.880000e-06	-5.558287e-09	-2.273133e-08	-3.900321e+01	-1.360305e+03
2.890000e-06	-5.669121e-09	-2.338363e-08	-3.978095e+01	-1.397371e+03
2.900000e-06	-5.777915e-09	-2.393111e-08	-4.054437e+01	-1.428546e+03
2.910000e-06	-5.884765e-09	-2.439348e-08	-4.129415e+01	-1.455242e+03
2.920000e-06	-5.989610e-09	-2.478294e-08	-4.202987e+01	-1.478379e+03
2.930000e-06	-6.092261e-09	-2.511174e-08	-4.275018e+01	-1.498457e+03
2.940000e-06	-6.192645e-09	-2.539324e-08	-4.345459e+01	-1.515724e+03
2.950000e-06	-6.290864e-09	-2.563761e-08	-4.414380e+01	-1.530361e+03
2.960000e-06	-6.386940e-09	-2.584841e-08	-4.481799e+01	-1.542627e+03
2.970000e-06	-6.480749e-09	-2.603072e-08	-4.547625e+01	-1.552909e+03
2.980000e-06	-6.572226e-09	-2.619207e-08	-4.611816e+01	-1.561692e+03
2.990000e-06	-6.661443e-09	-2.633650e-08	-4.674421e+01	-1.569455e+03
3.000000e-06	-6.748308e-09	-2.646460e-08	-4.735375e+01	-1.576571e+03
3.010000e-06	-6.832682e-09	-2.657655e-08	-4.794582e+01	-1.583234e+03
3.020000e-06	-6.914668e-09	-2.667548e-08	-4.852112e+01	-1.589457e+03
3.030000e-06	-6.994227e-09	-2.676502e-08	-4.907941e+01	-1.595138e+03
3.040000e-06	-7.071094e-09	-2.684571e-08	-4.961879e+01	-1.600156e+03
3.050000e-06	-7.145247e-09	-2.691845e-08	-5.013913e+01	-1.604455e+03
3.060000e-06	-7.216799e-09	-2.698596e-08	-5.064122e+01	-1.608101e+03
3.070000e-06	-7.285735e-09	-2.704947e-08	-5.112496e+01	-1.611264e+03
3.080000e-06	-7.352116e-09	-2.710749e-08	-5.159076e+01	-1.614159e+03
3.090000e-06	-7.415965e-09	-2.715914e-08	-5.203880e+01	-1.616968e+03
3.100000e-06	-7.477157e-09	-2.720575e-08	-5.246819e+01	-1.619775e+03
3.110000e-06	-7.535672e-09	-2.724995e-08	-5.287880e+01	-1.622550e+03
3.120000e-06	-7.591477e-09	-2.729045e-08	-5.327039e+01	-1.625175e+03
3.130000e-06	-7.644373e-09	-2.732771e-08	-5.364157e+01	-1.627509e+03
3.140000e-06	-7.694219e-09	-2.736144e-08	-5.399135e+01	-1.629459e+03
3.150000e-06	-7.741050e-09	-2.739219e-08	-5.431997e+01	-1.631025e+03
3.160000e-06	-7.785214e-09	-2.742049e-08	-5.462988e+01	-1.632300e+03
3.170000e-06	-7.826906e-09	-2.744490e-08	-5.492243e+01	-1.633431e+03
3.180000e-06	-7.865887e-09	-2.746697e-08	-5.519597e+01	-1.634554e+03
3.190000e-06	-7.902076e-09	-2.749070e-08	-5.544991e+01	-1.635742e+03
3.200000e-06	-7.935541e-09	-2.751409e-08	-5.568474e+01	-1.636975e+03
3.210000e-06	-7.966130e-09	-2.753239e-08	-5.589939e+01	-1.638159e+03
3.220000e-06	-7.993798e-09	-2.754632e-08	-5.609354e+01	-1.639168e+03
3.230000e-06	-8.018702e-09	-2.755803e-08	-5.626829e+01	-1.639908e+03
3.240000e-06	-8.040748e-09	-2.756876e-08	-5.642300e+01	-1.640354e+03
3.250000e-06	-8.059940e-09	-2.757723e-08	-5.655767e+01	-1.640569e+03
3.260000e-06	-8.076347e-09	-2.758528e-08	-5.667280e+01	-1.640667e+03
3.270000e-06	-8.089663e-09	-2.759396e-08	-5.676624e+01	-1.640765e+03
3.280000e-06	-8.099878e-09	-2.760250e-08	-5.683793e+01	-1.640936e+03
3.290000e-06	-8.107209e-09	-2.760772e-08	-5.688937e+01	-1.641170e+03
3.300000e-06	-8.111663e-09	-2.761011e-08	-5.692062e+01	-1.641390e+03
3.310000e-06	-8.113328e-09	-2.761150e-08	-5.693231e+01	-1.641482e+03
