# Temperatura_=_51.675714285714285
# Concentracion g/m^3_=_20000.0
# C_Vs_to_Am_M_A/Vsm_=_59384043850.047264
# pendiente_HvsI_1/m_=_3716.3
# ordenada_HvsI_A/m_=_1297.0
# frecuencia_Hz_=_301386.9261805538
# Promedio de 14 ciclos

Tiempo_(s)	Campo_(V.s)	Magnetizacion_(V.s)	Campo_(kA/m)	Magnetizacion_(A/m)
0.000000e+00	-6.657062e-09	-2.648056e-08	-4.771653e+01	-1.572327e+03
1.000000e-08	-6.654646e-09	-2.647574e-08	-4.769922e+01	-1.572269e+03
2.000000e-08	-6.649956e-09	-2.647409e-08	-4.766561e+01	-1.572075e+03
3.000000e-08	-6.643158e-09	-2.647162e-08	-4.761690e+01	-1.571728e+03
4.000000e-08	-6.634223e-09	-2.646486e-08	-4.755286e+01	-1.571211e+03
5.000000e-08	-6.622931e-09	-2.645341e-08	-4.747193e+01	-1.570515e+03
6.000000e-08	-6.609178e-09	-2.644143e-08	-4.737336e+01	-1.569643e+03
7.000000e-08	-6.592976e-09	-2.642896e-08	-4.725724e+01	-1.568613e+03
8.000000e-08	-6.574363e-09	-2.639126e-08	-4.712383e+01	-1.567448e+03
9.000000e-08	-6.553320e-09	-2.633235e-08	-4.697301e+01	-1.566174e+03
1.000000e-07	-6.529688e-09	-2.631727e-08	-4.680363e+01	-1.564808e+03
1.100000e-07	-6.503489e-09	-2.633710e-08	-4.661585e+01	-1.563354e+03
1.200000e-07	-6.475070e-09	-2.633041e-08	-4.641215e+01	-1.561803e+03
1.300000e-07	-6.444863e-09	-2.631661e-08	-4.619565e+01	-1.560136e+03
1.400000e-07	-6.413030e-09	-2.629750e-08	-4.596748e+01	-1.558335e+03
1.500000e-07	-6.379276e-09	-2.621571e-08	-4.572555e+01	-1.556386e+03
1.600000e-07	-6.343303e-09	-2.617299e-08	-4.546771e+01	-1.554286e+03
1.700000e-07	-6.305240e-09	-2.615999e-08	-4.519488e+01	-1.552043e+03
1.800000e-07	-6.264958e-09	-2.607557e-08	-4.490616e+01	-1.549675e+03
1.900000e-07	-6.222191e-09	-2.605087e-08	-4.459963e+01	-1.547201e+03
2.000000e-07	-6.177160e-09	-2.604445e-08	-4.427686e+01	-1.544637e+03
2.100000e-07	-6.129900e-09	-2.600272e-08	-4.393812e+01	-1.541990e+03
2.200000e-07	-6.080205e-09	-2.596745e-08	-4.358193e+01	-1.539258e+03
2.300000e-07	-6.027987e-09	-2.589110e-08	-4.320765e+01	-1.536433e+03
2.400000e-07	-5.973342e-09	-2.582577e-08	-4.281597e+01	-1.533499e+03
2.500000e-07	-5.916474e-09	-2.578164e-08	-4.240837e+01	-1.530445e+03
2.600000e-07	-5.857442e-09	-2.573123e-08	-4.198524e+01	-1.527263e+03
2.700000e-07	-5.796320e-09	-2.568764e-08	-4.154714e+01	-1.523949e+03
2.800000e-07	-5.733199e-09	-2.563275e-08	-4.109471e+01	-1.520506e+03
2.900000e-07	-5.668018e-09	-2.557708e-08	-4.062751e+01	-1.516939e+03
3.000000e-07	-5.600683e-09	-2.551343e-08	-4.014487e+01	-1.513253e+03
3.100000e-07	-5.531259e-09	-2.544364e-08	-3.964727e+01	-1.509451e+03
3.200000e-07	-5.459882e-09	-2.536963e-08	-3.913566e+01	-1.505533e+03
3.300000e-07	-5.386537e-09	-2.529986e-08	-3.860995e+01	-1.501498e+03
3.400000e-07	-5.311105e-09	-2.525063e-08	-3.806927e+01	-1.497343e+03
3.500000e-07	-5.233504e-09	-2.517813e-08	-3.751305e+01	-1.493066e+03
3.600000e-07	-5.153797e-09	-2.509605e-08	-3.694174e+01	-1.488664e+03
3.700000e-07	-5.072104e-09	-2.502060e-08	-3.635619e+01	-1.484137e+03
3.800000e-07	-4.988632e-09	-2.494031e-08	-3.575788e+01	-1.479486e+03
3.900000e-07	-4.903571e-09	-2.485843e-08	-3.514818e+01	-1.474709e+03
4.000000e-07	-4.816955e-09	-2.477599e-08	-3.452735e+01	-1.469807e+03
4.100000e-07	-4.728712e-09	-2.469831e-08	-3.389484e+01	-1.464778e+03
4.200000e-07	-4.638763e-09	-2.461586e-08	-3.325011e+01	-1.459621e+03
4.300000e-07	-4.547061e-09	-2.452935e-08	-3.259282e+01	-1.454335e+03
4.400000e-07	-4.453692e-09	-2.443504e-08	-3.192357e+01	-1.448919e+03
4.500000e-07	-4.358785e-09	-2.433597e-08	-3.124330e+01	-1.443374e+03
4.600000e-07	-4.262335e-09	-2.424071e-08	-3.055198e+01	-1.437702e+03
4.700000e-07	-4.164325e-09	-2.414336e-08	-2.984947e+01	-1.431904e+03
4.800000e-07	-4.064732e-09	-2.404500e-08	-2.913561e+01	-1.425983e+03
4.900000e-07	-3.963666e-09	-2.394514e-08	-2.841119e+01	-1.419941e+03
5.000000e-07	-3.861282e-09	-2.384285e-08	-2.767733e+01	-1.413777e+03
5.100000e-07	-3.757559e-09	-2.373510e-08	-2.693387e+01	-1.407493e+03
5.200000e-07	-3.652467e-09	-2.362362e-08	-2.618060e+01	-1.401086e+03
5.300000e-07	-3.546005e-09	-2.351273e-08	-2.541750e+01	-1.394557e+03
5.400000e-07	-3.438191e-09	-2.340125e-08	-2.464472e+01	-1.387902e+03
5.500000e-07	-3.329154e-09	-2.328844e-08	-2.386317e+01	-1.381118e+03
5.600000e-07	-3.219014e-09	-2.317308e-08	-2.307371e+01	-1.374201e+03
5.700000e-07	-3.107773e-09	-2.305559e-08	-2.227636e+01	-1.367146e+03
5.800000e-07	-2.995387e-09	-2.293491e-08	-2.147080e+01	-1.359951e+03
5.900000e-07	-2.881853e-09	-2.281120e-08	-2.065702e+01	-1.352609e+03
6.000000e-07	-2.767171e-09	-2.268527e-08	-1.983501e+01	-1.345117e+03
6.100000e-07	-2.651339e-09	-2.255701e-08	-1.900475e+01	-1.337471e+03
6.200000e-07	-2.534428e-09	-2.242654e-08	-1.816676e+01	-1.329670e+03
6.300000e-07	-2.416557e-09	-2.229327e-08	-1.732189e+01	-1.321711e+03
6.400000e-07	-2.297853e-09	-2.215670e-08	-1.647105e+01	-1.313594e+03
6.500000e-07	-2.178385e-09	-2.201685e-08	-1.561473e+01	-1.305320e+03
6.600000e-07	-2.058156e-09	-2.187414e-08	-1.475295e+01	-1.296888e+03
6.700000e-07	-1.937186e-09	-2.172790e-08	-1.388586e+01	-1.288300e+03
6.800000e-07	-1.815508e-09	-2.157976e-08	-1.301370e+01	-1.279555e+03
6.900000e-07	-1.693150e-09	-2.143185e-08	-1.213666e+01	-1.270651e+03
7.000000e-07	-1.570144e-09	-2.128177e-08	-1.125499e+01	-1.261582e+03
7.100000e-07	-1.446525e-09	-2.112668e-08	-1.036891e+01	-1.252340e+03
7.200000e-07	-1.322347e-09	-2.096744e-08	-9.478827e+00	-1.242914e+03
7.300000e-07	-1.197701e-09	-2.080580e-08	-8.585393e+00	-1.233292e+03
7.400000e-07	-1.072679e-09	-2.064047e-08	-7.689254e+00	-1.223463e+03
7.500000e-07	-9.473348e-10	-2.047035e-08	-6.790815e+00	-1.213420e+03
7.600000e-07	-8.216751e-10	-2.029747e-08	-5.890110e+00	-1.203161e+03
7.700000e-07	-6.957303e-10	-2.012338e-08	-4.987361e+00	-1.192684e+03
7.800000e-07	-5.695695e-10	-1.994522e-08	-4.083065e+00	-1.181989e+03
7.900000e-07	-4.432349e-10	-1.976077e-08	-3.177523e+00	-1.171068e+03
8.000000e-07	-3.167377e-10	-1.957103e-08	-2.270816e+00	-1.159906e+03
8.100000e-07	-1.901230e-10	-1.937717e-08	-1.363266e+00	-1.148476e+03
8.200000e-07	-6.346013e-11	-1.917751e-08	-4.553719e-01	-1.136740e+03
8.300000e-07	6.321736e-11	-1.897047e-08	4.526277e-01	-1.124651e+03
8.400000e-07	1.898837e-10	-1.875891e-08	1.360548e+00	-1.112166e+03
8.500000e-07	3.164765e-10	-1.854407e-08	2.267941e+00	-1.099251e+03
8.600000e-07	4.429415e-10	-1.832219e-08	3.174419e+00	-1.085886e+03
8.700000e-07	5.692504e-10	-1.808945e-08	4.079778e+00	-1.072070e+03
8.800000e-07	6.953706e-10	-1.784728e-08	4.983785e+00	-1.057818e+03
8.900000e-07	8.212474e-10	-1.759920e-08	5.886049e+00	-1.043152e+03
9.000000e-07	9.468434e-10	-1.734504e-08	6.786299e+00	-1.028093e+03
9.100000e-07	1.072141e-09	-1.708353e-08	7.684406e+00	-1.012647e+03
9.200000e-07	1.197104e-09	-1.681629e-08	8.580125e+00	-9.968004e+02
9.300000e-07	1.321694e-09	-1.654354e-08	9.473161e+00	-9.805146e+02
9.400000e-07	1.445818e-09	-1.626234e-08	1.036286e+01	-9.637254e+02
9.500000e-07	1.569393e-09	-1.596939e-08	1.124863e+01	-9.463450e+02
9.600000e-07	1.692360e-09	-1.566377e-08	1.213003e+01	-9.282651e+02
9.700000e-07	1.814656e-09	-1.534471e-08	1.300663e+01	-9.093565e+02
9.800000e-07	1.936249e-09	-1.500866e-08	1.387819e+01	-8.894673e+02
9.900000e-07	2.057124e-09	-1.465199e-08	1.474459e+01	-8.684184e+02
1.000000e-06	2.177252e-09	-1.427242e-08	1.560565e+01	-8.459979e+02
1.010000e-06	2.296599e-09	-1.386656e-08	1.646111e+01	-8.219573e+02
1.020000e-06	2.415129e-09	-1.342823e-08	1.731071e+01	-7.960090e+02
1.030000e-06	2.532797e-09	-1.295126e-08	1.815414e+01	-7.678244e+02
1.040000e-06	2.649528e-09	-1.243045e-08	1.899085e+01	-7.370308e+02
1.050000e-06	2.765177e-09	-1.185880e-08	1.981980e+01	-7.032059e+02
1.060000e-06	2.879643e-09	-1.122546e-08	2.064028e+01	-6.658677e+02
1.070000e-06	2.992946e-09	-1.051898e-08	2.145242e+01	-6.244644e+02
1.080000e-06	3.105117e-09	-9.731465e-09	2.225644e+01	-5.783708e+02
1.090000e-06	3.216177e-09	-8.855173e-09	2.305250e+01	-5.268992e+02
1.100000e-06	3.326170e-09	-7.877177e-09	2.384091e+01	-4.693353e+02
1.110000e-06	3.435111e-09	-6.783231e-09	2.462178e+01	-4.050044e+02
1.120000e-06	3.542891e-09	-5.564974e-09	2.539434e+01	-3.333653e+02
1.130000e-06	3.649330e-09	-4.219253e-09	2.615727e+01	-2.541220e+02
1.140000e-06	3.754376e-09	-2.744921e-09	2.691023e+01	-1.673346e+02
1.150000e-06	3.858038e-09	-1.148614e-09	2.765326e+01	-7.350445e+01
1.160000e-06	3.960314e-09	5.499270e-10	2.838636e+01	2.638689e+01
1.170000e-06	4.061251e-09	2.323174e-09	2.910987e+01	1.309029e+02
1.180000e-06	4.160740e-09	4.140872e-09	2.982299e+01	2.382434e+02
1.190000e-06	4.258607e-09	5.969755e-09	3.052449e+01	3.463915e+02
1.200000e-06	4.354864e-09	7.773430e-09	3.121445e+01	4.532934e+02
1.210000e-06	4.449590e-09	9.519113e-09	3.189343e+01	5.570401e+02
1.220000e-06	4.542853e-09	1.118359e-08	3.256192e+01	6.560196e+02
1.230000e-06	4.634621e-09	1.274747e-08	3.321971e+01	7.490174e+02
1.240000e-06	4.724697e-09	1.419538e-08	3.386536e+01	8.352519e+02
1.250000e-06	4.812979e-09	1.552069e-08	3.449816e+01	9.143507e+02
1.260000e-06	4.899546e-09	1.672539e-08	3.511866e+01	9.862797e+02
1.270000e-06	4.984508e-09	1.781376e-08	3.572765e+01	1.051252e+03
1.280000e-06	5.067790e-09	1.878994e-08	3.632461e+01	1.109632e+03
1.290000e-06	5.149224e-09	1.966126e-08	3.690832e+01	1.161866e+03
1.300000e-06	5.228774e-09	2.043770e-08	3.747853e+01	1.208428e+03
1.310000e-06	5.306442e-09	2.112831e-08	3.803524e+01	1.249798e+03
1.320000e-06	5.382111e-09	2.173920e-08	3.857763e+01	1.286455e+03
1.330000e-06	5.455664e-09	2.227858e-08	3.910485e+01	1.318878e+03
1.340000e-06	5.527178e-09	2.275707e-08	3.961746e+01	1.347542e+03
1.350000e-06	5.596777e-09	2.318164e-08	4.011634e+01	1.372908e+03
1.360000e-06	5.664416e-09	2.355736e-08	4.060117e+01	1.395406e+03
1.370000e-06	5.729949e-09	2.388966e-08	4.107091e+01	1.415419e+03
1.380000e-06	5.793421e-09	2.418520e-08	4.152587e+01	1.433273e+03
1.390000e-06	5.854973e-09	2.444995e-08	4.196707e+01	1.449229e+03
1.400000e-06	5.914558e-09	2.468559e-08	4.239417e+01	1.463497e+03
1.410000e-06	5.971977e-09	2.489495e-08	4.280575e+01	1.476247e+03
1.420000e-06	6.027188e-09	2.508361e-08	4.320150e+01	1.487630e+03
1.430000e-06	6.080122e-09	2.525511e-08	4.358093e+01	1.497788e+03
1.440000e-06	6.130543e-09	2.540764e-08	4.394235e+01	1.506863e+03
1.450000e-06	6.178495e-09	2.554102e-08	4.428606e+01	1.514992e+03
1.460000e-06	6.224273e-09	2.566012e-08	4.461420e+01	1.522302e+03
1.470000e-06	6.267945e-09	2.576829e-08	4.492724e+01	1.528896e+03
1.480000e-06	6.309315e-09	2.586520e-08	4.522378e+01	1.534856e+03
1.490000e-06	6.348394e-09	2.595080e-08	4.550390e+01	1.540233e+03
1.500000e-06	6.385346e-09	2.602844e-08	4.576877e+01	1.545067e+03
1.510000e-06	6.420075e-09	2.610022e-08	4.601771e+01	1.549386e+03
1.520000e-06	6.452452e-09	2.616493e-08	4.624979e+01	1.553222e+03
1.530000e-06	6.482593e-09	2.622195e-08	4.646585e+01	1.556613e+03
1.540000e-06	6.510554e-09	2.627279e-08	4.666628e+01	1.559606e+03
1.550000e-06	6.536141e-09	2.631829e-08	4.684969e+01	1.562246e+03
1.560000e-06	6.559327e-09	2.635660e-08	4.701589e+01	1.564573e+03
1.570000e-06	6.580296e-09	2.638713e-08	4.716620e+01	1.566615e+03
1.580000e-06	6.599040e-09	2.641307e-08	4.730057e+01	1.568387e+03
1.590000e-06	6.615375e-09	2.643639e-08	4.741766e+01	1.569891e+03
1.600000e-06	6.629239e-09	2.645524e-08	4.751705e+01	1.571131e+03
1.610000e-06	6.640569e-09	2.646857e-08	4.759827e+01	1.572111e+03
1.620000e-06	6.649318e-09	2.647885e-08	4.766099e+01	1.572850e+03
1.630000e-06	6.655699e-09	2.648854e-08	4.770673e+01	1.573375e+03
1.640000e-06	6.659846e-09	2.649599e-08	4.773647e+01	1.573717e+03
1.650000e-06	6.661639e-09	2.649786e-08	4.774933e+01	1.573908e+03
1.660000e-06	6.661100e-09	2.649852e-08	4.774547e+01	1.573966e+03
1.670000e-06	6.658431e-09	2.649959e-08	4.772635e+01	1.573897e+03
1.680000e-06	6.653626e-09	2.649494e-08	4.769192e+01	1.573690e+03
1.690000e-06	6.646562e-09	2.648428e-08	4.764129e+01	1.573329e+03
1.700000e-06	6.637331e-09	2.647066e-08	4.757513e+01	1.572797e+03
1.710000e-06	6.625951e-09	2.645684e-08	4.749358e+01	1.572085e+03
1.720000e-06	6.612272e-09	2.643794e-08	4.739553e+01	1.571199e+03
1.730000e-06	6.596395e-09	2.643136e-08	4.728174e+01	1.570155e+03
1.740000e-06	6.578446e-09	2.645965e-08	4.715309e+01	1.568981e+03
1.750000e-06	6.557976e-09	2.645105e-08	4.700638e+01	1.567699e+03
1.760000e-06	6.534470e-09	2.638219e-08	4.683791e+01	1.566325e+03
1.770000e-06	6.508146e-09	2.632211e-08	4.664923e+01	1.564863e+03
1.780000e-06	6.479484e-09	2.625634e-08	4.644380e+01	1.563303e+03
1.790000e-06	6.448811e-09	2.623425e-08	4.622395e+01	1.561625e+03
1.800000e-06	6.416423e-09	2.628594e-08	4.599180e+01	1.559812e+03
1.810000e-06	6.382179e-09	2.621974e-08	4.574635e+01	1.557849e+03
1.820000e-06	6.345822e-09	2.616123e-08	4.548577e+01	1.555736e+03
1.830000e-06	6.307293e-09	2.619114e-08	4.520960e+01	1.553482e+03
1.840000e-06	6.266466e-09	2.610995e-08	4.491697e+01	1.551104e+03
1.850000e-06	6.223445e-09	2.605399e-08	4.460861e+01	1.548622e+03
1.860000e-06	6.178303e-09	2.599414e-08	4.428506e+01	1.546050e+03
1.870000e-06	6.130889e-09	2.592305e-08	4.394521e+01	1.543396e+03
1.880000e-06	6.081211e-09	2.594404e-08	4.358914e+01	1.540657e+03
1.890000e-06	6.029141e-09	2.589777e-08	4.321592e+01	1.537823e+03
1.900000e-06	5.974579e-09	2.584020e-08	4.282483e+01	1.534879e+03
1.910000e-06	5.917807e-09	2.578261e-08	4.241791e+01	1.531814e+03
1.920000e-06	5.858963e-09	2.570656e-08	4.199613e+01	1.528620e+03
1.930000e-06	5.798019e-09	2.567117e-08	4.155931e+01	1.525295e+03
1.940000e-06	5.734913e-09	2.558147e-08	4.110699e+01	1.521841e+03
1.950000e-06	5.669706e-09	2.552352e-08	4.063961e+01	1.518264e+03
1.960000e-06	5.602449e-09	2.548958e-08	4.015753e+01	1.514568e+03
1.970000e-06	5.533027e-09	2.543699e-08	3.965993e+01	1.510755e+03
1.980000e-06	5.461498e-09	2.536789e-08	3.914724e+01	1.506828e+03
1.990000e-06	5.387983e-09	2.525702e-08	3.862030e+01	1.502783e+03
2.000000e-06	5.312445e-09	2.520736e-08	3.807887e+01	1.498617e+03
2.010000e-06	5.234795e-09	2.514217e-08	3.752230e+01	1.494329e+03
2.020000e-06	5.155124e-09	2.505497e-08	3.695124e+01	1.489917e+03
2.030000e-06	5.073654e-09	2.498047e-08	3.636729e+01	1.485379e+03
2.040000e-06	4.990430e-09	2.490586e-08	3.577076e+01	1.480716e+03
2.050000e-06	4.905406e-09	2.484501e-08	3.516133e+01	1.475929e+03
2.060000e-06	4.818542e-09	2.474302e-08	3.453871e+01	1.471016e+03
2.070000e-06	4.729940e-09	2.464666e-08	3.390364e+01	1.465976e+03
2.080000e-06	4.639761e-09	2.456140e-08	3.325726e+01	1.460808e+03
2.090000e-06	4.547974e-09	2.448129e-08	3.259935e+01	1.455511e+03
2.100000e-06	4.454534e-09	2.439046e-08	3.192960e+01	1.450084e+03
2.110000e-06	4.359430e-09	2.428247e-08	3.124792e+01	1.444528e+03
2.120000e-06	4.262779e-09	2.419587e-08	3.055515e+01	1.438844e+03
2.130000e-06	4.164713e-09	2.410205e-08	2.985223e+01	1.433036e+03
2.140000e-06	4.065208e-09	2.400078e-08	2.913901e+01	1.427105e+03
2.150000e-06	3.964188e-09	2.389129e-08	2.841492e+01	1.421051e+03
2.160000e-06	3.861592e-09	2.379134e-08	2.767954e+01	1.414877e+03
2.170000e-06	3.757521e-09	2.369479e-08	2.693358e+01	1.408583e+03
2.180000e-06	3.652200e-09	2.358202e-08	2.617867e+01	1.402166e+03
2.190000e-06	3.545715e-09	2.346460e-08	2.541540e+01	1.395626e+03
2.200000e-06	3.438033e-09	2.335031e-08	2.464357e+01	1.388960e+03
2.210000e-06	3.329141e-09	2.324285e-08	2.386306e+01	1.382164e+03
2.220000e-06	3.219000e-09	2.312503e-08	2.307359e+01	1.375235e+03
2.230000e-06	3.107629e-09	2.300056e-08	2.227531e+01	1.368169e+03
2.240000e-06	2.995083e-09	2.287994e-08	2.146861e+01	1.360960e+03
2.250000e-06	2.881408e-09	2.276210e-08	2.065382e+01	1.353605e+03
2.260000e-06	2.766651e-09	2.263458e-08	1.983126e+01	1.346100e+03
2.270000e-06	2.650797e-09	2.249811e-08	1.900085e+01	1.338441e+03
2.280000e-06	2.533844e-09	2.236421e-08	1.816256e+01	1.330627e+03
2.290000e-06	2.415854e-09	2.223384e-08	1.731684e+01	1.322655e+03
2.300000e-06	2.296908e-09	2.209666e-08	1.646426e+01	1.314524e+03
2.310000e-06	2.177096e-09	2.195222e-08	1.560547e+01	1.306236e+03
2.320000e-06	2.056551e-09	2.181155e-08	1.474143e+01	1.297791e+03
2.330000e-06	1.935332e-09	2.167251e-08	1.387256e+01	1.289189e+03
2.340000e-06	1.813456e-09	2.152717e-08	1.299897e+01	1.280430e+03
2.350000e-06	1.690960e-09	2.137235e-08	1.212095e+01	1.271512e+03
2.360000e-06	1.567887e-09	2.121827e-08	1.123879e+01	1.262429e+03
2.370000e-06	1.444261e-09	2.106423e-08	1.035267e+01	1.253171e+03
2.380000e-06	1.320116e-09	2.090313e-08	9.462822e+00	1.243729e+03
2.390000e-06	1.195505e-09	2.073547e-08	8.569632e+00	1.234089e+03
2.400000e-06	1.070449e-09	2.056804e-08	7.673262e+00	1.224242e+03
2.410000e-06	9.449999e-10	2.040322e-08	6.774068e+00	1.214180e+03
2.420000e-06	8.192104e-10	2.023267e-08	5.872436e+00	1.203902e+03
2.430000e-06	6.931302e-10	2.005536e-08	4.968720e+00	1.193406e+03
2.440000e-06	5.667987e-10	1.987454e-08	4.063203e+00	1.182691e+03
2.450000e-06	4.402488e-10	1.969247e-08	3.156119e+00	1.171750e+03
2.460000e-06	3.135223e-10	1.950499e-08	2.247769e+00	1.160567e+03
2.470000e-06	1.866619e-10	1.930907e-08	1.338459e+00	1.149112e+03
2.480000e-06	5.971763e-11	1.910894e-08	4.285472e-01	1.137346e+03
2.490000e-06	-6.727115e-11	1.890650e-08	-4.816841e-01	1.125225e+03
2.500000e-06	-1.942432e-10	1.869874e-08	-1.391796e+00	1.112704e+03
2.510000e-06	-3.211127e-10	1.848261e-08	-2.301173e+00	1.099750e+03
2.520000e-06	-4.478145e-10	1.825954e-08	-3.209348e+00	1.086345e+03
2.530000e-06	-5.743270e-10	1.802943e-08	-4.116165e+00	1.072491e+03
2.540000e-06	-7.006279e-10	1.778888e-08	-5.021466e+00	1.058202e+03
2.550000e-06	-8.266407e-10	1.753747e-08	-5.924702e+00	1.043502e+03
2.560000e-06	-9.523265e-10	1.727959e-08	-6.825593e+00	1.028409e+03
2.570000e-06	-1.077656e-09	1.701939e-08	-7.723928e+00	1.012929e+03
2.580000e-06	-1.202567e-09	1.675394e-08	-8.619266e+00	9.970463e+02
2.590000e-06	-1.327036e-09	1.647978e-08	-9.511441e+00	9.807197e+02
2.600000e-06	-1.451029e-09	1.619861e-08	-1.040020e+01	9.638825e+02
2.610000e-06	-1.574492e-09	1.590887e-08	-1.128516e+01	9.464453e+02
2.620000e-06	-1.697382e-09	1.560459e-08	-1.216601e+01	9.282977e+02
2.630000e-06	-1.819652e-09	1.528241e-08	-1.304242e+01	9.093090e+02
2.640000e-06	-1.941253e-09	1.494374e-08	-1.391404e+01	8.893252e+02
2.650000e-06	-2.062176e-09	1.458827e-08	-1.478080e+01	8.681645e+02
2.660000e-06	-2.182417e-09	1.421025e-08	-1.564266e+01	8.456122e+02
2.670000e-06	-2.301889e-09	1.380417e-08	-1.649902e+01	8.214164e+02
2.680000e-06	-2.420477e-09	1.336757e-08	-1.734904e+01	7.952859e+02
2.690000e-06	-2.538071e-09	1.289515e-08	-1.819193e+01	7.668882e+02
2.700000e-06	-2.654624e-09	1.237697e-08	-1.902737e+01	7.358467e+02
2.710000e-06	-2.770130e-09	1.180508e-08	-1.985529e+01	7.017340e+02
2.720000e-06	-2.884532e-09	1.117479e-08	-2.067531e+01	6.640624e+02
2.730000e-06	-2.997726e-09	1.047833e-08	-2.148666e+01	6.222740e+02
2.740000e-06	-3.109663e-09	9.702304e-09	-2.228901e+01	5.757375e+02
2.750000e-06	-3.220384e-09	8.834548e-09	-2.308264e+01	5.237615e+02
2.760000e-06	-3.329913e-09	7.866375e-09	-2.386772e+01	4.656326e+02
2.770000e-06	-3.438308e-09	6.786468e-09	-2.464468e+01	4.006843e+02
2.780000e-06	-3.545611e-09	5.582975e-09	-2.541382e+01	3.283925e+02
2.790000e-06	-3.651767e-09	4.250064e-09	-2.617473e+01	2.484885e+02
2.800000e-06	-3.756697e-09	2.790451e-09	-2.692686e+01	1.610682e+02
2.810000e-06	-3.860289e-09	1.213264e-09	-2.766938e+01	6.667398e+01
2.820000e-06	-3.962384e-09	-4.658229e-10	-2.840119e+01	-3.367137e+01
2.830000e-06	-4.062981e-09	-2.223096e-09	-2.912225e+01	-1.384958e+02
2.840000e-06	-4.162153e-09	-4.026042e-09	-2.983310e+01	-2.459748e+02
2.850000e-06	-4.259909e-09	-5.838994e-09	-3.053381e+01	-3.540817e+02
2.860000e-06	-4.356245e-09	-7.631410e-09	-3.122433e+01	-4.607696e+02
2.870000e-06	-4.451037e-09	-9.372894e-09	-3.190379e+01	-5.641508e+02
2.880000e-06	-4.544182e-09	-1.103331e-08	-3.257144e+01	-6.626453e+02
2.890000e-06	-4.635741e-09	-1.259224e-08	-3.322773e+01	-7.550761e+02
2.900000e-06	-4.725708e-09	-1.404027e-08	-3.387260e+01	-8.406987e+02
2.910000e-06	-4.814020e-09	-1.537160e-08	-3.450561e+01	-9.191729e+02
2.920000e-06	-4.900564e-09	-1.658083e-08	-3.512594e+01	-9.904894e+02
2.930000e-06	-4.985276e-09	-1.766945e-08	-3.573315e+01	-1.054877e+03
2.940000e-06	-5.068280e-09	-1.864694e-08	-3.632811e+01	-1.112710e+03
2.950000e-06	-5.149626e-09	-1.952411e-08	-3.691120e+01	-1.164436e+03
2.960000e-06	-5.229153e-09	-2.030786e-08	-3.748123e+01	-1.210532e+03
2.970000e-06	-5.306596e-09	-2.100238e-08	-3.803634e+01	-1.251478e+03
2.980000e-06	-5.381897e-09	-2.161635e-08	-3.857610e+01	-1.287752e+03
2.990000e-06	-5.455214e-09	-2.216089e-08	-3.910162e+01	-1.319834e+03
3.000000e-06	-5.526581e-09	-2.264441e-08	-3.961318e+01	-1.348197e+03
3.010000e-06	-5.595886e-09	-2.307268e-08	-4.010995e+01	-1.373300e+03
3.020000e-06	-5.663145e-09	-2.345161e-08	-4.059206e+01	-1.395571e+03
3.030000e-06	-5.728466e-09	-2.378903e-08	-4.106027e+01	-1.415388e+03
3.040000e-06	-5.791838e-09	-2.409089e-08	-4.151452e+01	-1.433069e+03
3.050000e-06	-5.853111e-09	-2.436029e-08	-4.195372e+01	-1.448873e+03
3.060000e-06	-5.912227e-09	-2.459940e-08	-4.237746e+01	-1.463004e+03
3.070000e-06	-5.969288e-09	-2.481301e-08	-4.278647e+01	-1.475631e+03
3.080000e-06	-6.024253e-09	-2.500592e-08	-4.318045e+01	-1.486902e+03
3.090000e-06	-6.076878e-09	-2.517895e-08	-4.355767e+01	-1.496962e+03
3.100000e-06	-6.126995e-09	-2.533376e-08	-4.391691e+01	-1.505950e+03
3.110000e-06	-6.174625e-09	-2.547292e-08	-4.425832e+01	-1.514004e+03
3.120000e-06	-6.220018e-09	-2.559885e-08	-4.458370e+01	-1.521249e+03
3.130000e-06	-6.263421e-09	-2.571243e-08	-4.489481e+01	-1.527786e+03
3.140000e-06	-6.304840e-09	-2.581358e-08	-4.519170e+01	-1.533694e+03
3.150000e-06	-6.344139e-09	-2.590337e-08	-4.547340e+01	-1.539024e+03
3.160000e-06	-6.381158e-09	-2.598436e-08	-4.573875e+01	-1.543812e+03
3.170000e-06	-6.415911e-09	-2.605791e-08	-4.598786e+01	-1.548088e+03
3.180000e-06	-6.448437e-09	-2.612418e-08	-4.622102e+01	-1.551883e+03
3.190000e-06	-6.478614e-09	-2.618319e-08	-4.643733e+01	-1.555238e+03
3.200000e-06	-6.506412e-09	-2.623487e-08	-4.663658e+01	-1.558198e+03
3.210000e-06	-6.531952e-09	-2.627980e-08	-4.681966e+01	-1.560810e+03
3.220000e-06	-6.555225e-09	-2.631812e-08	-4.698649e+01	-1.563112e+03
3.230000e-06	-6.576112e-09	-2.635060e-08	-4.713621e+01	-1.565131e+03
3.240000e-06	-6.594694e-09	-2.637878e-08	-4.726941e+01	-1.566879e+03
3.250000e-06	-6.611010e-09	-2.640486e-08	-4.738637e+01	-1.568361e+03
3.260000e-06	-6.624827e-09	-2.643002e-08	-4.748542e+01	-1.569577e+03
3.270000e-06	-6.636054e-09	-2.645222e-08	-4.756590e+01	-1.570536e+03
3.280000e-06	-6.644884e-09	-2.646821e-08	-4.762920e+01	-1.571255e+03
3.290000e-06	-6.651377e-09	-2.647761e-08	-4.767575e+01	-1.571762e+03
3.300000e-06	-6.655477e-09	-2.648219e-08	-4.770515e+01	-1.572091e+03
3.310000e-06	-6.657303e-09	-2.648380e-08	-4.771825e+01	-1.572269e+03
