# Temperatura_=_43.92451612903226
# Concentracion g/m^3_=_20000.0
# C_Vs_to_Am_M_A/Vsm_=_59384043850.047264
# pendiente_HvsI_1/m_=_3716.3
# ordenada_HvsI_A/m_=_1297.0
# frecuencia_Hz_=_301179.3450292609
# Promedio de 31 ciclos

Tiempo_(s)	Campo_(V.s)	Magnetizacion_(V.s)	Campo_(kA/m)	Magnetizacion_(A/m)
0.000000e+00	-5.391474e-09	-1.436020e-08	-3.825306e+01	-8.522209e+02
1.000000e-08	-5.389697e-09	-1.435890e-08	-3.824045e+01	-8.524014e+02
2.000000e-08	-5.385983e-09	-1.435454e-08	-3.821410e+01	-8.523356e+02
3.000000e-08	-5.380568e-09	-1.434893e-08	-3.817568e+01	-8.520168e+02
4.000000e-08	-5.373537e-09	-1.434261e-08	-3.812579e+01	-8.514378e+02
5.000000e-08	-5.364818e-09	-1.433271e-08	-3.806393e+01	-8.505997e+02
6.000000e-08	-5.354124e-09	-1.431587e-08	-3.798806e+01	-8.495175e+02
7.000000e-08	-5.341382e-09	-1.429897e-08	-3.789765e+01	-8.482213e+02
8.000000e-08	-5.326592e-09	-1.426829e-08	-3.779272e+01	-8.467508e+02
9.000000e-08	-5.309385e-09	-1.420033e-08	-3.767063e+01	-8.451466e+02
1.000000e-07	-5.289853e-09	-1.415612e-08	-3.753204e+01	-8.434395e+02
1.100000e-07	-5.268441e-09	-1.415272e-08	-3.738013e+01	-8.416414e+02
1.200000e-07	-5.245423e-09	-1.414001e-08	-3.721681e+01	-8.397424e+02
1.300000e-07	-5.221157e-09	-1.414028e-08	-3.704464e+01	-8.377139e+02
1.400000e-07	-5.195540e-09	-1.408623e-08	-3.686289e+01	-8.355166e+02
1.500000e-07	-5.168015e-09	-1.398052e-08	-3.666760e+01	-8.331127e+02
1.600000e-07	-5.138693e-09	-1.398164e-08	-3.645955e+01	-8.304761e+02
1.700000e-07	-5.107888e-09	-1.393024e-08	-3.624099e+01	-8.275993e+02
1.800000e-07	-5.075172e-09	-1.381140e-08	-3.600886e+01	-8.244943e+02
1.900000e-07	-5.040358e-09	-1.379420e-08	-3.576185e+01	-8.211873e+02
2.000000e-07	-5.003920e-09	-1.374146e-08	-3.550332e+01	-8.177104e+02
2.100000e-07	-4.965833e-09	-1.369530e-08	-3.523309e+01	-8.140922e+02
2.200000e-07	-4.926005e-09	-1.366531e-08	-3.495050e+01	-8.103511e+02
2.300000e-07	-4.884408e-09	-1.354718e-08	-3.465537e+01	-8.064931e+02
2.400000e-07	-4.840818e-09	-1.347844e-08	-3.434610e+01	-8.025144e+02
2.500000e-07	-4.795389e-09	-1.344725e-08	-3.402377e+01	-7.984062e+02
2.600000e-07	-4.748223e-09	-1.337327e-08	-3.368912e+01	-7.941618e+02
2.700000e-07	-4.699189e-09	-1.330515e-08	-3.334123e+01	-7.897799e+02
2.800000e-07	-4.648121e-09	-1.322485e-08	-3.297889e+01	-7.852662e+02
2.900000e-07	-4.595029e-09	-1.316102e-08	-3.260220e+01	-7.806302e+02
3.000000e-07	-4.540214e-09	-1.309734e-08	-3.221328e+01	-7.758806e+02
3.100000e-07	-4.483882e-09	-1.299250e-08	-3.181360e+01	-7.710205e+02
3.200000e-07	-4.425894e-09	-1.288005e-08	-3.140217e+01	-7.660445e+02
3.300000e-07	-4.366167e-09	-1.279740e-08	-3.097840e+01	-7.609399e+02
3.400000e-07	-4.304921e-09	-1.273899e-08	-3.054386e+01	-7.556904e+02
3.500000e-07	-4.242293e-09	-1.263227e-08	-3.009950e+01	-7.502821e+02
3.600000e-07	-4.178263e-09	-1.252775e-08	-2.964520e+01	-7.447087e+02
3.700000e-07	-4.112650e-09	-1.245410e-08	-2.917967e+01	-7.389753e+02
3.800000e-07	-4.045292e-09	-1.235670e-08	-2.870176e+01	-7.330967e+02
3.900000e-07	-3.976394e-09	-1.224640e-08	-2.821292e+01	-7.270945e+02
4.000000e-07	-3.906207e-09	-1.212930e-08	-2.771494e+01	-7.209902e+02
4.100000e-07	-3.834774e-09	-1.202885e-08	-2.720811e+01	-7.147994e+02
4.200000e-07	-3.762034e-09	-1.193894e-08	-2.669201e+01	-7.085277e+02
4.300000e-07	-3.687758e-09	-1.183063e-08	-2.616502e+01	-7.021703e+02
4.400000e-07	-3.611848e-09	-1.171036e-08	-2.562643e+01	-6.957152e+02
4.500000e-07	-3.534465e-09	-1.159443e-08	-2.507739e+01	-6.891479e+02
4.600000e-07	-3.455693e-09	-1.149335e-08	-2.451850e+01	-6.824573e+02
4.700000e-07	-3.375540e-09	-1.138106e-08	-2.394980e+01	-6.756401e+02
4.800000e-07	-3.294075e-09	-1.125767e-08	-2.337180e+01	-6.687012e+02
4.900000e-07	-3.211421e-09	-1.113948e-08	-2.278536e+01	-6.616521e+02
5.000000e-07	-3.127715e-09	-1.102372e-08	-2.219145e+01	-6.545064e+02
5.100000e-07	-3.043087e-09	-1.090437e-08	-2.159101e+01	-6.472749e+02
5.200000e-07	-2.957553e-09	-1.077235e-08	-2.098414e+01	-6.399619e+02
5.300000e-07	-2.871035e-09	-1.064366e-08	-2.037028e+01	-6.325637e+02
5.400000e-07	-2.783583e-09	-1.052359e-08	-1.974980e+01	-6.250706e+02
5.500000e-07	-2.695258e-09	-1.039995e-08	-1.912313e+01	-6.174705e+02
5.600000e-07	-2.605948e-09	-1.026625e-08	-1.848946e+01	-6.097537e+02
5.700000e-07	-2.515515e-09	-1.013121e-08	-1.784783e+01	-6.019162e+02
5.800000e-07	-2.424028e-09	-1.000343e-08	-1.719872e+01	-5.939614e+02
5.900000e-07	-2.331708e-09	-9.869540e-09	-1.654370e+01	-5.858991e+02
6.000000e-07	-2.238668e-09	-9.725032e-09	-1.588357e+01	-5.777416e+02
6.100000e-07	-2.144859e-09	-9.582479e-09	-1.521799e+01	-5.695001e+02
6.200000e-07	-2.050269e-09	-9.449312e-09	-1.454686e+01	-5.611805e+02
6.300000e-07	-1.954976e-09	-9.314802e-09	-1.387075e+01	-5.527816e+02
6.400000e-07	-1.859045e-09	-9.168895e-09	-1.319011e+01	-5.442962e+02
6.500000e-07	-1.762456e-09	-9.022031e-09	-1.250480e+01	-5.357136e+02
6.600000e-07	-1.665171e-09	-8.880188e-09	-1.181455e+01	-5.270239e+02
6.700000e-07	-1.567162e-09	-8.735285e-09	-1.111917e+01	-5.182216e+02
6.800000e-07	-1.468430e-09	-8.581983e-09	-1.041865e+01	-5.093075e+02
6.900000e-07	-1.369055e-09	-8.427784e-09	-9.713581e+00	-5.002884e+02
7.000000e-07	-1.269182e-09	-8.279572e-09	-9.004974e+00	-4.911739e+02
7.100000e-07	-1.168932e-09	-8.128190e-09	-8.293691e+00	-4.819729e+02
7.200000e-07	-1.068349e-09	-7.968566e-09	-7.580041e+00	-4.726887e+02
7.300000e-07	-9.674496e-10	-7.808215e-09	-6.864149e+00	-4.633173e+02
7.400000e-07	-8.662457e-10	-7.653540e-09	-6.146097e+00	-4.538475e+02
7.500000e-07	-7.647350e-10	-7.496762e-09	-5.425867e+00	-4.442637e+02
7.600000e-07	-6.629480e-10	-7.330840e-09	-4.703679e+00	-4.345500e+02
7.700000e-07	-5.609350e-10	-7.161849e-09	-3.979886e+00	-4.246953e+02
7.800000e-07	-4.587312e-10	-6.995659e-09	-3.254739e+00	-4.146955e+02
7.900000e-07	-3.563600e-10	-6.828038e-09	-2.528405e+00	-4.045534e+02
8.000000e-07	-2.538577e-10	-6.652043e-09	-1.801141e+00	-3.942748e+02
8.100000e-07	-1.512615e-10	-6.472999e-09	-1.073210e+00	-3.838625e+02
8.200000e-07	-4.860056e-11	-6.297749e-09	-3.448201e-01	-3.733101e+02
8.300000e-07	5.408236e-11	-6.121454e-09	3.837259e-01	-3.625978e+02
8.400000e-07	1.567387e-10	-5.936973e-09	1.112083e+00	-3.516918e+02
8.500000e-07	2.593262e-10	-5.747508e-09	1.839952e+00	-3.405490e+02
8.600000e-07	3.618137e-10	-5.557015e-09	2.567112e+00	-3.291260e+02
8.700000e-07	4.641786e-10	-5.362142e-09	3.293401e+00	-3.173896e+02
8.800000e-07	5.663796e-10	-5.157798e-09	4.018527e+00	-3.053270e+02
8.900000e-07	6.683762e-10	-4.946998e-09	4.742204e+00	-2.929514e+02
9.000000e-07	7.701348e-10	-4.735999e-09	5.464191e+00	-2.803023e+02
9.100000e-07	8.716208e-10	-4.522986e-09	6.184245e+00	-2.674379e+02
9.200000e-07	9.728120e-10	-4.303031e-09	6.902206e+00	-2.544243e+02
9.300000e-07	1.073694e-09	-4.078443e-09	7.617974e+00	-2.413213e+02
9.400000e-07	1.174260e-09	-3.858202e-09	8.331503e+00	-2.281702e+02
9.500000e-07	1.274493e-09	-3.640508e-09	9.042667e+00	-2.149866e+02
9.600000e-07	1.374325e-09	-3.416881e-09	9.750986e+00	-2.017589e+02
9.700000e-07	1.473639e-09	-3.188219e-09	1.045563e+01	-1.884534e+02
9.800000e-07	1.572320e-09	-2.960844e-09	1.115578e+01	-1.750240e+02
9.900000e-07	1.670278e-09	-2.734582e-09	1.185080e+01	-1.614220e+02
1.000000e-06	1.767507e-09	-2.502606e-09	1.254065e+01	-1.476049e+02
1.010000e-06	1.864049e-09	-2.263070e-09	1.322562e+01	-1.335407e+02
1.020000e-06	1.959915e-09	-2.019783e-09	1.390580e+01	-1.192068e+02
1.030000e-06	2.055092e-09	-1.773335e-09	1.458110e+01	-1.045861e+02
1.040000e-06	2.149562e-09	-1.519734e-09	1.525137e+01	-8.966009e+01
1.050000e-06	2.243310e-09	-1.259822e-09	1.591652e+01	-7.440361e+01
1.060000e-06	2.336350e-09	-9.972763e-10	1.657665e+01	-5.878208e+01
1.070000e-06	2.428720e-09	-7.301447e-10	1.723202e+01	-4.275224e+01
1.080000e-06	2.520335e-09	-4.522305e-10	1.788204e+01	-2.626585e+01
1.090000e-06	2.610946e-09	-1.615850e-10	1.852493e+01	-9.274695e+00
1.100000e-06	2.700401e-09	1.370035e-10	1.915963e+01	8.264889e+00
1.110000e-06	2.788796e-09	4.409875e-10	1.978680e+01	2.638967e+01
1.120000e-06	2.876237e-09	7.541410e-10	2.040720e+01	4.512964e+01
1.130000e-06	2.962727e-09	1.081789e-09	2.102086e+01	6.451009e+01
1.140000e-06	3.048247e-09	1.422919e-09	2.162763e+01	8.455416e+01
1.150000e-06	3.132834e-09	1.774120e-09	2.222778e+01	1.052844e+02
1.160000e-06	3.216457e-09	2.135659e-09	2.282110e+01	1.267217e+02
1.170000e-06	3.298912e-09	2.510463e-09	2.340612e+01	1.488823e+02
1.180000e-06	3.380100e-09	2.898756e-09	2.398216e+01	1.717727e+02
1.190000e-06	3.460056e-09	3.298529e-09	2.454946e+01	1.953841e+02
1.200000e-06	3.538768e-09	3.708978e-09	2.510793e+01	2.196881e+02
1.210000e-06	3.616241e-09	4.130697e-09	2.565761e+01	2.446351e+02
1.220000e-06	3.692448e-09	4.563928e-09	2.619830e+01	2.701543e+02
1.230000e-06	3.767182e-09	5.004087e-09	2.672855e+01	2.961563e+02
1.240000e-06	3.840312e-09	5.447307e-09	2.724741e+01	3.225363e+02
1.250000e-06	3.911977e-09	5.894999e-09	2.775588e+01	3.491772e+02
1.260000e-06	3.982278e-09	6.348105e-09	2.825468e+01	3.759518e+02
1.270000e-06	4.051258e-09	6.802761e-09	2.874409e+01	4.027241e+02
1.280000e-06	4.118909e-09	7.252346e-09	2.922409e+01	4.293513e+02
1.290000e-06	4.184998e-09	7.695520e-09	2.969299e+01	4.556861e+02
1.300000e-06	4.249455e-09	8.132820e-09	3.015032e+01	4.815802e+02
1.310000e-06	4.312459e-09	8.559463e-09	3.059734e+01	5.068901e+02
1.320000e-06	4.374078e-09	8.971525e-09	3.103454e+01	5.314832e+02
1.330000e-06	4.434356e-09	9.370204e-09	3.146221e+01	5.552437e+02
1.340000e-06	4.493094e-09	9.756841e-09	3.187896e+01	5.780769e+02
1.350000e-06	4.550025e-09	1.012735e-08	3.228290e+01	5.999115e+02
1.360000e-06	4.605269e-09	1.047671e-08	3.267486e+01	6.206985e+02
1.370000e-06	4.658898e-09	1.080574e-08	3.305536e+01	6.404090e+02
1.380000e-06	4.710664e-09	1.111809e-08	3.342265e+01	6.590305e+02
1.390000e-06	4.760360e-09	1.141249e-08	3.377524e+01	6.765634e+02
1.400000e-06	4.808161e-09	1.168640e-08	3.411440e+01	6.930189e+02
1.410000e-06	4.854326e-09	1.194330e-08	3.444194e+01	7.084168e+02
1.420000e-06	4.898941e-09	1.218625e-08	3.475849e+01	7.227849e+02
1.430000e-06	4.941840e-09	1.241375e-08	3.506287e+01	7.361577e+02
1.440000e-06	4.982801e-09	1.262218e-08	3.535349e+01	7.485744e+02
1.450000e-06	5.021985e-09	1.281242e-08	3.563150e+01	7.600763e+02
1.460000e-06	5.059546e-09	1.298839e-08	3.589800e+01	7.707045e+02
1.470000e-06	5.095435e-09	1.315099e-08	3.615264e+01	7.804977e+02
1.480000e-06	5.129412e-09	1.329932e-08	3.639371e+01	7.894922e+02
1.490000e-06	5.161459e-09	1.343510e-08	3.662108e+01	7.977229e+02
1.500000e-06	5.191806e-09	1.356110e-08	3.683640e+01	8.052262e+02
1.510000e-06	5.220505e-09	1.367624e-08	3.704002e+01	8.120424e+02
1.520000e-06	5.247351e-09	1.377808e-08	3.723050e+01	8.182173e+02
1.530000e-06	5.272113e-09	1.386756e-08	3.740619e+01	8.238013e+02
1.540000e-06	5.294948e-09	1.395075e-08	3.756820e+01	8.288455e+02
1.550000e-06	5.316073e-09	1.402923e-08	3.771809e+01	8.333972e+02
1.560000e-06	5.335455e-09	1.409900e-08	3.785560e+01	8.374942e+02
1.570000e-06	5.352884e-09	1.415898e-08	3.797926e+01	8.411623e+02
1.580000e-06	5.368313e-09	1.421323e-08	3.808873e+01	8.444155e+02
1.590000e-06	5.381819e-09	1.426288e-08	3.818456e+01	8.472593e+02
1.600000e-06	5.393236e-09	1.430309e-08	3.826556e+01	8.496975e+02
1.610000e-06	5.402450e-09	1.433398e-08	3.833093e+01	8.517381e+02
1.620000e-06	5.409705e-09	1.436098e-08	3.838241e+01	8.533985e+02
1.630000e-06	5.415214e-09	1.438534e-08	3.842150e+01	8.547056e+02
1.640000e-06	5.418928e-09	1.440290e-08	3.844784e+01	8.556926e+02
1.650000e-06	5.420632e-09	1.441221e-08	3.845994e+01	8.563924e+02
1.660000e-06	5.420397e-09	1.442054e-08	3.845827e+01	8.568308e+02
1.670000e-06	5.418481e-09	1.442887e-08	3.844467e+01	8.570217e+02
1.680000e-06	5.414962e-09	1.442738e-08	3.841971e+01	8.569666e+02
1.690000e-06	5.409650e-09	1.441746e-08	3.838202e+01	8.566587e+02
1.700000e-06	5.402420e-09	1.440532e-08	3.833072e+01	8.560907e+02
1.710000e-06	5.393515e-09	1.439289e-08	3.826754e+01	8.552635e+02
1.720000e-06	5.382987e-09	1.437415e-08	3.819284e+01	8.541913e+02
1.730000e-06	5.370646e-09	1.434326e-08	3.810528e+01	8.529038e+02
1.740000e-06	5.356324e-09	1.435264e-08	3.800366e+01	8.514406e+02
1.750000e-06	5.339915e-09	1.436446e-08	3.788724e+01	8.498423e+02
1.760000e-06	5.321161e-09	1.431378e-08	3.775418e+01	8.481403e+02
1.770000e-06	5.299858e-09	1.425583e-08	3.760303e+01	8.463472e+02
1.780000e-06	5.276430e-09	1.417660e-08	3.743681e+01	8.444540e+02
1.790000e-06	5.251684e-09	1.417693e-08	3.726124e+01	8.424324e+02
1.800000e-06	5.225841e-09	1.423338e-08	3.707787e+01	8.402436e+02
1.810000e-06	5.198291e-09	1.409358e-08	3.688240e+01	8.378494e+02
1.820000e-06	5.168750e-09	1.403338e-08	3.667281e+01	8.352231e+02
1.830000e-06	5.137506e-09	1.409622e-08	3.645112e+01	8.323565e+02
1.840000e-06	5.104424e-09	1.399162e-08	3.621641e+01	8.292610e+02
1.850000e-06	5.069568e-09	1.395418e-08	3.596910e+01	8.259624e+02
1.860000e-06	5.033085e-09	1.389990e-08	3.571025e+01	8.224928e+02
1.870000e-06	4.994663e-09	1.375149e-08	3.543764e+01	8.188810e+02
1.880000e-06	4.954453e-09	1.376241e-08	3.515234e+01	8.151458e+02
1.890000e-06	4.912568e-09	1.370091e-08	3.485517e+01	8.112938e+02
1.900000e-06	4.869023e-09	1.358880e-08	3.454621e+01	8.073212e+02
1.910000e-06	4.823864e-09	1.355320e-08	3.422581e+01	8.032196e+02
1.920000e-06	4.776741e-09	1.344799e-08	3.389146e+01	7.989818e+02
1.930000e-06	4.727771e-09	1.340567e-08	3.354401e+01	7.946066e+02
1.940000e-06	4.677187e-09	1.329240e-08	3.318511e+01	7.900991e+02
1.950000e-06	4.624760e-09	1.315387e-08	3.281314e+01	7.854691e+02
1.960000e-06	4.570373e-09	1.314609e-08	3.242726e+01	7.807252e+02
1.970000e-06	4.514143e-09	1.308519e-08	3.202830e+01	7.758708e+02
1.980000e-06	4.456362e-09	1.300684e-08	3.161834e+01	7.709009e+02
1.990000e-06	4.397169e-09	1.287759e-08	3.119836e+01	7.658029e+02
2.000000e-06	4.336374e-09	1.279548e-08	3.076701e+01	7.605606e+02
2.010000e-06	4.273882e-09	1.274965e-08	3.032363e+01	7.551598e+02
2.020000e-06	4.209797e-09	1.260281e-08	2.986894e+01	7.495941e+02
2.030000e-06	4.144284e-09	1.251332e-08	2.940411e+01	7.438678e+02
2.040000e-06	4.077366e-09	1.241997e-08	2.892932e+01	7.379959e+02
2.050000e-06	4.008960e-09	1.233826e-08	2.844398e+01	7.319995e+02
2.060000e-06	3.938977e-09	1.223747e-08	2.794744e+01	7.259002e+02
2.070000e-06	3.867463e-09	1.208955e-08	2.744004e+01	7.197141e+02
2.080000e-06	3.794592e-09	1.201622e-08	2.692301e+01	7.134470e+02
2.090000e-06	3.720352e-09	1.191795e-08	2.639627e+01	7.070946e+02
2.100000e-06	3.644702e-09	1.180873e-08	2.585953e+01	7.006450e+02
2.110000e-06	3.567513e-09	1.167461e-08	2.531186e+01	6.940836e+02
2.120000e-06	3.488764e-09	1.155814e-08	2.475313e+01	6.873993e+02
2.130000e-06	3.408756e-09	1.147495e-08	2.418547e+01	6.805883e+02
2.140000e-06	3.327632e-09	1.134465e-08	2.360988e+01	6.736553e+02
2.150000e-06	3.245435e-09	1.121842e-08	2.302669e+01	6.666117e+02
2.160000e-06	3.162202e-09	1.109066e-08	2.243614e+01	6.594710e+02
2.170000e-06	3.077886e-09	1.099365e-08	2.183791e+01	6.522442e+02
2.180000e-06	2.992316e-09	1.087645e-08	2.123078e+01	6.449358e+02
2.190000e-06	2.905482e-09	1.072714e-08	2.061468e+01	6.375425e+02
2.200000e-06	2.817622e-09	1.060109e-08	1.999131e+01	6.300547e+02
2.210000e-06	2.728838e-09	1.048393e-08	1.936138e+01	6.224605e+02
2.220000e-06	2.639172e-09	1.036187e-08	1.872519e+01	6.147497e+02
2.230000e-06	2.548655e-09	1.020991e-08	1.808296e+01	6.069182e+02
2.240000e-06	2.457361e-09	1.007547e-08	1.743522e+01	5.989692e+02
2.250000e-06	2.365292e-09	9.960804e-09	1.678198e+01	5.909122e+02
2.260000e-06	2.272323e-09	9.828894e-09	1.612236e+01	5.827597e+02
2.270000e-06	2.178362e-09	9.674927e-09	1.545570e+01	5.745228e+02
2.280000e-06	2.083443e-09	9.522981e-09	1.478223e+01	5.662077e+02
2.290000e-06	1.987816e-09	9.393289e-09	1.410375e+01	5.578134e+02
2.300000e-06	1.891624e-09	9.254413e-09	1.342125e+01	5.493330e+02
2.310000e-06	1.794805e-09	9.096326e-09	1.273432e+01	5.407558e+02
2.320000e-06	1.697344e-09	8.945005e-09	1.204282e+01	5.320718e+02
2.330000e-06	1.599338e-09	8.811050e-09	1.134745e+01	5.232753e+02
2.340000e-06	1.500873e-09	8.668186e-09	1.064883e+01	5.143668e+02
2.350000e-06	1.401947e-09	8.504110e-09	9.946944e+00	5.053530e+02
2.360000e-06	1.302571e-09	8.341720e-09	9.241863e+00	4.962436e+02
2.370000e-06	1.202802e-09	8.196689e-09	8.533993e+00	4.870473e+02
2.380000e-06	1.102686e-09	8.046134e-09	7.823657e+00	4.777678e+02
2.390000e-06	1.002195e-09	7.876190e-09	7.110669e+00	4.684014e+02
2.400000e-06	9.012784e-10	7.708501e-09	6.394653e+00	4.589372e+02
2.410000e-06	7.999373e-10	7.555971e-09	5.675629e+00	4.493594e+02
2.420000e-06	6.982190e-10	7.401178e-09	4.953928e+00	4.396523e+02
2.430000e-06	5.961799e-10	7.227664e-09	4.229951e+00	4.298045e+02
2.440000e-06	4.938741e-10	7.051780e-09	3.504082e+00	4.198117e+02
2.450000e-06	3.913477e-10	6.887192e-09	2.776647e+00	4.096763e+02
2.460000e-06	2.886486e-10	6.722078e-09	2.047986e+00	3.994042e+02
2.470000e-06	1.858308e-10	6.540186e-09	1.318483e+00	3.889984e+02
2.480000e-06	8.293390e-11	6.353175e-09	5.884195e-01	3.784531e+02
2.490000e-06	-1.998663e-11	6.177707e-09	-1.418121e-01	3.677488e+02
2.500000e-06	-1.228682e-10	6.002554e-09	-8.717672e-01	3.568521e+02
2.510000e-06	-2.256603e-10	5.811327e-09	-1.601087e+00	3.457203e+02
2.520000e-06	-3.283445e-10	5.609308e-09	-2.329642e+00	3.343097e+02
2.530000e-06	-4.308841e-10	5.414316e-09	-3.057170e+00	3.225865e+02
2.540000e-06	-5.332031e-10	5.220194e-09	-3.783134e+00	3.105372e+02
2.550000e-06	-6.352466e-10	5.009365e-09	-4.507142e+00	2.981741e+02
2.560000e-06	-7.369741e-10	4.786281e-09	-5.228908e+00	2.855355e+02
2.570000e-06	-8.383387e-10	4.568308e-09	-5.948099e+00	2.726795e+02
2.580000e-06	-9.392911e-10	4.357655e-09	-6.664367e+00	2.596718e+02
2.590000e-06	-1.039819e-09	4.138975e-09	-7.377620e+00	2.465729e+02
2.600000e-06	-1.139944e-09	3.911898e-09	-8.088017e+00	2.334249e+02
2.610000e-06	-1.239692e-09	3.690493e-09	-8.795738e+00	2.202442e+02
2.620000e-06	-1.339035e-09	3.474166e-09	-9.500588e+00	2.070202e+02
2.630000e-06	-1.437920e-09	3.249788e-09	-1.020219e+01	1.937201e+02
2.640000e-06	-1.536316e-09	3.015399e-09	-1.090032e+01	1.802977e+02
2.650000e-06	-1.634211e-09	2.784538e-09	-1.159489e+01	1.667043e+02
2.660000e-06	-1.731566e-09	2.559417e-09	-1.228564e+01	1.528973e+02
2.670000e-06	-1.828334e-09	2.327382e-09	-1.297222e+01	1.388440e+02
2.680000e-06	-1.924520e-09	2.083569e-09	-1.365467e+01	1.245219e+02
2.690000e-06	-2.020163e-09	1.837186e-09	-1.433327e+01	1.099135e+02
2.700000e-06	-2.115199e-09	1.590916e-09	-1.500755e+01	9.500045e+01
2.710000e-06	-2.209397e-09	1.335163e-09	-1.567590e+01	7.975805e+01
2.720000e-06	-2.302585e-09	1.066357e-09	-1.633708e+01	6.415200e+01
2.730000e-06	-2.394817e-09	7.946806e-10	-1.699148e+01	4.813930e+01
2.740000e-06	-2.486194e-09	5.242727e-10	-1.763980e+01	3.167179e+01
2.750000e-06	-2.576693e-09	2.433631e-10	-1.828190e+01	1.470120e+01
2.760000e-06	-2.666247e-09	-5.475054e-11	-1.891730e+01	-2.816381e+00
2.770000e-06	-2.754872e-09	-3.626907e-10	-1.954610e+01	-2.091797e+01
2.780000e-06	-2.842663e-09	-6.745961e-10	-2.016899e+01	-3.963377e+01
2.790000e-06	-2.929557e-09	-9.968063e-10	-2.078551e+01	-5.898920e+01
2.800000e-06	-3.015282e-09	-1.335681e-09	-2.139374e+01	-7.900745e+01
2.810000e-06	-3.099753e-09	-1.686799e-09	-2.199307e+01	-9.971102e+01
2.820000e-06	-3.183112e-09	-2.043176e-09	-2.258451e+01	-1.211210e+02
2.830000e-06	-3.265416e-09	-2.409455e-09	-2.316846e+01	-1.432539e+02
2.840000e-06	-3.346639e-09	-2.793958e-09	-2.374475e+01	-1.661166e+02
2.850000e-06	-3.426769e-09	-3.192969e-09	-2.431328e+01	-1.897008e+02
2.860000e-06	-3.505693e-09	-3.598316e-09	-2.487325e+01	-2.139791e+02
2.870000e-06	-3.583141e-09	-4.012949e-09	-2.542276e+01	-2.389025e+02
2.880000e-06	-3.659053e-09	-4.442961e-09	-2.596136e+01	-2.644009e+02
2.890000e-06	-3.733561e-09	-4.883266e-09	-2.649000e+01	-2.903856e+02
2.900000e-06	-3.806718e-09	-5.324681e-09	-2.700905e+01	-3.167524e+02
2.910000e-06	-3.878595e-09	-5.767522e-09	-2.751903e+01	-3.433844e+02
2.920000e-06	-3.949095e-09	-6.216883e-09	-2.801924e+01	-3.701547e+02
2.930000e-06	-4.018009e-09	-6.669010e-09	-2.850818e+01	-3.969277e+02
2.940000e-06	-4.085432e-09	-7.115384e-09	-2.898656e+01	-4.235610e+02
2.950000e-06	-4.151501e-09	-7.555546e-09	-2.945533e+01	-4.499070e+02
2.960000e-06	-4.216198e-09	-7.993107e-09	-2.991436e+01	-4.758177e+02
2.970000e-06	-4.279486e-09	-8.423531e-09	-3.036340e+01	-5.011491e+02
2.980000e-06	-4.341139e-09	-8.837019e-09	-3.080083e+01	-5.257681e+02
2.990000e-06	-4.401067e-09	-9.232297e-09	-3.122602e+01	-5.495583e+02
3.000000e-06	-4.459477e-09	-9.615890e-09	-3.164045e+01	-5.724243e+02
3.010000e-06	-4.516441e-09	-9.987703e-09	-3.204461e+01	-5.942938e+02
3.020000e-06	-4.571851e-09	-1.034017e-08	-3.243775e+01	-6.151171e+02
3.030000e-06	-4.625414e-09	-1.067194e-08	-3.281779e+01	-6.348646e+02
3.040000e-06	-4.677007e-09	-1.098754e-08	-3.318384e+01	-6.535233e+02
3.050000e-06	-4.726748e-09	-1.128731e-08	-3.353676e+01	-6.710932e+02
3.060000e-06	-4.774546e-09	-1.156541e-08	-3.387589e+01	-6.875851e+02
3.070000e-06	-4.820471e-09	-1.182212e-08	-3.420174e+01	-7.030186e+02
3.080000e-06	-4.864810e-09	-1.206467e-08	-3.451632e+01	-7.174213e+02
3.090000e-06	-4.907650e-09	-1.229485e-08	-3.482028e+01	-7.308272e+02
3.100000e-06	-4.948969e-09	-1.250797e-08	-3.511344e+01	-7.432756e+02
3.110000e-06	-4.988704e-09	-1.270249e-08	-3.539537e+01	-7.548077e+02
3.120000e-06	-5.026622e-09	-1.288289e-08	-3.566440e+01	-7.654647e+02
3.130000e-06	-5.062609e-09	-1.305022e-08	-3.591973e+01	-7.752853e+02
3.140000e-06	-5.096824e-09	-1.320235e-08	-3.616249e+01	-7.843060e+02
3.150000e-06	-5.129336e-09	-1.334218e-08	-3.639316e+01	-7.925617e+02
3.160000e-06	-5.160000e-09	-1.347239e-08	-3.661073e+01	-8.000885e+02
3.170000e-06	-5.188680e-09	-1.359160e-08	-3.681422e+01	-8.069267e+02
3.180000e-06	-5.215536e-09	-1.369709e-08	-3.700476e+01	-8.131220e+02
3.190000e-06	-5.240647e-09	-1.379119e-08	-3.718293e+01	-8.187244e+02
3.200000e-06	-5.263915e-09	-1.387869e-08	-3.734802e+01	-8.237854e+02
3.210000e-06	-5.285192e-09	-1.395867e-08	-3.749898e+01	-8.283521e+02
3.220000e-06	-5.304550e-09	-1.402869e-08	-3.763633e+01	-8.324631e+02
3.230000e-06	-5.322181e-09	-1.408930e-08	-3.776142e+01	-8.361445e+02
3.240000e-06	-5.337986e-09	-1.414356e-08	-3.787355e+01	-8.394107e+02
3.250000e-06	-5.351640e-09	-1.419195e-08	-3.797044e+01	-8.422673e+02
3.260000e-06	-5.363104e-09	-1.423240e-08	-3.805177e+01	-8.447181e+02
3.270000e-06	-5.372672e-09	-1.426545e-08	-3.811966e+01	-8.467710e+02
3.280000e-06	-5.380424e-09	-1.429487e-08	-3.817466e+01	-8.484428e+02
3.290000e-06	-5.386183e-09	-1.432070e-08	-3.821552e+01	-8.497602e+02
3.300000e-06	-5.389958e-09	-1.433939e-08	-3.824231e+01	-8.507563e+02
3.310000e-06	-5.391954e-09	-1.435203e-08	-3.825647e+01	-8.514641e+02
3.320000e-06	-5.392184e-09	-1.435862e-08	-3.825809e+01	-8.519098e+02
