# Temperatura_=_59.98400000000001
# Concentracion g/m^3_=_20000.0
# C_Vs_to_Am_M_A/Vsm_=_59384043850.047264
# pendiente_HvsI_1/m_=_3716.3
# ordenada_HvsI_A/m_=_1297.0
# frecuencia_Hz_=_301359.5036319945
# Promedio de 15 ciclos

Tiempo_(s)	Campo_(V.s)	Magnetizacion_(V.s)	Campo_(kA/m)	Magnetizacion_(A/m)
0.000000e+00	-6.720883e-09	-2.530043e-08	-4.771895e+01	-1.502704e+03
1.000000e-08	-6.718479e-09	-2.529812e-08	-4.770189e+01	-1.502660e+03
2.000000e-08	-6.713746e-09	-2.529787e-08	-4.766830e+01	-1.502502e+03
3.000000e-08	-6.706880e-09	-2.529614e-08	-4.761955e+01	-1.502202e+03
4.000000e-08	-6.697863e-09	-2.528964e-08	-4.755554e+01	-1.501737e+03
5.000000e-08	-6.686469e-09	-2.527805e-08	-4.747465e+01	-1.501100e+03
6.000000e-08	-6.672606e-09	-2.526839e-08	-4.737623e+01	-1.500304e+03
7.000000e-08	-6.656273e-09	-2.525898e-08	-4.726027e+01	-1.499377e+03
8.000000e-08	-6.637512e-09	-2.522349e-08	-4.712707e+01	-1.498350e+03
9.000000e-08	-6.616293e-09	-2.517070e-08	-4.697642e+01	-1.497247e+03
1.000000e-07	-6.592430e-09	-2.515416e-08	-4.680700e+01	-1.496078e+03
1.100000e-07	-6.565978e-09	-2.516631e-08	-4.661919e+01	-1.494835e+03
1.200000e-07	-6.537314e-09	-2.516114e-08	-4.641568e+01	-1.493498e+03
1.300000e-07	-6.506864e-09	-2.515047e-08	-4.619949e+01	-1.492041e+03
1.400000e-07	-6.474775e-09	-2.513369e-08	-4.597166e+01	-1.490446e+03
1.500000e-07	-6.440697e-09	-2.506953e-08	-4.572971e+01	-1.488703e+03
1.600000e-07	-6.404374e-09	-2.505265e-08	-4.547182e+01	-1.486820e+03
1.700000e-07	-6.365970e-09	-2.501990e-08	-4.519916e+01	-1.484816e+03
1.800000e-07	-6.325297e-09	-2.494694e-08	-4.491039e+01	-1.482717e+03
1.900000e-07	-6.282131e-09	-2.494388e-08	-4.460391e+01	-1.480544e+03
2.000000e-07	-6.236694e-09	-2.491048e-08	-4.428131e+01	-1.478315e+03
2.100000e-07	-6.188953e-09	-2.487920e-08	-4.394235e+01	-1.476034e+03
2.200000e-07	-6.138695e-09	-2.484932e-08	-4.358553e+01	-1.473698e+03
2.300000e-07	-6.085915e-09	-2.478579e-08	-4.321079e+01	-1.471294e+03
2.400000e-07	-6.030740e-09	-2.475210e-08	-4.281905e+01	-1.468809e+03
2.500000e-07	-5.973339e-09	-2.471053e-08	-4.241150e+01	-1.466229e+03
2.600000e-07	-5.913750e-09	-2.466204e-08	-4.198842e+01	-1.463542e+03
2.700000e-07	-5.852059e-09	-2.462229e-08	-4.155041e+01	-1.460742e+03
2.800000e-07	-5.788342e-09	-2.457624e-08	-4.109802e+01	-1.457828e+03
2.900000e-07	-5.722516e-09	-2.452532e-08	-4.063066e+01	-1.454802e+03
3.000000e-07	-5.654538e-09	-2.446460e-08	-4.014802e+01	-1.451667e+03
3.100000e-07	-5.584476e-09	-2.441569e-08	-3.965058e+01	-1.448432e+03
3.200000e-07	-5.512435e-09	-2.435418e-08	-3.913908e+01	-1.445101e+03
3.300000e-07	-5.438343e-09	-2.429681e-08	-3.861303e+01	-1.441681e+03
3.400000e-07	-5.362061e-09	-2.425304e-08	-3.807143e+01	-1.438174e+03
3.500000e-07	-5.283614e-09	-2.418666e-08	-3.751446e+01	-1.434577e+03
3.600000e-07	-5.203071e-09	-2.412185e-08	-3.694260e+01	-1.430886e+03
3.700000e-07	-5.120597e-09	-2.405492e-08	-3.635703e+01	-1.427091e+03
3.800000e-07	-5.036442e-09	-2.399141e-08	-3.575953e+01	-1.423184e+03
3.900000e-07	-4.950688e-09	-2.392736e-08	-3.515067e+01	-1.419157e+03
4.000000e-07	-4.863299e-09	-2.385984e-08	-3.453020e+01	-1.415007e+03
4.100000e-07	-4.774248e-09	-2.378965e-08	-3.389794e+01	-1.410734e+03
4.200000e-07	-4.683434e-09	-2.371249e-08	-3.325315e+01	-1.406343e+03
4.300000e-07	-4.590855e-09	-2.363793e-08	-3.259584e+01	-1.401837e+03
4.400000e-07	-4.496657e-09	-2.355701e-08	-3.192703e+01	-1.397222e+03
4.500000e-07	-4.400879e-09	-2.347769e-08	-3.124700e+01	-1.392499e+03
4.600000e-07	-4.303516e-09	-2.339960e-08	-3.055572e+01	-1.387668e+03
4.700000e-07	-4.204547e-09	-2.331936e-08	-2.985304e+01	-1.382729e+03
4.800000e-07	-4.104007e-09	-2.323505e-08	-2.913920e+01	-1.377681e+03
4.900000e-07	-4.002051e-09	-2.314591e-08	-2.841531e+01	-1.372524e+03
5.000000e-07	-3.898751e-09	-2.305682e-08	-2.768187e+01	-1.367261e+03
5.100000e-07	-3.794069e-09	-2.296646e-08	-2.693862e+01	-1.361893e+03
5.200000e-07	-3.687948e-09	-2.287597e-08	-2.618515e+01	-1.356419e+03
5.300000e-07	-3.580413e-09	-2.278244e-08	-2.542165e+01	-1.350832e+03
5.400000e-07	-3.471597e-09	-2.268753e-08	-2.464905e+01	-1.345122e+03
5.500000e-07	-3.361583e-09	-2.259110e-08	-2.386794e+01	-1.339276e+03
5.600000e-07	-3.250422e-09	-2.249229e-08	-2.307869e+01	-1.333283e+03
5.700000e-07	-3.138116e-09	-2.238904e-08	-2.228131e+01	-1.327138e+03
5.800000e-07	-3.024608e-09	-2.228260e-08	-2.147540e+01	-1.320842e+03
5.900000e-07	-2.909870e-09	-2.217552e-08	-2.066075e+01	-1.314404e+03
6.000000e-07	-2.793933e-09	-2.206617e-08	-1.983759e+01	-1.307837e+03
6.100000e-07	-2.676889e-09	-2.195353e-08	-1.900657e+01	-1.301149e+03
6.200000e-07	-2.558863e-09	-2.183861e-08	-1.816858e+01	-1.294343e+03
6.300000e-07	-2.439957e-09	-2.172395e-08	-1.732433e+01	-1.287412e+03
6.400000e-07	-2.320223e-09	-2.160695e-08	-1.647421e+01	-1.280341e+03
6.500000e-07	-2.199659e-09	-2.148659e-08	-1.561820e+01	-1.273111e+03
6.600000e-07	-2.078263e-09	-2.136229e-08	-1.475628e+01	-1.265709e+03
6.700000e-07	-1.956094e-09	-2.123455e-08	-1.388887e+01	-1.258129e+03
6.800000e-07	-1.833196e-09	-2.110353e-08	-1.301629e+01	-1.250377e+03
6.900000e-07	-1.709602e-09	-2.096915e-08	-1.213876e+01	-1.242463e+03
7.000000e-07	-1.585360e-09	-2.083193e-08	-1.125663e+01	-1.234401e+03
7.100000e-07	-1.460544e-09	-2.069307e-08	-1.037042e+01	-1.226195e+03
7.200000e-07	-1.335252e-09	-2.055416e-08	-9.480836e+00	-1.217839e+03
7.300000e-07	-1.209535e-09	-2.041301e-08	-8.588234e+00	-1.209315e+03
7.400000e-07	-1.083430e-09	-2.026811e-08	-7.692877e+00	-1.200595e+03
7.500000e-07	-9.569724e-10	-2.011781e-08	-6.795015e+00	-1.191658e+03
7.600000e-07	-8.301926e-10	-1.996246e-08	-5.894866e+00	-1.182490e+03
7.700000e-07	-7.031312e-10	-1.980385e-08	-4.992718e+00	-1.173092e+03
7.800000e-07	-5.758434e-10	-1.964128e-08	-4.088961e+00	-1.163477e+03
7.900000e-07	-4.483693e-10	-1.947458e-08	-3.183882e+00	-1.153658e+03
8.000000e-07	-3.207555e-10	-1.930545e-08	-2.277810e+00	-1.143636e+03
8.100000e-07	-1.930525e-10	-1.913532e-08	-1.371104e+00	-1.133388e+03
8.200000e-07	-6.528365e-11	-1.896157e-08	-4.639317e-01	-1.122865e+03
8.300000e-07	6.251224e-11	-1.877986e-08	4.434338e-01	-1.111996e+03
8.400000e-07	1.902836e-10	-1.858847e-08	1.350625e+00	-1.100706e+03
8.500000e-07	3.179780e-10	-1.838795e-08	2.257269e+00	-1.088934e+03
8.600000e-07	4.455576e-10	-1.817953e-08	3.163099e+00	-1.076650e+03
8.700000e-07	5.729808e-10	-1.796345e-08	4.067818e+00	-1.063865e+03
8.800000e-07	7.002068e-10	-1.773941e-08	4.971137e+00	-1.050626e+03
8.900000e-07	8.272015e-10	-1.750989e-08	5.872814e+00	-1.036998e+03
9.000000e-07	9.539167e-10	-1.727632e-08	6.772507e+00	-1.023042e+03
9.100000e-07	1.080288e-09	-1.703645e-08	7.669759e+00	-1.008793e+03
9.200000e-07	1.206277e-09	-1.678887e-08	8.564292e+00	-9.942431e+02
9.300000e-07	1.331884e-09	-1.653469e-08	9.456119e+00	-9.793391e+02
9.400000e-07	1.457090e-09	-1.627512e-08	1.034510e+01	-9.639908e+02
9.500000e-07	1.581822e-09	-1.600758e-08	1.123071e+01	-9.480836e+02
9.600000e-07	1.706002e-09	-1.572835e-08	1.211240e+01	-9.314915e+02
9.700000e-07	1.829560e-09	-1.543488e-08	1.298968e+01	-9.140817e+02
9.800000e-07	1.952435e-09	-1.512529e-08	1.386210e+01	-8.957110e+02
9.900000e-07	2.074565e-09	-1.479567e-08	1.472925e+01	-8.762119e+02
1.000000e-06	2.195890e-09	-1.444062e-08	1.559067e+01	-8.553770e+02
1.010000e-06	2.316373e-09	-1.405726e-08	1.644611e+01	-8.329452e+02
1.020000e-06	2.436000e-09	-1.364314e-08	1.729547e+01	-8.085942e+02
1.030000e-06	2.554760e-09	-1.319308e-08	1.813869e+01	-7.819391e+02
1.040000e-06	2.672631e-09	-1.269625e-08	1.897558e+01	-7.525334e+02
1.050000e-06	2.789527e-09	-1.214253e-08	1.980556e+01	-7.198660e+02
1.060000e-06	2.905303e-09	-1.152259e-08	2.062759e+01	-6.833516e+02
1.070000e-06	3.019847e-09	-1.082478e-08	2.144086e+01	-6.423172e+02
1.080000e-06	3.133141e-09	-1.003410e-08	2.224526e+01	-5.959936e+02
1.090000e-06	3.245235e-09	-9.136623e-09	2.304114e+01	-5.435276e+02
1.100000e-06	3.356198e-09	-8.120707e-09	2.382900e+01	-4.840299e+02
1.110000e-06	3.466080e-09	-6.973195e-09	2.460918e+01	-4.166680e+02
1.120000e-06	3.574852e-09	-5.682755e-09	2.538147e+01	-3.408002e+02
1.130000e-06	3.682392e-09	-4.242541e-09	2.614502e+01	-2.561337e+02
1.140000e-06	3.788543e-09	-2.656078e-09	2.689871e+01	-1.628742e+02
1.150000e-06	3.893219e-09	-9.383279e-10	2.764192e+01	-6.183085e+01
1.160000e-06	3.996464e-09	8.858707e-10	2.837498e+01	4.555715e+01
1.170000e-06	4.098336e-09	2.781795e-09	2.909828e+01	1.572911e+02
1.180000e-06	4.198788e-09	4.706692e-09	2.981151e+01	2.709775e+02
1.190000e-06	4.297685e-09	6.616802e-09	3.051369e+01	3.840623e+02
1.200000e-06	4.394914e-09	8.470978e-09	3.120403e+01	4.940912e+02
1.210000e-06	4.490501e-09	1.023376e-08	3.188271e+01	5.989475e+02
1.220000e-06	4.584570e-09	1.187862e-08	3.255062e+01	6.970232e+02
1.230000e-06	4.677168e-09	1.339053e-08	3.320807e+01	7.872977e+02
1.240000e-06	4.768159e-09	1.476458e-08	3.385413e+01	8.693202e+02
1.250000e-06	4.857372e-09	1.600123e-08	3.448756e+01	9.431138e+02
1.260000e-06	4.944802e-09	1.710470e-08	3.510832e+01	1.009037e+03
1.270000e-06	5.030545e-09	1.808339e-08	3.571711e+01	1.067636e+03
1.280000e-06	5.114623e-09	1.894937e-08	3.631408e+01	1.119530e+03
1.290000e-06	5.196896e-09	1.971377e-08	3.689823e+01	1.165334e+03
1.300000e-06	5.277232e-09	2.038573e-08	3.746863e+01	1.205628e+03
1.310000e-06	5.355654e-09	2.097385e-08	3.802544e+01	1.240963e+03
1.320000e-06	5.432142e-09	2.148832e-08	3.856852e+01	1.271876e+03
1.330000e-06	5.506518e-09	2.193899e-08	3.909660e+01	1.298898e+03
1.340000e-06	5.578765e-09	2.233360e-08	3.960957e+01	1.322554e+03
1.350000e-06	5.649033e-09	2.267957e-08	4.010849e+01	1.343340e+03
1.360000e-06	5.717343e-09	2.298442e-08	4.059350e+01	1.361700e+03
1.370000e-06	5.783569e-09	2.325543e-08	4.106372e+01	1.377998e+03
1.380000e-06	5.847668e-09	2.349734e-08	4.151883e+01	1.392512e+03
1.390000e-06	5.909780e-09	2.371213e-08	4.195984e+01	1.405447e+03
1.400000e-06	5.969939e-09	2.390199e-08	4.238698e+01	1.416953e+03
1.410000e-06	6.027958e-09	2.407052e-08	4.279893e+01	1.427158e+03
1.420000e-06	6.083751e-09	2.421977e-08	4.319508e+01	1.436194e+03
1.430000e-06	6.137280e-09	2.435125e-08	4.357514e+01	1.444203e+03
1.440000e-06	6.188308e-09	2.446830e-08	4.393745e+01	1.451340e+03
1.450000e-06	6.236789e-09	2.457471e-08	4.428168e+01	1.457749e+03
1.460000e-06	6.282997e-09	2.467213e-08	4.460977e+01	1.463552e+03
1.470000e-06	6.327095e-09	2.475931e-08	4.492288e+01	1.468830e+03
1.480000e-06	6.368913e-09	2.483727e-08	4.521980e+01	1.473626e+03
1.490000e-06	6.408383e-09	2.490858e-08	4.550005e+01	1.477954e+03
1.500000e-06	6.445688e-09	2.497330e-08	4.576492e+01	1.481817e+03
1.510000e-06	6.480789e-09	2.503006e-08	4.601415e+01	1.485226e+03
1.520000e-06	6.513507e-09	2.507902e-08	4.624646e+01	1.488212e+03
1.530000e-06	6.543945e-09	2.512244e-08	4.646258e+01	1.490827e+03
1.540000e-06	6.572205e-09	2.516084e-08	4.666324e+01	1.493131e+03
1.550000e-06	6.598080e-09	2.519315e-08	4.684696e+01	1.495181e+03
1.560000e-06	6.621512e-09	2.522107e-08	4.701333e+01	1.497017e+03
1.570000e-06	6.642715e-09	2.524670e-08	4.716388e+01	1.498652e+03
1.580000e-06	6.661702e-09	2.526975e-08	4.729870e+01	1.500080e+03
1.590000e-06	6.678265e-09	2.528904e-08	4.741631e+01	1.501282e+03
1.600000e-06	6.692326e-09	2.530432e-08	4.751615e+01	1.502246e+03
1.610000e-06	6.703823e-09	2.531557e-08	4.759779e+01	1.502975e+03
1.620000e-06	6.712704e-09	2.532188e-08	4.766086e+01	1.503492e+03
1.630000e-06	6.719180e-09	2.532453e-08	4.770684e+01	1.503837e+03
1.640000e-06	6.723394e-09	2.532654e-08	4.773677e+01	1.504053e+03
1.650000e-06	6.725228e-09	2.532814e-08	4.774979e+01	1.504173e+03
1.660000e-06	6.724701e-09	2.533056e-08	4.774606e+01	1.504211e+03
1.670000e-06	6.722029e-09	2.533099e-08	4.772710e+01	1.504158e+03
1.680000e-06	6.717176e-09	2.532709e-08	4.769265e+01	1.503989e+03
1.690000e-06	6.710044e-09	2.531911e-08	4.764201e+01	1.503676e+03
1.700000e-06	6.700756e-09	2.530747e-08	4.757608e+01	1.503196e+03
1.710000e-06	6.689310e-09	2.529403e-08	4.749481e+01	1.502545e+03
1.720000e-06	6.675520e-09	2.527291e-08	4.739692e+01	1.501738e+03
1.730000e-06	6.659529e-09	2.526438e-08	4.728339e+01	1.500801e+03
1.740000e-06	6.641465e-09	2.529279e-08	4.715513e+01	1.499767e+03
1.750000e-06	6.620839e-09	2.528757e-08	4.700870e+01	1.498659e+03
1.760000e-06	6.597146e-09	2.523638e-08	4.684048e+01	1.497484e+03
1.770000e-06	6.570605e-09	2.518854e-08	4.665205e+01	1.496235e+03
1.780000e-06	6.541684e-09	2.512413e-08	4.644671e+01	1.494888e+03
1.790000e-06	6.510761e-09	2.511368e-08	4.622716e+01	1.493421e+03
1.800000e-06	6.478157e-09	2.514805e-08	4.599567e+01	1.491813e+03
1.810000e-06	6.443664e-09	2.507153e-08	4.575078e+01	1.490058e+03
1.820000e-06	6.406966e-09	2.504353e-08	4.549023e+01	1.488164e+03
1.830000e-06	6.368041e-09	2.504730e-08	4.521386e+01	1.486152e+03
1.840000e-06	6.326859e-09	2.497499e-08	4.492147e+01	1.484045e+03
1.850000e-06	6.283518e-09	2.495621e-08	4.461375e+01	1.481868e+03
1.860000e-06	6.237987e-09	2.487527e-08	4.429049e+01	1.479634e+03
1.870000e-06	6.190120e-09	2.482940e-08	4.395064e+01	1.477349e+03
1.880000e-06	6.139988e-09	2.484722e-08	4.359470e+01	1.475007e+03
1.890000e-06	6.087409e-09	2.478592e-08	4.322139e+01	1.472597e+03
1.900000e-06	6.032346e-09	2.474874e-08	4.283045e+01	1.470105e+03
1.910000e-06	5.975092e-09	2.469056e-08	4.242394e+01	1.467516e+03
1.920000e-06	5.915721e-09	2.464361e-08	4.200241e+01	1.464820e+03
1.930000e-06	5.854191e-09	2.460835e-08	4.156555e+01	1.462011e+03
1.940000e-06	5.790481e-09	2.452419e-08	4.111321e+01	1.459088e+03
1.950000e-06	5.724708e-09	2.449372e-08	4.064621e+01	1.456052e+03
1.960000e-06	5.656855e-09	2.444779e-08	4.016446e+01	1.452909e+03
1.970000e-06	5.586761e-09	2.440721e-08	3.966679e+01	1.449665e+03
1.980000e-06	5.514567e-09	2.433573e-08	3.915422e+01	1.446327e+03
1.990000e-06	5.440382e-09	2.425212e-08	3.862750e+01	1.442900e+03
2.000000e-06	5.364100e-09	2.422635e-08	3.808590e+01	1.439385e+03
2.010000e-06	5.285674e-09	2.415566e-08	3.752908e+01	1.435781e+03
2.020000e-06	5.205289e-09	2.409163e-08	3.695834e+01	1.432081e+03
2.030000e-06	5.123140e-09	2.401846e-08	3.637508e+01	1.428277e+03
2.040000e-06	5.039199e-09	2.395825e-08	3.577910e+01	1.424360e+03
2.050000e-06	4.953378e-09	2.389612e-08	3.516976e+01	1.420323e+03
2.060000e-06	4.865697e-09	2.380793e-08	3.454722e+01	1.416163e+03
2.070000e-06	4.776353e-09	2.374610e-08	3.391287e+01	1.411880e+03
2.080000e-06	4.685414e-09	2.367833e-08	3.326721e+01	1.407479e+03
2.090000e-06	4.592809e-09	2.361217e-08	3.260971e+01	1.402964e+03
2.100000e-06	4.498484e-09	2.352023e-08	3.194000e+01	1.398340e+03
2.110000e-06	4.402502e-09	2.343302e-08	3.125852e+01	1.393608e+03
2.120000e-06	4.305022e-09	2.335529e-08	3.056640e+01	1.388768e+03
2.130000e-06	4.206104e-09	2.326893e-08	2.986408e+01	1.383820e+03
2.140000e-06	4.105690e-09	2.318305e-08	2.915114e+01	1.378763e+03
2.150000e-06	4.003663e-09	2.309554e-08	2.842674e+01	1.373597e+03
2.160000e-06	3.900081e-09	2.301853e-08	2.769130e+01	1.368326e+03
2.170000e-06	3.795126e-09	2.292996e-08	2.694611e+01	1.362949e+03
2.180000e-06	3.688943e-09	2.283047e-08	2.619220e+01	1.357466e+03
2.190000e-06	3.581560e-09	2.272663e-08	2.542978e+01	1.351869e+03
2.200000e-06	3.472917e-09	2.263035e-08	2.465841e+01	1.346147e+03
2.210000e-06	3.362988e-09	2.253238e-08	2.387790e+01	1.340289e+03
2.220000e-06	3.251772e-09	2.242739e-08	2.308827e+01	1.334284e+03
2.230000e-06	3.139330e-09	2.232243e-08	2.228992e+01	1.328126e+03
2.240000e-06	3.025688e-09	2.222358e-08	2.148305e+01	1.321819e+03
2.250000e-06	2.910889e-09	2.212100e-08	2.066798e+01	1.315370e+03
2.260000e-06	2.794976e-09	2.200512e-08	1.984498e+01	1.308792e+03
2.270000e-06	2.677913e-09	2.188708e-08	1.901383e+01	1.302095e+03
2.280000e-06	2.559715e-09	2.176954e-08	1.817462e+01	1.295279e+03
2.290000e-06	2.440499e-09	2.165182e-08	1.732818e+01	1.288336e+03
2.300000e-06	2.320419e-09	2.152622e-08	1.647560e+01	1.281252e+03
2.310000e-06	2.199560e-09	2.140265e-08	1.561749e+01	1.274009e+03
2.320000e-06	2.077973e-09	2.128426e-08	1.475421e+01	1.266592e+03
2.330000e-06	1.955693e-09	2.116232e-08	1.388601e+01	1.258998e+03
2.340000e-06	1.832775e-09	2.102981e-08	1.301328e+01	1.251231e+03
2.350000e-06	1.709234e-09	2.089298e-08	1.213613e+01	1.243305e+03
2.360000e-06	1.585045e-09	2.075924e-08	1.125438e+01	1.235230e+03
2.370000e-06	1.460241e-09	2.061908e-08	1.036826e+01	1.227013e+03
2.380000e-06	1.334906e-09	2.047050e-08	9.478368e+00	1.218644e+03
2.390000e-06	1.209116e-09	2.032166e-08	8.585252e+00	1.210104e+03
2.400000e-06	1.082893e-09	2.017899e-08	7.689062e+00	1.201367e+03
2.410000e-06	9.562395e-10	2.003393e-08	6.789808e+00	1.192410e+03
2.420000e-06	8.291907e-10	1.988022e-08	5.887750e+00	1.183223e+03
2.430000e-06	7.018334e-10	1.972266e-08	4.983501e+00	1.173807e+03
2.440000e-06	5.742219e-10	1.956263e-08	4.077446e+00	1.164175e+03
2.450000e-06	4.463873e-10	1.939536e-08	3.169808e+00	1.154339e+03
2.460000e-06	3.183901e-10	1.921929e-08	2.261014e+00	1.144299e+03
2.470000e-06	1.902773e-10	1.904130e-08	1.351400e+00	1.134030e+03
2.480000e-06	6.209109e-11	1.886422e-08	4.412635e-01	1.123481e+03
2.490000e-06	-6.611286e-11	1.868311e-08	-4.689990e-01	1.112579e+03
2.500000e-06	-1.942756e-10	1.849400e-08	-1.378969e+00	1.101251e+03
2.510000e-06	-3.223677e-10	1.829780e-08	-2.288437e+00	1.089436e+03
2.520000e-06	-4.503452e-10	1.809455e-08	-3.197091e+00	1.077110e+03
2.530000e-06	-5.781602e-10	1.787927e-08	-4.104592e+00	1.064285e+03
2.540000e-06	-7.057747e-10	1.765167e-08	-5.010669e+00	1.051012e+03
2.550000e-06	-8.331070e-10	1.741769e-08	-5.914743e+00	1.037355e+03
2.560000e-06	-9.600729e-10	1.718264e-08	-6.816215e+00	1.023374e+03
2.570000e-06	-1.086655e-09	1.694526e-08	-7.714963e+00	1.009101e+03
2.580000e-06	-1.212848e-09	1.670221e-08	-8.610942e+00	9.945233e+02
2.590000e-06	-1.338596e-09	1.645317e-08	-9.503767e+00	9.795856e+02
2.600000e-06	-1.463855e-09	1.619606e-08	-1.039312e+01	9.641946e+02
2.610000e-06	-1.588554e-09	1.592840e-08	-1.127850e+01	9.482346e+02
2.620000e-06	-1.712614e-09	1.564775e-08	-1.215934e+01	9.315789e+02
2.630000e-06	-1.836009e-09	1.535312e-08	-1.303546e+01	9.140943e+02
2.640000e-06	-1.958726e-09	1.504412e-08	-1.390676e+01	8.956357e+02
2.650000e-06	-2.080742e-09	1.471574e-08	-1.477309e+01	8.760331e+02
2.660000e-06	-2.202050e-09	1.436267e-08	-1.563439e+01	8.550748e+02
2.670000e-06	-2.322626e-09	1.398341e-08	-1.649050e+01	8.324947e+02
2.680000e-06	-2.442372e-09	1.357464e-08	-1.734071e+01	8.079654e+02
2.690000e-06	-2.561195e-09	1.312803e-08	-1.818436e+01	7.810970e+02
2.700000e-06	-2.679026e-09	1.263352e-08	-1.902098e+01	7.514379e+02
2.710000e-06	-2.795774e-09	1.208422e-08	-1.984990e+01	7.184711e+02
2.720000e-06	-2.911373e-09	1.147171e-08	-2.067067e+01	6.816049e+02
2.730000e-06	-3.025781e-09	1.078136e-08	-2.148298e+01	6.401582e+02
2.740000e-06	-3.138956e-09	9.998647e-09	-2.228654e+01	5.933541e+02
2.750000e-06	-3.250856e-09	9.112911e-09	-2.308104e+01	5.403342e+02
2.760000e-06	-3.361443e-09	8.112823e-09	-2.386622e+01	4.802100e+02
2.770000e-06	-3.470783e-09	6.982832e-09	-2.464255e+01	4.121597e+02
2.780000e-06	-3.578974e-09	5.709533e-09	-2.541072e+01	3.355650e+02
2.790000e-06	-3.686036e-09	4.288307e-09	-2.617088e+01	2.501696e+02
2.800000e-06	-3.791915e-09	2.723068e-09	-2.692264e+01	1.562266e+02
2.810000e-06	-3.896514e-09	1.026408e-09	-2.766530e+01	5.459782e+01
2.820000e-06	-3.999692e-09	-7.781877e-10	-2.839788e+01	-5.322726e+01
2.830000e-06	-4.101315e-09	-2.656557e-09	-2.911942e+01	-1.652103e+02
2.840000e-06	-4.201381e-09	-4.566407e-09	-2.982990e+01	-2.789358e+02
2.850000e-06	-4.299996e-09	-6.463847e-09	-3.053009e+01	-3.918488e+02
2.860000e-06	-4.397199e-09	-8.308674e-09	-3.122024e+01	-5.015156e+02
2.870000e-06	-4.492907e-09	-1.006666e-08	-3.189979e+01	-6.058567e+02
2.880000e-06	-4.586997e-09	-1.171142e-08	-3.256784e+01	-7.033114e+02
2.890000e-06	-4.679416e-09	-1.322620e-08	-3.322403e+01	-7.929085e+02
2.900000e-06	-4.770213e-09	-1.460475e-08	-3.386870e+01	-8.742403e+02
2.910000e-06	-4.859373e-09	-1.584616e-08	-3.450175e+01	-9.473632e+02
2.920000e-06	-4.946777e-09	-1.695487e-08	-3.512234e+01	-1.012656e+03
2.930000e-06	-5.032344e-09	-1.793959e-08	-3.572987e+01	-1.070675e+03
2.940000e-06	-5.116098e-09	-1.880936e-08	-3.632454e+01	-1.122041e+03
2.950000e-06	-5.198123e-09	-1.957584e-08	-3.690694e+01	-1.167366e+03
2.960000e-06	-5.278381e-09	-2.025112e-08	-3.747678e+01	-1.207228e+03
2.970000e-06	-5.356652e-09	-2.084504e-08	-3.803252e+01	-1.242176e+03
2.980000e-06	-5.432778e-09	-2.136533e-08	-3.857303e+01	-1.272747e+03
2.990000e-06	-5.506815e-09	-2.182029e-08	-3.909871e+01	-1.299470e+03
3.000000e-06	-5.578869e-09	-2.221982e-08	-3.961030e+01	-1.322870e+03
3.010000e-06	-5.648884e-09	-2.257155e-08	-4.010742e+01	-1.343440e+03
3.020000e-06	-5.716796e-09	-2.288099e-08	-4.058961e+01	-1.361616e+03
3.030000e-06	-5.782723e-09	-2.315400e-08	-4.105770e+01	-1.377756e+03
3.040000e-06	-5.846711e-09	-2.339703e-08	-4.151204e+01	-1.392133e+03
3.050000e-06	-5.908604e-09	-2.361476e-08	-4.195149e+01	-1.404943e+03
3.060000e-06	-5.968295e-09	-2.380981e-08	-4.237531e+01	-1.416336e+03
3.070000e-06	-6.025851e-09	-2.398342e-08	-4.278397e+01	-1.426439e+03
3.080000e-06	-6.081337e-09	-2.413728e-08	-4.317793e+01	-1.435384e+03
3.090000e-06	-6.134562e-09	-2.427435e-08	-4.355584e+01	-1.443315e+03
3.100000e-06	-6.185293e-09	-2.439744e-08	-4.391604e+01	-1.450386e+03
3.110000e-06	-6.233481e-09	-2.450768e-08	-4.425819e+01	-1.456741e+03
3.120000e-06	-6.279319e-09	-2.460606e-08	-4.458365e+01	-1.462497e+03
3.130000e-06	-6.323108e-09	-2.469449e-08	-4.489457e+01	-1.467734e+03
3.140000e-06	-6.364894e-09	-2.477449e-08	-4.519126e+01	-1.472490e+03
3.150000e-06	-6.404558e-09	-2.484578e-08	-4.547289e+01	-1.476779e+03
3.160000e-06	-6.441943e-09	-2.490916e-08	-4.573833e+01	-1.480604e+03
3.170000e-06	-6.477039e-09	-2.496735e-08	-4.598752e+01	-1.483977e+03
3.180000e-06	-6.509906e-09	-2.502160e-08	-4.622089e+01	-1.486930e+03
3.190000e-06	-6.540422e-09	-2.506954e-08	-4.643756e+01	-1.489517e+03
3.200000e-06	-6.568531e-09	-2.510972e-08	-4.663715e+01	-1.491798e+03
3.210000e-06	-6.594344e-09	-2.514394e-08	-4.682043e+01	-1.493829e+03
3.220000e-06	-6.617865e-09	-2.517391e-08	-4.698744e+01	-1.495648e+03
3.230000e-06	-6.638980e-09	-2.520010e-08	-4.713737e+01	-1.497266e+03
3.240000e-06	-6.657753e-09	-2.522233e-08	-4.727066e+01	-1.498675e+03
3.250000e-06	-6.674251e-09	-2.524291e-08	-4.738781e+01	-1.499858e+03
3.260000e-06	-6.688231e-09	-2.526304e-08	-4.748708e+01	-1.500802e+03
3.270000e-06	-6.699580e-09	-2.527985e-08	-4.756767e+01	-1.501512e+03
3.280000e-06	-6.708510e-09	-2.529048e-08	-4.763107e+01	-1.502014e+03
3.290000e-06	-6.715070e-09	-2.529694e-08	-4.767766e+01	-1.502346e+03
3.300000e-06	-6.719219e-09	-2.530162e-08	-4.770712e+01	-1.502553e+03
3.310000e-06	-6.721087e-09	-2.530341e-08	-4.772039e+01	-1.502666e+03
