# Configuracion:
# Concentracion g/m^3_=_20000.0
# C_Vs_to_Am_M_A/Vsm_=_59384043850.047264
# pendiente_HvsI_1/m_=_3716.3
# ordenada_HvsI_A/m_=_1297.0
# frecuencia_ref_Hz_=_301137.1741380986
# 
Resultados:
# tau_ns_=_(2.05+/-0.10)e+02
# dphi_rad_=_6.65+/-0.02
# SAR_W/g_=_768.08+/-78.52
# Hc_kA/m_=_18.57+/-0.90
# Mr_A/m_=_390.53+/-44.96
# Magnetizacion_max_=_907.63+/-49.09
# Suceptibilidad_a_M=0_=_(3.053+/-0.470)e-02

Nombre_archivo	Time_m_(s)	Temperatura_(ºC)	Mr_(A/m)	Hc_(kA/m)	Campo_max_(A/m)	Mag_max_(A/m)	f0	mag0	dphi0	SAR_(W/g)	Tau_(ns)	N	xi_M_0
300kHz_100dA_100Mss_bobN1M21-0007.txt	5.83	22.78	298.29	15.74	38460.00	842.09	3.011400e+05	6.210091e+01	6.602927e+00	602.52	175.003293	4649	2.227e-02
300kHz_100dA_100Mss_bobN1M21-0008.txt	6.27	23.83	305.89	16.48	38460.00	824.88	3.011400e+05	6.105453e+01	6.616185e+00	616.03	182.813081	4649	2.241e-02
300kHz_100dA_100Mss_bobN1M21-0009.txt	6.72	25.04	311.31	16.75	38460.00	825.04	3.011400e+05	6.112858e+01	6.621892e+00	626.95	186.196923	4649	2.305e-02
300kHz_100dA_100Mss_bobN1M21-0010.txt	7.22	26.11	316.76	17.03	38460.00	826.04	3.011400e+05	6.134178e+01	6.626809e+00	637.91	189.124460	4649	2.339e-02
300kHz_100dA_100Mss_bobN1M21-0011.txt	7.68	26.75	322.62	17.16	38460.00	834.26	3.011400e+05	6.200876e+01	6.628683e+00	648.22	190.241942	4649	2.353e-02
300kHz_100dA_100Mss_bobN1M21-0012.txt	8.12	27.54	328.76	17.28	38460.00	841.58	3.011400e+05	6.262696e+01	6.630637e+00	658.24	191.410251	4649	2.430e-02
300kHz_100dA_100Mss_bobN1M21-0013.txt	8.57	28.80	331.06	17.41	38460.00	841.19	3.011400e+05	6.266269e+01	6.633009e+00	662.92	192.829239	4649	2.463e-02
300kHz_100dA_100Mss_bobN1M21-0014.txt	9.03	30.09	336.19	17.52	38460.00	848.17	3.011400e+05	6.328849e+01	6.634653e+00	672.56	193.814681	4649	2.500e-02
300kHz_100dA_100Mss_bobN1M21-0015.txt	9.5	31.45	338.54	17.63	38460.00	847.58	3.011400e+05	6.325054e+01	6.637310e+00	677.02	195.409802	4649	2.487e-02
300kHz_100dA_100Mss_bobN1M21-0016.txt	9.94	32.73	342.82	17.72	38460.00	854.03	3.011400e+05	6.378800e+01	6.638674e+00	685.30	196.227807	4649	2.538e-02
300kHz_100dA_100Mss_bobN1M21-0017.txt	10.39	34.03	347.47	17.84	38460.00	858.69	3.011400e+05	6.421772e+01	6.640365e+00	693.05	197.246150	4649	2.588e-02
300kHz_100dA_100Mss_bobN1M21-0018.txt	10.85	35.36	350.99	17.91	38460.00	862.41	3.011400e+05	6.455376e+01	6.641538e+00	698.87	197.954130	4649	2.624e-02
300kHz_100dA_100Mss_bobN1M21-0019.txt	11.76	37.93	354.47	18.10	38460.00	862.88	3.011400e+05	6.464303e+01	6.645287e+00	706.84	200.216599	4649	2.671e-02
300kHz_100dA_100Mss_bobN1M21-0020.txt	12.21	39.21	359.47	18.18	38460.00	868.24	3.011400e+05	6.511660e+01	6.646977e+00	715.19	201.237426	4649	2.683e-02
300kHz_100dA_100Mss_bobN1M21-0021.txt	12.66	40.51	361.34	18.28	38460.00	869.27	3.011400e+05	6.523992e+01	6.648848e+00	720.07	202.371874	4649	2.718e-02
300kHz_100dA_100Mss_bobN1M21-0022.txt	13.11	41.82	369.43	18.33	38460.00	882.34	3.011400e+05	6.635764e+01	6.648685e+00	732.09	202.273522	4649	2.783e-02
300kHz_100dA_100Mss_bobN1M21-0023.txt	13.58	43.18	369.37	18.39	38460.00	881.07	3.011400e+05	6.624302e+01	6.650095e+00	733.52	203.127478	4649	2.792e-02
300kHz_100dA_100Mss_bobN1M21-0024.txt	14.03	44.49	373.42	18.49	38460.00	883.55	3.011400e+05	6.649146e+01	6.652184e+00	740.27	204.396959	4649	2.845e-02
300kHz_100dA_100Mss_bobN1M21-0025.txt	14.48	45.79	376.67	18.56	38460.00	887.21	3.011400e+05	6.682972e+01	6.653269e+00	746.12	205.056035	4649	2.887e-02
300kHz_100dA_100Mss_bobN1M21-0026.txt	14.98	47.24	379.74	18.60	38460.00	891.66	3.011400e+05	6.717681e+01	6.654009e+00	751.43	205.506251	4649	2.885e-02
300kHz_100dA_100Mss_bobN1M21-0027.txt	15.43	48.55	384.39	18.66	38460.00	897.73	3.011400e+05	6.772448e+01	6.654769e+00	759.03	205.968502	4649	2.929e-02
300kHz_100dA_100Mss_bobN1M21-0028.txt	15.88	49.85	383.84	18.72	38460.00	895.72	3.011400e+05	6.753223e+01	6.656333e+00	759.91	206.919622	4649	2.907e-02
300kHz_100dA_100Mss_bobN1M21-0029.txt	16.33	52.01	391.38	18.75	38460.00	906.55	3.011400e+05	6.851348e+01	6.656553e+00	771.39	207.055396	4649	3.059e-02
300kHz_100dA_100Mss_bobN1M21-0030.txt	16.78	54.49	391.47	18.82	38460.00	904.75	3.011400e+05	6.836603e+01	6.658040e+00	772.65	207.963836	4649	3.050e-02
300kHz_100dA_100Mss_bobN1M21-0031.txt	17.23	55.70	396.27	18.91	38460.00	908.09	3.010753e+05	6.875754e+01	6.659657e+00	780.10	208.950763	4650	3.062e-02
300kHz_100dA_100Mss_bobN1M21-0032.txt	17.68	55.70	400.09	18.90	38460.00	915.09	3.011400e+05	6.929420e+01	6.659526e+00	786.10	208.871083	4649	3.132e-02
300kHz_100dA_100Mss_bobN1M21-0033.txt	18.13	56.42	401.49	18.97	38460.00	914.96	3.011400e+05	6.929155e+01	6.661173e+00	789.34	209.879123	4649	3.111e-02
300kHz_100dA_100Mss_bobN1M21-0034.txt	18.59	58.94	405.30	19.03	38460.00	919.27	3.011400e+05	6.968635e+01	6.662239e+00	795.97	210.532571	4649	3.159e-02
300kHz_100dA_100Mss_bobN1M21-0035.txt	19.06	61.36	407.48	19.07	38460.00	922.33	3.011400e+05	6.997530e+01	6.662537e+00	799.87	210.714417	4649	3.157e-02
300kHz_100dA_100Mss_bobN1M21-0036.txt	19.52	62.60	413.29	19.10	38460.00	929.68	3.011400e+05	7.063738e+01	6.662729e+00	807.83	210.831331	4649	3.226e-02
300kHz_100dA_100Mss_bobN1M21-0037.txt	19.97	63.82	413.76	19.14	38460.00	931.31	3.011400e+05	7.075035e+01	6.663295e+00	810.27	211.178597	4649	3.301e-02
300kHz_100dA_100Mss_bobN1M21-0038.txt	20.87	66.34	415.72	19.22	38460.00	930.06	3.011400e+05	7.064291e+01	6.665672e+00	813.85	212.636852	4649	3.285e-02
300kHz_100dA_100Mss_bobN1M21-0039.txt	21.32	67.53	419.87	19.20	38460.00	937.95	3.010753e+05	7.135361e+01	6.664813e+00	820.10	212.110207	4650	3.307e-02
300kHz_100dA_100Mss_bobN1M21-0040.txt	21.77	68.70	422.94	19.25	38460.00	941.90	3.011400e+05	7.167502e+01	6.665506e+00	825.40	212.535879	4649	3.388e-02
300kHz_100dA_100Mss_bobN1M21-0041.txt	22.23	69.92	425.11	19.27	38460.00	944.90	3.011400e+05	7.194117e+01	6.666083e+00	829.65	212.887429	4649	3.397e-02
300kHz_100dA_100Mss_bobN1M21-0042.txt	22.7	71.19	431.64	19.26	38460.00	954.96	3.011400e+05	7.285389e+01	6.665221e+00	838.38	212.356772	4649	3.490e-02
300kHz_100dA_100Mss_bobN1M21-0043.txt	23.16	72.43	430.90	19.35	38460.00	950.47	3.011400e+05	7.248305e+01	6.667413e+00	838.66	213.705423	4649	3.540e-02
300kHz_100dA_100Mss_bobN1M21-0044.txt	23.61	73.65	432.87	19.32	38460.00	955.64	3.011400e+05	7.289631e+01	6.666603e+00	841.75	213.206634	4649	3.492e-02
300kHz_100dA_100Mss_bobN1M21-0045.txt	24.09	74.92	434.31	19.36	38460.00	955.49	3.011400e+05	7.291858e+01	6.667655e+00	844.20	213.853941	4649	3.496e-02
300kHz_100dA_100Mss_bobN1M21-0046.txt	24.54	76.05	437.23	19.34	38460.00	962.25	3.011400e+05	7.345072e+01	6.666918e+00	848.82	213.402167	4649	3.556e-02
300kHz_100dA_100Mss_bobN1M21-0047.txt	24.99	77.18	437.56	19.41	38460.00	958.90	3.011400e+05	7.319706e+01	6.668809e+00	849.84	214.565124	4649	3.565e-02
300kHz_100dA_100Mss_bobN1M21-0048.txt	25.43	78.28	440.79	19.37	38460.00	965.71	3.011400e+05	7.380198e+01	6.667479e+00	854.06	213.747072	4649	3.571e-02
300kHz_100dA_100Mss_bobN1M21-0049.txt	25.89	79.43	442.21	19.42	38460.00	967.35	3.011400e+05	7.395623e+01	6.668312e+00	857.61	214.259172	4649	3.610e-02
300kHz_100dA_100Mss_bobN1M21-0050.txt	26.33	80.53	444.90	19.40	38460.00	971.26	3.011400e+05	7.427784e+01	6.668082e+00	860.85	214.117139	4649	3.622e-02
300kHz_100dA_100Mss_bobN1M21-0051.txt	26.79	81.68	444.80	19.43	38460.00	971.39	3.011400e+05	7.426367e+01	6.668902e+00	862.43	214.621843	4649	3.682e-02
300kHz_100dA_100Mss_bobN1M21-0052.txt	27.25	82.88	450.94	19.41	38460.00	980.38	3.011400e+05	7.509177e+01	6.667794e+00	869.66	213.939608	4649	3.705e-02
300kHz_100dA_100Mss_bobN1M21-0053.txt	27.7	84.09	451.39	19.43	38460.00	980.07	3.011400e+05	7.505387e+01	6.668451e+00	870.63	214.345423	4649	3.785e-02
300kHz_100dA_100Mss_bobN1M21-0054.txt	28.15	84.90	453.44	19.47	38460.00	980.83	3.011400e+05	7.515201e+01	6.669538e+00	874.11	215.014466	4649	3.781e-02
300kHz_100dA_100Mss_bobN1M21-0055.txt	28.59	84.90	455.85	19.46	38460.00	986.76	3.011400e+05	7.565806e+01	6.668794e+00	878.38	214.557339	4649	3.856e-02
