# Temperatura_=_49.326
# Concentracion g/m^3_=_20000.0
# C_Vs_to_Am_M_A/Vsm_=_59384043850.047264
# pendiente_HvsI_1/m_=_3716.3
# ordenada_HvsI_A/m_=_1297.0
# frecuencia_Hz_=_301147.9942734816
# Promedio de 45 ciclos

Tiempo_(s)	Campo_(V.s)	Magnetizacion_(V.s)	Campo_(kA/m)	Magnetizacion_(A/m)
0.000000e+00	-5.414767e-09	-1.419200e-08	-3.825907e+01	-8.418482e+02
1.000000e-08	-5.412607e-09	-1.419439e-08	-3.824380e+01	-8.419724e+02
2.000000e-08	-5.408546e-09	-1.419421e-08	-3.821511e+01	-8.418918e+02
3.000000e-08	-5.402830e-09	-1.418749e-08	-3.817472e+01	-8.415964e+02
4.000000e-08	-5.395488e-09	-1.417649e-08	-3.812284e+01	-8.410629e+02
5.000000e-08	-5.386383e-09	-1.416249e-08	-3.805851e+01	-8.402662e+02
6.000000e-08	-5.375218e-09	-1.414867e-08	-3.797962e+01	-8.391932e+02
7.000000e-08	-5.362039e-09	-1.413534e-08	-3.788651e+01	-8.378519e+02
8.000000e-08	-5.346730e-09	-1.408747e-08	-3.777834e+01	-8.362735e+02
9.000000e-08	-5.328950e-09	-1.402358e-08	-3.765271e+01	-8.345065e+02
1.000000e-07	-5.308945e-09	-1.400896e-08	-3.751136e+01	-8.326041e+02
1.100000e-07	-5.287116e-09	-1.400316e-08	-3.735712e+01	-8.306090e+02
1.200000e-07	-5.263766e-09	-1.398786e-08	-3.719214e+01	-8.285419e+02
1.300000e-07	-5.239238e-09	-1.398544e-08	-3.701883e+01	-8.263964e+02
1.400000e-07	-5.213189e-09	-1.388122e-08	-3.683478e+01	-8.241427e+02
1.500000e-07	-5.185147e-09	-1.382189e-08	-3.663664e+01	-8.217382e+02
1.600000e-07	-5.155466e-09	-1.385839e-08	-3.642692e+01	-8.191417e+02
1.700000e-07	-5.124238e-09	-1.374642e-08	-3.620627e+01	-8.163258e+02
1.800000e-07	-5.090888e-09	-1.365860e-08	-3.597063e+01	-8.132842e+02
1.900000e-07	-5.055568e-09	-1.363695e-08	-3.572108e+01	-8.100308e+02
2.000000e-07	-5.018723e-09	-1.357116e-08	-3.546074e+01	-8.065927e+02
2.100000e-07	-4.980136e-09	-1.355752e-08	-3.518810e+01	-8.029995e+02
2.200000e-07	-4.939839e-09	-1.348725e-08	-3.490336e+01	-7.992735e+02
2.300000e-07	-4.897660e-09	-1.337213e-08	-3.460534e+01	-7.954233e+02
2.400000e-07	-4.853464e-09	-1.333063e-08	-3.429307e+01	-7.914443e+02
2.500000e-07	-4.807506e-09	-1.326130e-08	-3.396835e+01	-7.873232e+02
2.600000e-07	-4.759765e-09	-1.318880e-08	-3.363102e+01	-7.830464e+02
2.700000e-07	-4.710090e-09	-1.309977e-08	-3.328004e+01	-7.786062e+02
2.800000e-07	-4.658334e-09	-1.300820e-08	-3.291434e+01	-7.740057e+02
2.900000e-07	-4.604637e-09	-1.296778e-08	-3.253494e+01	-7.692569e+02
3.000000e-07	-4.549324e-09	-1.288117e-08	-3.214411e+01	-7.643769e+02
3.100000e-07	-4.492454e-09	-1.277052e-08	-3.174228e+01	-7.593811e+02
3.200000e-07	-4.433839e-09	-1.268249e-08	-3.132813e+01	-7.542785e+02
3.300000e-07	-4.373546e-09	-1.262332e-08	-3.090212e+01	-7.490691e+02
3.400000e-07	-4.311813e-09	-1.253949e-08	-3.046593e+01	-7.437455e+02
3.500000e-07	-4.248702e-09	-1.241833e-08	-3.002001e+01	-7.382974e+02
3.600000e-07	-4.184125e-09	-1.232644e-08	-2.956373e+01	-7.327161e+02
3.700000e-07	-4.117843e-09	-1.223712e-08	-2.909540e+01	-7.269987e+02
3.800000e-07	-4.049862e-09	-1.213951e-08	-2.861507e+01	-7.211487e+02
3.900000e-07	-3.980459e-09	-1.203698e-08	-2.812469e+01	-7.151747e+02
4.000000e-07	-3.909788e-09	-1.192349e-08	-2.762535e+01	-7.090864e+02
4.100000e-07	-3.837859e-09	-1.183227e-08	-2.711712e+01	-7.028910e+02
4.200000e-07	-3.764493e-09	-1.173636e-08	-2.659873e+01	-6.965913e+02
4.300000e-07	-3.689495e-09	-1.162275e-08	-2.606882e+01	-6.901857e+02
4.400000e-07	-3.612942e-09	-1.150298e-08	-2.552793e+01	-6.836706e+02
4.500000e-07	-3.534959e-09	-1.139326e-08	-2.497692e+01	-6.770435e+02
4.600000e-07	-3.455528e-09	-1.128697e-08	-2.441569e+01	-6.703052e+02
4.700000e-07	-3.374733e-09	-1.116190e-08	-2.384482e+01	-6.634604e+02
4.800000e-07	-3.292704e-09	-1.104347e-08	-2.326522e+01	-6.565163e+02
4.900000e-07	-3.209548e-09	-1.093246e-08	-2.267767e+01	-6.494791e+02
5.000000e-07	-3.125392e-09	-1.082383e-08	-2.208305e+01	-6.423518e+02
5.100000e-07	-3.040311e-09	-1.070131e-08	-2.148189e+01	-6.351315e+02
5.200000e-07	-2.954266e-09	-1.057057e-08	-2.087392e+01	-6.278110e+02
5.300000e-07	-2.867248e-09	-1.044518e-08	-2.025908e+01	-6.203808e+02
5.400000e-07	-2.779332e-09	-1.031674e-08	-1.963789e+01	-6.128329e+02
5.500000e-07	-2.690452e-09	-1.018407e-08	-1.900990e+01	-6.051640e+02
5.600000e-07	-2.600451e-09	-1.004969e-08	-1.837397e+01	-5.973768e+02
5.700000e-07	-2.509340e-09	-9.924497e-09	-1.773022e+01	-5.894793e+02
5.800000e-07	-2.417320e-09	-9.796529e-09	-1.708003e+01	-5.814817e+02
5.900000e-07	-2.324540e-09	-9.657230e-09	-1.642447e+01	-5.733928e+02
6.000000e-07	-2.231003e-09	-9.515626e-09	-1.576357e+01	-5.652169e+02
6.100000e-07	-2.136673e-09	-9.377282e-09	-1.509706e+01	-5.569528e+02
6.200000e-07	-2.041572e-09	-9.238110e-09	-1.442511e+01	-5.485949e+02
6.300000e-07	-1.945795e-09	-9.093190e-09	-1.374838e+01	-5.401359e+02
6.400000e-07	-1.849361e-09	-8.948494e-09	-1.306701e+01	-5.315707e+02
6.500000e-07	-1.752178e-09	-8.806352e-09	-1.238035e+01	-5.228986e+02
6.600000e-07	-1.654204e-09	-8.662751e-09	-1.168809e+01	-5.141244e+02
6.700000e-07	-1.555513e-09	-8.512334e-09	-1.099077e+01	-5.052566e+02
6.800000e-07	-1.456211e-09	-8.359332e-09	-1.028914e+01	-4.963046e+02
6.900000e-07	-1.356392e-09	-8.209125e-09	-9.583841e+00	-4.872756e+02
7.000000e-07	-1.256134e-09	-8.058954e-09	-8.875453e+00	-4.781709e+02
7.100000e-07	-1.155493e-09	-7.904344e-09	-8.164352e+00	-4.689860e+02
7.200000e-07	-1.054494e-09	-7.746124e-09	-7.450721e+00	-4.597104e+02
7.300000e-07	-9.531527e-10	-7.589579e-09	-6.734677e+00	-4.503304e+02
7.400000e-07	-8.514887e-10	-7.433039e-09	-6.016351e+00	-4.408320e+02
7.500000e-07	-7.495195e-10	-7.270518e-09	-5.295868e+00	-4.312038e+02
7.600000e-07	-6.472714e-10	-7.102384e-09	-4.573414e+00	-4.214381e+02
7.700000e-07	-5.447966e-10	-6.935999e-09	-3.849359e+00	-4.115319e+02
7.800000e-07	-4.421387e-10	-6.771207e-09	-3.124010e+00	-4.014850e+02
7.900000e-07	-3.393294e-10	-6.601425e-09	-2.397591e+00	-3.912980e+02
8.000000e-07	-2.364030e-10	-6.423689e-09	-1.670344e+00	-3.809692e+02
8.100000e-07	-1.333914e-10	-6.246194e-09	-9.424959e-01	-3.704918e+02
8.200000e-07	-3.032968e-11	-6.071580e-09	-2.142936e-01	-3.598511e+02
8.300000e-07	7.274646e-11	-5.890109e-09	5.140108e-01	-3.490235e+02
8.400000e-07	1.757924e-10	-5.700406e-09	1.242102e+00	-3.379773e+02
8.500000e-07	2.787616e-10	-5.509051e-09	1.969651e+00	-3.266759e+02
8.600000e-07	3.816310e-10	-5.318002e-09	2.696494e+00	-3.150836e+02
8.700000e-07	4.843755e-10	-5.119398e-09	3.422455e+00	-3.031729e+02
8.800000e-07	5.869562e-10	-4.908996e-09	4.147259e+00	-2.909323e+02
8.900000e-07	6.893245e-10	-4.694786e-09	4.870562e+00	-2.783723e+02
9.000000e-07	7.914318e-10	-4.481638e-09	5.592020e+00	-2.655279e+02
9.100000e-07	8.932567e-10	-4.262026e-09	6.311483e+00	-2.524552e+02
9.200000e-07	9.947724e-10	-4.034505e-09	7.028761e+00	-2.392226e+02
9.300000e-07	1.095955e-09	-3.808716e-09	7.743684e+00	-2.258985e+02
9.400000e-07	1.196801e-09	-3.589027e-09	8.456233e+00	-2.125370e+02
9.500000e-07	1.297290e-09	-3.367511e-09	9.166259e+00	-1.991666e+02
9.600000e-07	1.397378e-09	-3.137360e-09	9.873452e+00	-1.857840e+02
9.700000e-07	1.496987e-09	-2.905799e-09	1.057726e+01	-1.723558e+02
9.800000e-07	1.596017e-09	-2.678822e-09	1.127697e+01	-1.588268e+02
9.900000e-07	1.694373e-09	-2.449888e-09	1.197192e+01	-1.451331e+02
1.000000e-06	1.791980e-09	-2.212973e-09	1.266159e+01	-1.312151e+02
1.010000e-06	1.888831e-09	-1.971393e-09	1.334590e+01	-1.170276e+02
1.020000e-06	1.984952e-09	-1.727780e-09	1.402506e+01	-1.025432e+02
1.030000e-06	2.080362e-09	-1.479391e-09	1.469920e+01	-8.774867e+01
1.040000e-06	2.175060e-09	-1.222324e-09	1.536831e+01	-7.263591e+01
1.050000e-06	2.269023e-09	-9.588837e-10	1.603222e+01	-5.719142e+01
1.060000e-06	2.362263e-09	-6.939149e-10	1.669102e+01	-4.138796e+01
1.070000e-06	2.454811e-09	-4.232704e-10	1.734494e+01	-2.518149e+01
1.080000e-06	2.546612e-09	-1.410343e-10	1.799358e+01	-8.514581e+00
1.090000e-06	2.637464e-09	1.530650e-10	1.863551e+01	8.675201e+00
1.100000e-06	2.727174e-09	4.546083e-10	1.926938e+01	2.644504e+01
1.110000e-06	2.815766e-09	7.640548e-10	1.989534e+01	4.483843e+01
1.120000e-06	2.903361e-09	1.084514e-09	2.051426e+01	6.388135e+01
1.130000e-06	2.990001e-09	1.417151e-09	2.112643e+01	8.358408e+01
1.140000e-06	3.075661e-09	1.760620e-09	2.173167e+01	1.039472e+02
1.150000e-06	3.160364e-09	2.115443e-09	2.233016e+01	1.249691e+02
1.160000e-06	3.244102e-09	2.483645e-09	2.292183e+01	1.466509e+02
1.170000e-06	3.326692e-09	2.862601e-09	2.350538e+01	1.689973e+02
1.180000e-06	3.408001e-09	3.250579e-09	2.407988e+01	1.920115e+02
1.190000e-06	3.488034e-09	3.648446e-09	2.464537e+01	2.156867e+02
1.200000e-06	3.566816e-09	4.058598e-09	2.520203e+01	2.399962e+02
1.210000e-06	3.644355e-09	4.480206e-09	2.574989e+01	2.648861e+02
1.220000e-06	3.720629e-09	4.909493e-09	2.628882e+01	2.902726e+02
1.230000e-06	3.795447e-09	5.344799e-09	2.681746e+01	3.160450e+02
1.240000e-06	3.868655e-09	5.785676e-09	2.733473e+01	3.420732e+02
1.250000e-06	3.940379e-09	6.228134e-09	2.784150e+01	3.682167e+02
1.260000e-06	4.010726e-09	6.668000e-09	2.833856e+01	3.943329e+02
1.270000e-06	4.079738e-09	7.103334e-09	2.882617e+01	4.202823e+02
1.280000e-06	4.147421e-09	7.535398e-09	2.930440e+01	4.459308e+02
1.290000e-06	4.213536e-09	7.961984e-09	2.977154e+01	4.711490e+02
1.300000e-06	4.277987e-09	8.377237e-09	3.022694e+01	4.958123e+02
1.310000e-06	4.340965e-09	8.780653e-09	3.067192e+01	5.198011e+02
1.320000e-06	4.402548e-09	9.171254e-09	3.110705e+01	5.430048e+02
1.330000e-06	4.462795e-09	9.546253e-09	3.153274e+01	5.653271e+02
1.340000e-06	4.521515e-09	9.904068e-09	3.194763e+01	5.866915e+02
1.350000e-06	4.578424e-09	1.024401e-08	3.234973e+01	6.070460e+02
1.360000e-06	4.633618e-09	1.056740e-08	3.273972e+01	6.263629e+02
1.370000e-06	4.687187e-09	1.087433e-08	3.311821e+01	6.446365e+02
1.380000e-06	4.738893e-09	1.116385e-08	3.348355e+01	6.618766e+02
1.390000e-06	4.788521e-09	1.143540e-08	3.383421e+01	6.781017e+02
1.400000e-06	4.836240e-09	1.168940e-08	3.417138e+01	6.933339e+02
1.410000e-06	4.882293e-09	1.192855e-08	3.449678e+01	7.075960e+02
1.420000e-06	4.926792e-09	1.215286e-08	3.481119e+01	7.209122e+02
1.430000e-06	4.969553e-09	1.236076e-08	3.511333e+01	7.333096e+02
1.440000e-06	5.010367e-09	1.255192e-08	3.540170e+01	7.448213e+02
1.450000e-06	5.049404e-09	1.272937e-08	3.567753e+01	7.554868e+02
1.460000e-06	5.086809e-09	1.289396e-08	3.594182e+01	7.653501e+02
1.470000e-06	5.122533e-09	1.304521e-08	3.619423e+01	7.744564e+02
1.480000e-06	5.156327e-09	1.318462e-08	3.643301e+01	7.828479e+02
1.490000e-06	5.188197e-09	1.331308e-08	3.665819e+01	7.905610e+02
1.500000e-06	5.218364e-09	1.342972e-08	3.687135e+01	7.976266e+02
1.510000e-06	5.246877e-09	1.353405e-08	3.707281e+01	8.040730e+02
1.520000e-06	5.273501e-09	1.362953e-08	3.726092e+01	8.099297e+02
1.530000e-06	5.298016e-09	1.371784e-08	3.743414e+01	8.152311e+02
1.540000e-06	5.320619e-09	1.379861e-08	3.759385e+01	8.200173e+02
1.550000e-06	5.341529e-09	1.387191e-08	3.774159e+01	8.243317e+02
1.560000e-06	5.360679e-09	1.393865e-08	3.787690e+01	8.282148e+02
1.570000e-06	5.377839e-09	1.399855e-08	3.799814e+01	8.316982e+02
1.580000e-06	5.392999e-09	1.404905e-08	3.810526e+01	8.348000e+02
1.590000e-06	5.406230e-09	1.409094e-08	3.819875e+01	8.375249e+02
1.600000e-06	5.417331e-09	1.412792e-08	3.827719e+01	8.398685e+02
1.610000e-06	5.426241e-09	1.416075e-08	3.834013e+01	8.418264e+02
1.620000e-06	5.433211e-09	1.418716e-08	3.838938e+01	8.434022e+02
1.630000e-06	5.438425e-09	1.420819e-08	3.842623e+01	8.446144e+02
1.640000e-06	5.441828e-09	1.422505e-08	3.845027e+01	8.454962e+02
1.650000e-06	5.443205e-09	1.423627e-08	3.846000e+01	8.460904e+02
1.660000e-06	5.442660e-09	1.424332e-08	3.845615e+01	8.464388e+02
1.670000e-06	5.440446e-09	1.424364e-08	3.844050e+01	8.465717e+02
1.680000e-06	5.436629e-09	1.423880e-08	3.841353e+01	8.464998e+02
1.690000e-06	5.430965e-09	1.423294e-08	3.837352e+01	8.462138e+02
1.700000e-06	5.423387e-09	1.422420e-08	3.831997e+01	8.456905e+02
1.710000e-06	5.414177e-09	1.421005e-08	3.825489e+01	8.449049e+02
1.720000e-06	5.403319e-09	1.418503e-08	3.817818e+01	8.438431e+02
1.730000e-06	5.390609e-09	1.416706e-08	3.808837e+01	8.425122e+02
1.740000e-06	5.375898e-09	1.419421e-08	3.798443e+01	8.409428e+02
1.750000e-06	5.359026e-09	1.417202e-08	3.786521e+01	8.391830e+02
1.760000e-06	5.339719e-09	1.410440e-08	3.772880e+01	8.372858e+02
1.770000e-06	5.317867e-09	1.403740e-08	3.757440e+01	8.352948e+02
1.780000e-06	5.294050e-09	1.394129e-08	3.740612e+01	8.332316e+02
1.790000e-06	5.269089e-09	1.398959e-08	3.722975e+01	8.310906e+02
1.800000e-06	5.242930e-09	1.399077e-08	3.704491e+01	8.288428e+02
1.810000e-06	5.214907e-09	1.383994e-08	3.684691e+01	8.264457e+02
1.820000e-06	5.184975e-09	1.387658e-08	3.663543e+01	8.238579e+02
1.830000e-06	5.153336e-09	1.386764e-08	3.641187e+01	8.210514e+02
1.840000e-06	5.119771e-09	1.376024e-08	3.617471e+01	8.180191e+02
1.850000e-06	5.084524e-09	1.375566e-08	3.592567e+01	8.147741e+02
1.860000e-06	5.047580e-09	1.362129e-08	3.566463e+01	8.113434e+02
1.870000e-06	5.008654e-09	1.355530e-08	3.538959e+01	8.077566e+02
1.880000e-06	4.968003e-09	1.359257e-08	3.510237e+01	8.040364e+02
1.890000e-06	4.925623e-09	1.347185e-08	3.480292e+01	8.001920e+02
1.900000e-06	4.881631e-09	1.340912e-08	3.449209e+01	7.962191e+02
1.910000e-06	4.835969e-09	1.333496e-08	3.416945e+01	7.921047e+02
1.920000e-06	4.788270e-09	1.326299e-08	3.383243e+01	7.878348e+02
1.930000e-06	4.738820e-09	1.324103e-08	3.348303e+01	7.834019e+02
1.940000e-06	4.687726e-09	1.308014e-08	3.312201e+01	7.788082e+02
1.950000e-06	4.634719e-09	1.302001e-08	3.274749e+01	7.740657e+02
1.960000e-06	4.579756e-09	1.298927e-08	3.235913e+01	7.691914e+02
1.970000e-06	4.522992e-09	1.288668e-08	3.195805e+01	7.642009e+02
1.980000e-06	4.464758e-09	1.278891e-08	3.154659e+01	7.591033e+02
1.990000e-06	4.405074e-09	1.266352e-08	3.112488e+01	7.538991e+02
2.000000e-06	4.343713e-09	1.262984e-08	3.069132e+01	7.485811e+02
2.010000e-06	4.280657e-09	1.252811e-08	3.024579e+01	7.431389e+02
2.020000e-06	4.216050e-09	1.240040e-08	2.978930e+01	7.375638e+02
2.030000e-06	4.150038e-09	1.232784e-08	2.932287e+01	7.318525e+02
2.040000e-06	4.082597e-09	1.222555e-08	2.884636e+01	7.260085e+02
2.050000e-06	4.013629e-09	1.215545e-08	2.835905e+01	7.200400e+02
2.060000e-06	3.943066e-09	1.201578e-08	2.786048e+01	7.139569e+02
2.070000e-06	3.871019e-09	1.190447e-08	2.735141e+01	7.077666e+02
2.080000e-06	3.797623e-09	1.182259e-08	2.683282e+01	7.014719e+02
2.090000e-06	3.722831e-09	1.170769e-08	2.630436e+01	6.950715e+02
2.100000e-06	3.646585e-09	1.159831e-08	2.576564e+01	6.885617e+02
2.110000e-06	3.568734e-09	1.146545e-08	2.521557e+01	6.819399e+02
2.120000e-06	3.489426e-09	1.137945e-08	2.465520e+01	6.752068e+02
2.130000e-06	3.408945e-09	1.126542e-08	2.408654e+01	6.683670e+02
2.140000e-06	3.327333e-09	1.113476e-08	2.350990e+01	6.614276e+02
2.150000e-06	3.244665e-09	1.101147e-08	2.292579e+01	6.543950e+02
2.160000e-06	3.160946e-09	1.089520e-08	2.233426e+01	6.472722e+02
2.170000e-06	3.076066e-09	1.078988e-08	2.173452e+01	6.400567e+02
2.180000e-06	2.989880e-09	1.064655e-08	2.112556e+01	6.327412e+02
2.190000e-06	2.902521e-09	1.052130e-08	2.050831e+01	6.253164e+02
2.200000e-06	2.814179e-09	1.040191e-08	1.988411e+01	6.177741e+02
2.210000e-06	2.724902e-09	1.028013e-08	1.925331e+01	6.101108e+02
2.220000e-06	2.634756e-09	1.014132e-08	1.861636e+01	6.023290e+02
2.230000e-06	2.543773e-09	9.997076e-09	1.797350e+01	5.944366e+02
2.240000e-06	2.452030e-09	9.876783e-09	1.732528e+01	5.864437e+02
2.250000e-06	2.359445e-09	9.745011e-09	1.667110e+01	5.783593e+02
2.260000e-06	2.265866e-09	9.601525e-09	1.600990e+01	5.701878e+02
2.270000e-06	2.171282e-09	9.454453e-09	1.534160e+01	5.619282e+02
2.280000e-06	2.075848e-09	9.320484e-09	1.466729e+01	5.535750e+02
2.290000e-06	1.979797e-09	9.186622e-09	1.398862e+01	5.451211e+02
2.300000e-06	1.883157e-09	9.032604e-09	1.330579e+01	5.365610e+02
2.310000e-06	1.785862e-09	8.877959e-09	1.261833e+01	5.278941e+02
2.320000e-06	1.687917e-09	8.735692e-09	1.192629e+01	5.191247e+02
2.330000e-06	1.589458e-09	8.593635e-09	1.123060e+01	5.102613e+02
2.340000e-06	1.490563e-09	8.437641e-09	1.053185e+01	5.013135e+02
2.350000e-06	1.391210e-09	8.278051e-09	9.829845e+00	4.922885e+02
2.360000e-06	1.291399e-09	8.130972e-09	9.124608e+00	4.831879e+02
2.370000e-06	1.191159e-09	7.983262e-09	8.416344e+00	4.740073e+02
2.380000e-06	1.090529e-09	7.819706e-09	7.705327e+00	4.647365e+02
2.390000e-06	9.894684e-10	7.653290e-09	6.991265e+00	4.553617e+02
2.400000e-06	8.879426e-10	7.496591e-09	6.273917e+00	4.458691e+02
2.410000e-06	7.859921e-10	7.342957e-09	5.553568e+00	4.362470e+02
2.420000e-06	6.836882e-10	7.174806e-09	4.830721e+00	4.264876e+02
2.430000e-06	5.811038e-10	7.001216e-09	4.105892e+00	4.165877e+02
2.440000e-06	4.782793e-10	6.836775e-09	3.379367e+00	4.065471e+02
2.450000e-06	3.752652e-10	6.670940e-09	2.651501e+00	3.963664e+02
2.460000e-06	2.721198e-10	6.492883e-09	1.922708e+00	3.860441e+02
2.470000e-06	1.688697e-10	6.308582e-09	1.193174e+00	3.755736e+02
2.480000e-06	6.555199e-11	6.132674e-09	4.631629e-01	3.649403e+02
2.490000e-06	-3.777953e-11	5.957352e-09	-2.669459e-01	3.541212e+02
2.500000e-06	-1.410625e-10	5.767515e-09	-9.967118e-01	3.430847e+02
2.510000e-06	-2.442619e-10	5.569673e-09	-1.725887e+00	3.317944e+02
2.520000e-06	-3.473665e-10	5.376432e-09	-2.454392e+00	3.202144e+02
2.530000e-06	-4.503297e-10	5.185687e-09	-3.181898e+00	3.083166e+02
2.540000e-06	-5.530791e-10	4.981913e-09	-3.907892e+00	2.960891e+02
2.550000e-06	-6.555574e-10	4.765143e-09	-4.631971e+00	2.835414e+02
2.560000e-06	-7.577315e-10	4.547541e-09	-5.353900e+00	2.707076e+02
2.570000e-06	-8.595461e-10	4.331138e-09	-6.073290e+00	2.576432e+02
2.580000e-06	-9.609236e-10	4.108494e-09	-6.789591e+00	2.444164e+02
2.590000e-06	-1.061838e-09	3.877834e-09	-7.502619e+00	2.310958e+02
2.600000e-06	-1.162321e-09	3.653131e-09	-8.212600e+00	2.177363e+02
2.610000e-06	-1.262391e-09	3.436661e-09	-8.919663e+00	2.043674e+02
2.620000e-06	-1.362017e-09	3.215364e-09	-9.623590e+00	1.909869e+02
2.630000e-06	-1.461171e-09	2.984950e-09	-1.032419e+01	1.775625e+02
2.640000e-06	-1.559854e-09	2.752856e-09	-1.102145e+01	1.640395e+02
2.650000e-06	-1.658045e-09	2.524672e-09	-1.171524e+01	1.503541e+02
2.660000e-06	-1.755681e-09	2.292549e-09	-1.240510e+01	1.364463e+02
2.670000e-06	-1.852716e-09	2.051032e-09	-1.309072e+01	1.222703e+02
2.680000e-06	-1.949163e-09	1.807810e-09	-1.377219e+01	1.077981e+02
2.690000e-06	-2.045047e-09	1.566559e-09	-1.444967e+01	9.301607e+01
2.700000e-06	-2.140305e-09	1.318989e-09	-1.512274e+01	7.791616e+01
2.710000e-06	-2.234756e-09	1.056814e-09	-1.579010e+01	6.248520e+01
2.720000e-06	-2.328243e-09	7.854627e-10	-1.645065e+01	4.669653e+01
2.730000e-06	-2.420762e-09	5.140922e-10	-1.710436e+01	3.050668e+01
2.740000e-06	-2.512371e-09	2.373049e-10	-1.775164e+01	1.385860e+01
2.750000e-06	-2.603080e-09	-5.307808e-11	-1.839256e+01	-3.310153e+00
2.760000e-06	-2.692844e-09	-3.540727e-10	-1.902680e+01	-2.105712e+01
2.770000e-06	-2.781672e-09	-6.592172e-10	-1.965444e+01	-3.942638e+01
2.780000e-06	-2.869643e-09	-9.725703e-10	-2.027601e+01	-5.844454e+01
2.790000e-06	-2.956696e-09	-1.303844e-09	-2.089110e+01	-7.812235e+01
2.800000e-06	-3.042598e-09	-1.649801e-09	-2.149806e+01	-9.846065e+01
2.810000e-06	-3.127250e-09	-2.001563e-09	-2.209618e+01	-1.194577e+02
2.820000e-06	-3.210757e-09	-2.362663e-09	-2.268622e+01	-1.411145e+02
2.830000e-06	-3.293191e-09	-2.739835e-09	-2.326867e+01	-1.634358e+02
2.840000e-06	-3.374538e-09	-3.130424e-09	-2.384344e+01	-1.864249e+02
2.850000e-06	-3.454792e-09	-3.527459e-09	-2.441049e+01	-2.100755e+02
2.860000e-06	-3.533825e-09	-3.930822e-09	-2.496891e+01	-2.343618e+02
2.870000e-06	-3.611382e-09	-4.346758e-09	-2.551691e+01	-2.592309e+02
2.880000e-06	-3.687409e-09	-4.773952e-09	-2.605409e+01	-2.846001e+02
2.890000e-06	-3.762012e-09	-5.205370e-09	-2.658121e+01	-3.103596e+02
2.900000e-06	-3.835252e-09	-5.639653e-09	-2.709871e+01	-3.363797e+02
2.910000e-06	-3.907205e-09	-6.080820e-09	-2.760710e+01	-3.625203e+02
2.920000e-06	-3.977769e-09	-6.525035e-09	-2.810568e+01	-3.886386e+02
2.930000e-06	-4.046729e-09	-6.962669e-09	-2.859293e+01	-4.145950e+02
2.940000e-06	-4.114186e-09	-7.390970e-09	-2.906956e+01	-4.402551e+02
2.950000e-06	-4.180282e-09	-7.813816e-09	-2.953658e+01	-4.654896e+02
2.960000e-06	-4.245011e-09	-8.230804e-09	-2.999394e+01	-4.901735e+02
2.970000e-06	-4.308327e-09	-8.634570e-09	-3.044130e+01	-5.141870e+02
2.980000e-06	-4.369987e-09	-9.023292e-09	-3.087698e+01	-5.374192e+02
2.990000e-06	-4.429914e-09	-9.400597e-09	-3.130040e+01	-5.597731e+02
3.000000e-06	-4.488315e-09	-9.766089e-09	-3.171305e+01	-5.811715e+02
3.010000e-06	-4.545262e-09	-1.011289e-08	-3.211542e+01	-6.015613e+02
3.020000e-06	-4.600629e-09	-1.043942e-08	-3.250662e+01	-6.209143e+02
3.030000e-06	-4.654109e-09	-1.074883e-08	-3.288449e+01	-6.392237e+02
3.040000e-06	-4.705625e-09	-1.104224e-08	-3.324849e+01	-6.564991e+02
3.050000e-06	-4.755295e-09	-1.131615e-08	-3.359944e+01	-6.727588e+02
3.060000e-06	-4.802982e-09	-1.157158e-08	-3.393638e+01	-6.880247e+02
3.070000e-06	-4.848810e-09	-1.181324e-08	-3.426019e+01	-7.023198e+02
3.080000e-06	-4.893092e-09	-1.204233e-08	-3.457307e+01	-7.156680e+02
3.090000e-06	-4.935877e-09	-1.225395e-08	-3.487538e+01	-7.280964e+02
3.100000e-06	-4.977127e-09	-1.244688e-08	-3.516684e+01	-7.396378e+02
3.110000e-06	-5.016771e-09	-1.262782e-08	-3.544695e+01	-7.503314e+02
3.120000e-06	-5.054553e-09	-1.279861e-08	-3.571391e+01	-7.602213e+02
3.130000e-06	-5.090397e-09	-1.295546e-08	-3.596717e+01	-7.693526e+02
3.140000e-06	-5.124483e-09	-1.309756e-08	-3.620801e+01	-7.777676e+02
3.150000e-06	-5.156857e-09	-1.322941e-08	-3.643675e+01	-7.855031e+02
3.160000e-06	-5.187338e-09	-1.335123e-08	-3.665212e+01	-7.925901e+02
3.170000e-06	-5.215835e-09	-1.346218e-08	-3.685348e+01	-7.990568e+02
3.180000e-06	-5.242532e-09	-1.356135e-08	-3.704211e+01	-8.049326e+02
3.190000e-06	-5.267462e-09	-1.365208e-08	-3.721826e+01	-8.102519e+02
3.200000e-06	-5.290513e-09	-1.373657e-08	-3.738113e+01	-8.150545e+02
3.210000e-06	-5.311554e-09	-1.381201e-08	-3.752979e+01	-8.193837e+02
3.220000e-06	-5.330712e-09	-1.387751e-08	-3.766516e+01	-8.232803e+02
3.230000e-06	-5.348147e-09	-1.393499e-08	-3.778835e+01	-8.267762e+02
3.240000e-06	-5.363706e-09	-1.398700e-08	-3.789829e+01	-8.298902e+02
3.250000e-06	-5.377061e-09	-1.403418e-08	-3.799265e+01	-8.326272e+02
3.260000e-06	-5.388246e-09	-1.407450e-08	-3.807168e+01	-8.349833e+02
3.270000e-06	-5.397577e-09	-1.410804e-08	-3.813760e+01	-8.369537e+02
3.280000e-06	-5.405069e-09	-1.413616e-08	-3.819054e+01	-8.385416e+02
3.290000e-06	-5.410527e-09	-1.415877e-08	-3.822911e+01	-8.397649e+02
3.300000e-06	-5.414036e-09	-1.417564e-08	-3.825390e+01	-8.406565e+02
3.310000e-06	-5.415799e-09	-1.418747e-08	-3.826636e+01	-8.412589e+02
3.320000e-06	-5.415772e-09	-1.419225e-08	-3.826616e+01	-8.416142e+02
