# Configuracion:
# Concentracion g/m^3_=_20000.0
# C_Vs_to_Am_M_A/Vsm_=_59384043850.047264
# pendiente_HvsI_1/m_=_3716.3
# ordenada_HvsI_A/m_=_1297.0
# frecuencia_ref_Hz_=_301386.9261805538
# 
Resultados:
# tau_ns_=_(3.03+/-0.04)e+02
# dphi_rad_=_6.80+/-0.01
# SAR_W/g_=_2536.73+/-49.92
# Hc_kA/m_=_28.22+/-0.42
# Mr_A/m_=_1131.23+/-41.63
# Magnetizacion_max_=_1573.99+/-28.19
# Suceptibilidad_a_M=0_=_(1.361+/-0.118)e-01

Nombre_archivo	Time_m_(s)	Temperatura_(ºC)	Mr_(A/m)	Hc_(kA/m)	Campo_max_(A/m)	Mag_max_(A/m)	f0	mag0	dphi0	SAR_(W/g)	Tau_(ns)	N	xi_M_0
300kHz_125dA_100Mss_bobN1M21-0006.txt	2.21	22.01	1050.60	28.64	47750.75	1523.94	3.013994e+05	1.267534e+02	6.804270e+00	2420.34	303.156306	4645	1.143e-01
300kHz_125dA_100Mss_bobN1M21-0007.txt	2.66	26.11	1069.75	28.68	47750.75	1535.09	3.013345e+05	1.280986e+02	6.807343e+00	2458.58	305.317842	4646	1.184e-01
300kHz_125dA_100Mss_bobN1M21-0008.txt	3.13	30.53	1084.64	28.60	47750.75	1540.65	3.013345e+05	1.290358e+02	6.808093e+00	2479.78	305.845842	4646	1.232e-01
300kHz_125dA_100Mss_bobN1M21-0009.txt	3.58	35.12	1097.89	28.56	47750.75	1551.40	3.013994e+05	1.301565e+02	6.808341e+00	2502.93	306.020900	4645	1.260e-01
300kHz_125dA_100Mss_bobN1M21-0010.txt	4.04	39.81	1108.34	28.70	47750.75	1553.61	3.013345e+05	1.305517e+02	6.813538e+00	2532.47	309.700025	4646	1.273e-01
300kHz_125dA_100Mss_bobN1M21-0011.txt	4.49	44.45	1121.85	28.54	47750.75	1562.60	3.013345e+05	1.317009e+02	6.811463e+00	2545.72	308.228890	4646	1.330e-01
300kHz_125dA_100Mss_bobN1M21-0012.txt	4.99	49.60	1135.21	28.33	47750.75	1577.37	3.013994e+05	1.332073e+02	6.807057e+00	2555.92	305.117945	4645	1.385e-01
300kHz_125dA_100Mss_bobN1M21-0013.txt	5.45	54.16	1146.41	28.21	47750.75	1583.10	3.013345e+05	1.340665e+02	6.805713e+00	2565.87	304.172290	4646	1.437e-01
300kHz_125dA_100Mss_bobN1M21-0014.txt	5.9	58.61	1154.73	28.08	47750.75	1590.09	3.013994e+05	1.348471e+02	6.803236e+00	2570.25	302.432629	4645	1.431e-01
300kHz_125dA_100Mss_bobN1M21-0015.txt	6.35	63.00	1162.91	27.92	47750.75	1596.01	3.013994e+05	1.355898e+02	6.800509e+00	2572.09	300.523305	4645	1.434e-01
300kHz_125dA_100Mss_bobN1M21-0016.txt	6.8	67.36	1167.43	27.93	47750.75	1598.64	3.013994e+05	1.359295e+02	6.801206e+00	2581.69	301.011909	4645	1.443e-01
300kHz_125dA_100Mss_bobN1M21-0017.txt	7.28	71.96	1174.54	27.75	47750.75	1604.22	3.013345e+05	1.366290e+02	6.797855e+00	2579.15	298.672095	4646	1.493e-01
300kHz_125dA_100Mss_bobN1M21-0018.txt	7.73	76.24	1176.60	27.83	47750.75	1604.36	3.013345e+05	1.366742e+02	6.799981e+00	2589.70	300.157372	4646	1.492e-01
300kHz_125dA_100Mss_bobN1M21-0019.txt	8.64	84.50	1186.35	27.29	47750.75	1614.74	3.013345e+05	1.380325e+02	6.787911e+00	2559.70	291.776497	4646	1.514e-01
