# Configuracion:
# Concentracion g/m^3_=_20000.0
# C_Vs_to_Am_M_A/Vsm_=_59384043850.047264
# pendiente_HvsI_1/m_=_3716.3
# ordenada_HvsI_A/m_=_1297.0
# frecuencia_ref_Hz_=_301179.3450292609
# 
Resultados:
# tau_ns_=_(2.10+/-0.06)e+02
# dphi_rad_=_6.66+/-0.01
# SAR_W/g_=_735.63+/-49.43
# Hc_kA/m_=_18.79+/-0.57
# Mr_A/m_=_369.04+/-27.96
# Magnetizacion_max_=_857.03+/-29.91
# Suceptibilidad_a_M=0_=_(2.794+/-0.284)e-02

Nombre_archivo	Time_m_(s)	Temperatura_(ºC)	Mr_(A/m)	Hc_(kA/m)	Campo_max_(A/m)	Mag_max_(A/m)	f0	mag0	dphi0	SAR_(W/g)	Tau_(ns)	N	xi_M_0
300kHz_100dA_100Mss_bobN1M21-0007.txt	4.69	23.40	317.54	17.57	38460.00	803.47	3.011400e+05	5.958627e+01	6.640287e+00	642.94	197.167263	4649	2.301e-02
300kHz_100dA_100Mss_bobN1M21-0008.txt	5.14	24.71	323.42	17.71	38460.00	811.82	3.011400e+05	6.028084e+01	6.642464e+00	654.22	198.479424	4649	2.343e-02
300kHz_100dA_100Mss_bobN1M21-0009.txt	5.63	26.13	329.48	17.94	38460.00	815.01	3.011400e+05	6.066941e+01	6.646197e+00	664.98	200.734665	4649	2.395e-02
300kHz_100dA_100Mss_bobN1M21-0010.txt	6.08	27.44	331.25	17.96	38460.00	818.94	3.011400e+05	6.096741e+01	6.646252e+00	668.34	200.769334	4649	2.432e-02
300kHz_100dA_100Mss_bobN1M21-0011.txt	6.53	28.79	337.04	18.05	38460.00	825.01	3.011400e+05	6.153298e+01	6.648037e+00	677.71	201.848413	4649	2.465e-02
300kHz_100dA_100Mss_bobN1M21-0012.txt	6.99	30.17	335.87	18.14	38460.00	819.51	3.011400e+05	6.110233e+01	6.650350e+00	677.04	203.250031	4649	2.441e-02
300kHz_100dA_100Mss_bobN1M21-0013.txt	7.45	31.55	342.55	18.24	38460.00	829.21	3.011400e+05	6.192003e+01	6.651705e+00	688.52	204.073729	4649	2.541e-02
300kHz_100dA_100Mss_bobN1M21-0014.txt	7.9	32.90	344.17	18.29	38460.00	832.27	3.011400e+05	6.217299e+01	6.651993e+00	691.85	204.250032	4649	2.553e-02
300kHz_100dA_100Mss_bobN1M21-0015.txt	8.36	34.24	347.94	18.40	38460.00	834.82	3.011400e+05	6.243472e+01	6.654071e+00	698.49	205.512817	4649	2.568e-02
300kHz_100dA_100Mss_bobN1M21-0016.txt	8.83	35.61	349.52	18.47	38460.00	835.02	3.011400e+05	6.246350e+01	6.655993e+00	702.27	206.684381	4649	2.616e-02
300kHz_100dA_100Mss_bobN1M21-0017.txt	9.31	37.00	350.25	18.54	38460.00	833.42	3.011400e+05	6.238347e+01	6.657794e+00	704.60	207.784022	4649	2.585e-02
300kHz_100dA_100Mss_bobN1M21-0018.txt	9.75	38.28	355.69	18.58	38460.00	842.47	3.011400e+05	6.310641e+01	6.657713e+00	712.62	207.736297	4649	2.669e-02
300kHz_100dA_100Mss_bobN1M21-0019.txt	10.67	41.01	364.54	18.71	38460.00	852.48	3.011400e+05	6.401774e+01	6.659896e+00	726.92	209.069862	4649	2.735e-02
300kHz_100dA_100Mss_bobN1M21-0020.txt	11.13	42.36	362.60	18.78	38460.00	847.72	3.011400e+05	6.362677e+01	6.661503e+00	725.41	210.051100	4649	2.706e-02
300kHz_100dA_100Mss_bobN1M21-0021.txt	11.59	43.65	366.95	18.87	38460.00	850.77	3.011400e+05	6.396856e+01	6.663219e+00	732.46	211.102885	4649	2.730e-02
300kHz_100dA_100Mss_bobN1M21-0022.txt	12.04	44.91	370.75	18.96	38460.00	854.94	3.011400e+05	6.434240e+01	6.664698e+00	739.47	212.009313	4649	2.810e-02
300kHz_100dA_100Mss_bobN1M21-0023.txt	12.53	46.28	374.62	18.94	38460.00	863.42	3.011400e+05	6.500164e+01	6.664192e+00	746.10	211.699632	4649	2.804e-02
300kHz_100dA_100Mss_bobN1M21-0024.txt	12.98	47.54	375.96	19.01	38460.00	864.13	3.011400e+05	6.507299e+01	6.665153e+00	748.71	212.289655	4649	2.859e-02
300kHz_100dA_100Mss_bobN1M21-0025.txt	13.44	48.88	378.81	19.07	38460.00	866.01	3.011400e+05	6.528114e+01	6.666424e+00	753.48	213.070838	4649	2.870e-02
300kHz_100dA_100Mss_bobN1M21-0026.txt	13.88	50.15	382.48	19.14	38460.00	869.38	3.011400e+05	6.560348e+01	6.667897e+00	759.97	213.975549	4649	2.913e-02
300kHz_100dA_100Mss_bobN1M21-0027.txt	14.34	51.42	388.23	19.18	38460.00	879.19	3.011400e+05	6.645823e+01	6.667487e+00	769.09	213.724112	4649	3.048e-02
300kHz_100dA_100Mss_bobN1M21-0028.txt	14.79	52.63	389.24	19.18	38460.00	880.02	3.011400e+05	6.648990e+01	6.668464e+00	771.32	214.323844	4649	2.979e-02
300kHz_100dA_100Mss_bobN1M21-0029.txt	15.25	53.90	391.40	19.27	38460.00	879.70	3.011400e+05	6.654138e+01	6.670342e+00	775.49	215.479414	4649	3.045e-02
300kHz_100dA_100Mss_bobN1M21-0030.txt	15.69	55.13	394.73	19.32	38460.00	883.02	3.011400e+05	6.685060e+01	6.671294e+00	780.91	216.065313	4649	3.069e-02
300kHz_100dA_100Mss_bobN1M21-0031.txt	16.15	56.21	396.54	19.34	38460.00	887.31	3.011400e+05	6.718311e+01	6.671033e+00	784.29	215.904495	4649	3.085e-02
300kHz_100dA_100Mss_bobN1M21-0032.txt	16.6	56.84	397.55	19.40	38460.00	886.77	3.011400e+05	6.712934e+01	6.672828e+00	787.11	217.011017	4649	3.082e-02
300kHz_100dA_100Mss_bobN1M21-0033.txt	17.1	57.67	402.16	19.39	38460.00	894.63	3.011400e+05	6.779907e+01	6.672456e+00	794.24	216.782048	4649	3.124e-02
300kHz_100dA_100Mss_bobN1M21-0034.txt	17.55	58.89	405.83	19.45	38460.00	897.24	3.011400e+05	6.806663e+01	6.673802e+00	799.99	217.614144	4649	3.166e-02
300kHz_100dA_100Mss_bobN1M21-0035.txt	18.01	60.13	406.49	19.51	38460.00	897.81	3.011400e+05	6.810375e+01	6.674716e+00	802.20	218.179241	4649	3.155e-02
300kHz_100dA_100Mss_bobN1M21-0036.txt	18.46	61.30	411.11	19.54	38460.00	902.88	3.011400e+05	6.860434e+01	6.674917e+00	808.49	218.304153	4649	3.276e-02
300kHz_100dA_100Mss_bobN1M21-0037.txt	18.94	62.54	415.42	19.56	38460.00	909.52	3.011400e+05	6.918438e+01	6.674857e+00	815.21	218.266868	4649	3.251e-02
