# Configuracion:
# Concentracion g/m^3_=_20000.0
# C_Vs_to_Am_M_A/Vsm_=_59384043850.047264
# pendiente_HvsI_1/m_=_3716.3
# ordenada_HvsI_A/m_=_1297.0
# frecuencia_ref_Hz_=_301547.3758286898
# 
Resultados:
# tau_ns_=_(2.44+/-0.10)e+02
# dphi_rad_=_6.72+/-0.02
# SAR_W/g_=_2770.92+/-152.87
# Hc_kA/m_=_28.25+/-0.87
# Mr_A/m_=_1243.85+/-30.72
# Magnetizacion_max_=_1645.02+/-40.37
# Suceptibilidad_a_M=0_=_(1.552+/-0.019)e-01

Nombre_archivo	Time_m_(s)	Temperatura_(ºC)	Mr_(A/m)	Hc_(kA/m)	Campo_max_(A/m)	Mag_max_(A/m)	f0	mag0	dphi0	SAR_(W/g)	Tau_(ns)	N	xi_M_0
300kHz_150dA_100Mss_bobN1M21-0013.txt	9.22	20.97	1258.61	29.59	57041.50	1675.36	3.015292e+05	1.458763e+02	6.738869e+00	2942.76	258.656601	4643	1.538e-01
300kHz_150dA_100Mss_bobN1M21-0014.txt	9.68	24.88	1286.86	29.34	57041.50	1711.14	3.015292e+05	1.491547e+02	6.734383e+00	2981.32	255.727373	4643	1.540e-01
300kHz_150dA_100Mss_bobN1M21-0015.txt	10.12	29.11	1283.73	29.19	57041.50	1698.17	3.015292e+05	1.482893e+02	6.732851e+00	2954.65	254.730188	4643	1.552e-01
300kHz_150dA_100Mss_bobN1M21-0016.txt	10.57	34.78	1274.71	28.87	57041.50	1684.86	3.015292e+05	1.473429e+02	6.727267e+00	2901.78	251.106258	4643	1.581e-01
300kHz_150dA_100Mss_bobN1M21-0017.txt	11.02	40.45	1270.83	28.84	57041.50	1674.41	3.015292e+05	1.465589e+02	6.727499e+00	2887.75	251.257365	4643	1.570e-01
300kHz_150dA_100Mss_bobN1M21-0018.txt	11.47	46.08	1263.39	28.66	57041.50	1663.29	3.015292e+05	1.457173e+02	6.724274e+00	2851.70	249.172216	4643	1.588e-01
300kHz_150dA_100Mss_bobN1M21-0019.txt	12.41	57.58	1244.78	28.17	57041.50	1639.17	3.015292e+05	1.438333e+02	6.715368e+00	2761.62	243.447995	4643	1.550e-01
300kHz_150dA_100Mss_bobN1M21-0020.txt	12.88	63.17	1236.95	27.99	57041.50	1630.92	3.015292e+05	1.431276e+02	6.711723e+00	2726.34	241.119004	4643	1.568e-01
300kHz_150dA_100Mss_bobN1M21-0021.txt	13.33	68.46	1226.98	27.72	57041.50	1618.56	3.015292e+05	1.421613e+02	6.706650e+00	2677.83	237.888230	4643	1.541e-01
300kHz_150dA_100Mss_bobN1M21-0022.txt	13.8	73.96	1218.14	27.52	57041.50	1606.21	3.015292e+05	1.411737e+02	6.703143e+00	2638.51	235.665520	4643	1.525e-01
300kHz_150dA_100Mss_bobN1M21-0023.txt	14.26	79.16	1212.17	27.39	57041.50	1603.73	3.015292e+05	1.408954e+02	6.699967e+00	2614.57	233.658470	4643	1.529e-01
300kHz_150dA_100Mss_bobN1M21-0024.txt	14.72	84.22	1201.53	27.09	57041.50	1593.56	3.015292e+05	1.400551e+02	6.694108e+00	2564.54	229.968280	4643	1.542e-01
300kHz_150dA_100Mss_bobN1M21-0025.txt	15.18	89.19	1191.35	26.82	57041.50	1585.90	3.015292e+05	1.393828e+02	6.688384e+00	2518.66	226.381760	4643	1.558e-01
