# Configuracion:
# Concentracion g/m^3_=_20000.0
# C_Vs_to_Am_M_A/Vsm_=_59384043850.047264
# pendiente_HvsI_1/m_=_3716.3
# ordenada_HvsI_A/m_=_1297.0
# frecuencia_ref_Hz_=_301147.9942734816
# 
Resultados:
# tau_ns_=_(2.02+/-0.08)e+02
# dphi_rad_=_6.65+/-0.01
# SAR_W/g_=_704.08+/-64.31
# Hc_kA/m_=_18.21+/-0.77
# Mr_A/m_=_357.38+/-36.13
# Magnetizacion_max_=_846.57+/-42.33
# Suceptibilidad_a_M=0_=_(2.720+/-0.348)e-02

Nombre_archivo	Time_m_(s)	Temperatura_(ºC)	Mr_(A/m)	Hc_(kA/m)	Campo_max_(A/m)	Mag_max_(A/m)	f0	mag0	dphi0	SAR_(W/g)	Tau_(ns)	N	xi_M_0
300kHz_100dA_100Mss_bobN1M21-0012.txt	4.56	23.66	283.01	16.29	38460.00	764.41	3.011400e+05	5.646372e+01	6.615643e+00	568.82	182.480303	4649	2.079e-02
300kHz_100dA_100Mss_bobN1M21-0013.txt	5.02	24.82	290.76	16.59	38460.00	771.56	3.011400e+05	5.707504e+01	6.620692e+00	583.38	185.473617	4649	2.140e-02
300kHz_100dA_100Mss_bobN1M21-0014.txt	5.46	25.35	297.98	16.70	38460.00	783.41	3.011400e+05	5.803467e+01	6.622531e+00	596.30	186.566849	4649	2.193e-02
300kHz_100dA_100Mss_bobN1M21-0015.txt	5.91	25.89	299.01	16.88	38460.00	779.82	3.011400e+05	5.783874e+01	6.625870e+00	599.90	188.554897	4649	2.183e-02
300kHz_100dA_100Mss_bobN1M21-0016.txt	6.37	27.52	302.39	16.96	38460.00	784.32	3.011400e+05	5.821911e+01	6.626876e+00	605.55	189.153692	4649	2.209e-02
300kHz_100dA_100Mss_bobN1M21-0017.txt	6.81	29.32	309.51	17.16	38460.00	791.84	3.011400e+05	5.891031e+01	6.630146e+00	618.33	191.105344	4649	2.286e-02
300kHz_100dA_100Mss_bobN1M21-0018.txt	7.27	30.78	311.09	17.21	38460.00	794.17	3.011400e+05	5.907071e+01	6.631153e+00	621.74	191.708801	4649	2.296e-02
300kHz_100dA_100Mss_bobN1M21-0019.txt	8.18	33.07	316.19	17.39	38460.00	797.47	3.011400e+05	5.939465e+01	6.634665e+00	631.20	193.813401	4649	2.341e-02
300kHz_100dA_100Mss_bobN1M21-0020.txt	8.64	34.26	321.82	17.48	38460.00	805.38	3.011400e+05	6.003974e+01	6.635878e+00	640.17	194.540085	4649	2.374e-02
300kHz_100dA_100Mss_bobN1M21-0021.txt	9.1	35.46	327.35	17.60	38460.00	812.01	3.011400e+05	6.064218e+01	6.637640e+00	649.69	195.599938	4649	2.421e-02
300kHz_100dA_100Mss_bobN1M21-0022.txt	9.6	36.76	326.72	17.69	38460.00	807.73	3.011400e+05	6.032713e+01	6.640081e+00	650.57	197.068902	4649	2.389e-02
300kHz_100dA_100Mss_bobN1M21-0023.txt	10.06	37.96	329.11	17.77	38460.00	809.39	3.011400e+05	6.047495e+01	6.641489e+00	654.63	197.915911	4649	2.404e-02
300kHz_100dA_100Mss_bobN1M21-0024.txt	10.5	39.10	331.80	17.75	38460.00	816.36	3.011400e+05	6.098798e+01	6.640764e+00	658.90	197.480144	4649	2.426e-02
300kHz_100dA_100Mss_bobN1M21-0025.txt	10.96	40.30	336.50	17.84	38460.00	822.33	3.011400e+05	6.154696e+01	6.641812e+00	666.80	198.110660	4649	2.494e-02
300kHz_100dA_100Mss_bobN1M21-0026.txt	11.43	41.47	338.49	17.90	38460.00	824.40	3.011400e+05	6.171283e+01	6.643215e+00	671.10	198.956781	4649	2.518e-02
300kHz_100dA_100Mss_bobN1M21-0027.txt	11.89	42.62	342.34	18.00	38460.00	827.60	3.011400e+05	6.202844e+01	6.644921e+00	677.59	199.985453	4649	2.540e-02
300kHz_100dA_100Mss_bobN1M21-0028.txt	12.35	43.78	346.38	18.04	38460.00	833.62	3.011400e+05	6.255718e+01	6.645231e+00	683.93	200.172755	4649	2.612e-02
300kHz_100dA_100Mss_bobN1M21-0029.txt	12.8	44.90	344.87	18.14	38460.00	828.85	3.011400e+05	6.218682e+01	6.647319e+00	683.63	201.434772	4649	2.571e-02
300kHz_100dA_100Mss_bobN1M21-0030.txt	13.26	45.40	349.21	18.17	38460.00	836.54	3.011400e+05	6.279525e+01	6.647414e+00	690.49	201.492325	4649	2.626e-02
300kHz_100dA_100Mss_bobN1M21-0031.txt	13.71	45.40	353.12	18.23	38460.00	840.94	3.011400e+05	6.317871e+01	6.648847e+00	697.31	202.360081	4649	2.654e-02
300kHz_100dA_100Mss_bobN1M21-0032.txt	14.19	45.86	353.39	18.31	38460.00	838.28	3.011400e+05	6.299785e+01	6.650459e+00	698.24	203.337367	4649	2.632e-02
300kHz_100dA_100Mss_bobN1M21-0033.txt	14.64	46.94	355.57	18.36	38460.00	839.82	3.011400e+05	6.314088e+01	6.652045e+00	702.71	204.300789	4649	2.645e-02
300kHz_100dA_100Mss_bobN1M21-0034.txt	15.11	48.08	357.39	18.43	38460.00	840.92	3.011400e+05	6.326636e+01	6.653155e+00	706.13	204.974627	4649	2.692e-02
300kHz_100dA_100Mss_bobN1M21-0035.txt	15.57	49.22	361.81	18.49	38460.00	848.55	3.011400e+05	6.389838e+01	6.653726e+00	714.24	205.323596	4649	2.746e-02
300kHz_100dA_100Mss_bobN1M21-0036.txt	16.03	50.37	363.46	18.50	38460.00	850.88	3.011400e+05	6.408873e+01	6.654301e+00	717.42	205.673602	4649	2.710e-02
300kHz_100dA_100Mss_bobN1M21-0037.txt	16.49	51.43	371.52	18.55	38460.00	862.73	3.011400e+05	6.512433e+01	6.654119e+00	728.68	205.563664	4649	2.824e-02
300kHz_100dA_100Mss_bobN1M21-0038.txt	17.4	54.00	371.66	18.65	38460.00	859.73	3.011400e+05	6.488014e+01	6.656642e+00	730.65	207.099743	4649	2.876e-02
300kHz_100dA_100Mss_bobN1M21-0039.txt	17.88	55.68	374.61	18.70	38460.00	863.06	3.011400e+05	6.520976e+01	6.657402e+00	735.79	207.564359	4649	2.902e-02
300kHz_100dA_100Mss_bobN1M21-0040.txt	18.33	56.86	376.98	18.71	38460.00	867.45	3.011400e+05	6.554265e+01	6.657549e+00	739.82	207.653344	4649	2.930e-02
300kHz_100dA_100Mss_bobN1M21-0041.txt	18.8	57.94	377.49	18.77	38460.00	867.02	3.011400e+05	6.552757e+01	6.658822e+00	742.04	208.429852	4649	2.934e-02
300kHz_100dA_100Mss_bobN1M21-0042.txt	19.29	59.10	383.70	18.76	38460.00	878.89	3.011400e+05	6.651085e+01	6.657848e+00	751.32	207.834002	4649	2.999e-02
300kHz_100dA_100Mss_bobN1M21-0043.txt	19.78	60.27	383.51	18.79	38460.00	877.11	3.011400e+05	6.636423e+01	6.658469e+00	750.85	208.214446	4649	3.003e-02
300kHz_100dA_100Mss_bobN1M21-0044.txt	20.22	61.31	385.72	18.82	38460.00	880.38	3.011400e+05	6.666040e+01	6.659246e+00	755.68	208.687903	4649	2.990e-02
300kHz_100dA_100Mss_bobN1M21-0045.txt	20.68	62.36	392.58	18.86	38460.00	888.87	3.011400e+05	6.745103e+01	6.659690e+00	765.51	208.958847	4649	3.081e-02
300kHz_100dA_100Mss_bobN1M21-0046.txt	21.13	63.39	391.76	18.91	38460.00	886.63	3.011400e+05	6.720917e+01	6.661073e+00	765.43	209.804760	4649	3.037e-02
300kHz_100dA_100Mss_bobN1M21-0047.txt	21.59	64.40	391.24	18.94	38460.00	885.89	3.011400e+05	6.713951e+01	6.661538e+00	765.53	210.090261	4649	3.027e-02
300kHz_100dA_100Mss_bobN1M21-0048.txt	22.04	65.39	396.37	18.99	38460.00	891.78	3.011400e+05	6.772895e+01	6.662030e+00	773.21	210.392389	4649	3.103e-02
300kHz_100dA_100Mss_bobN1M21-0049.txt	22.5	66.45	395.11	18.98	38460.00	891.02	3.011400e+05	6.758490e+01	6.662360e+00	772.20	210.594441	4649	3.069e-02
300kHz_100dA_100Mss_bobN1M21-0050.txt	22.95	67.48	400.82	18.98	38460.00	899.91	3.011400e+05	6.836910e+01	6.661587e+00	779.65	210.121355	4649	3.156e-02
300kHz_100dA_100Mss_bobN1M21-0051.txt	23.41	68.50	404.59	19.01	38460.00	904.13	3.011400e+05	6.879210e+01	6.661963e+00	785.21	210.350693	4649	3.170e-02
300kHz_100dA_100Mss_bobN1M21-0052.txt	23.87	69.51	403.01	19.03	38460.00	901.54	3.011400e+05	6.851950e+01	6.662901e+00	783.94	210.925267	4649	3.169e-02
300kHz_100dA_100Mss_bobN1M21-0053.txt	24.32	70.54	405.45	19.02	38460.00	906.44	3.011400e+05	6.893623e+01	6.662441e+00	787.80	210.645447	4649	3.166e-02
300kHz_100dA_100Mss_bobN1M21-0054.txt	24.79	71.62	406.85	19.08	38460.00	906.70	3.011400e+05	6.899419e+01	6.663407e+00	790.38	211.237658	4649	3.242e-02
300kHz_100dA_100Mss_bobN1M21-0055.txt	25.25	72.35	408.40	19.08	38460.00	910.15	3.011400e+05	6.925910e+01	6.663557e+00	793.71	211.329112	4649	3.262e-02
300kHz_100dA_100Mss_bobN1M21-0056.txt	25.7	72.80	411.42	19.06	38460.00	915.77	3.011400e+05	6.973816e+01	6.662608e+00	797.30	210.747546	4649	3.296e-02
