# Temperatura_=_57.48928571428571
# Concentracion g/m^3_=_20000.0
# C_Vs_to_Am_M_A/Vsm_=_59384043850.047264
# pendiente_HvsI_1/m_=_3716.3
# ordenada_HvsI_A/m_=_1297.0
# frecuencia_Hz_=_301582.55259433686
# Promedio de 14 ciclos

Tiempo_(s)	Campo_(V.s)	Magnetizacion_(V.s)	Campo_(kA/m)	Magnetizacion_(A/m)
0.000000e+00	-8.085447e-09	-2.780596e-08	-5.692539e+01	-1.652414e+03
1.000000e-08	-8.082956e-09	-2.779966e-08	-5.690785e+01	-1.652267e+03
2.000000e-08	-8.077747e-09	-2.779243e-08	-5.687118e+01	-1.651831e+03
3.000000e-08	-8.069941e-09	-2.778562e-08	-5.681623e+01	-1.651155e+03
4.000000e-08	-8.059292e-09	-2.777924e-08	-5.674126e+01	-1.650357e+03
5.000000e-08	-8.045674e-09	-2.777184e-08	-5.664538e+01	-1.649565e+03
6.000000e-08	-8.029121e-09	-2.776636e-08	-5.652884e+01	-1.648865e+03
7.000000e-08	-8.009970e-09	-2.776344e-08	-5.639401e+01	-1.648261e+03
8.000000e-08	-7.988333e-09	-2.772704e-08	-5.624168e+01	-1.647674e+03
9.000000e-08	-7.963552e-09	-2.766710e-08	-5.606721e+01	-1.646984e+03
1.000000e-07	-7.935392e-09	-2.766711e-08	-5.586895e+01	-1.646079e+03
1.100000e-07	-7.904343e-09	-2.769695e-08	-5.565034e+01	-1.644909e+03
1.200000e-07	-7.870633e-09	-2.769128e-08	-5.541301e+01	-1.643506e+03
1.300000e-07	-7.834380e-09	-2.766135e-08	-5.515778e+01	-1.641967e+03
1.400000e-07	-7.795979e-09	-2.766513e-08	-5.488741e+01	-1.640410e+03
1.500000e-07	-7.755428e-09	-2.763302e-08	-5.460192e+01	-1.638918e+03
1.600000e-07	-7.712143e-09	-2.756455e-08	-5.429717e+01	-1.637504e+03
1.700000e-07	-7.666001e-09	-2.756099e-08	-5.397231e+01	-1.636107e+03
1.800000e-07	-7.617054e-09	-2.749655e-08	-5.362770e+01	-1.634618e+03
1.900000e-07	-7.564920e-09	-2.749554e-08	-5.326066e+01	-1.632934e+03
2.000000e-07	-7.509845e-09	-2.751348e-08	-5.287290e+01	-1.631006e+03
2.100000e-07	-7.452070e-09	-2.744379e-08	-5.246614e+01	-1.628862e+03
2.200000e-07	-7.391608e-09	-2.741515e-08	-5.204046e+01	-1.626597e+03
2.300000e-07	-7.328575e-09	-2.736725e-08	-5.159668e+01	-1.624327e+03
2.400000e-07	-7.262781e-09	-2.734477e-08	-5.113346e+01	-1.622140e+03
2.500000e-07	-7.194275e-09	-2.729706e-08	-5.065115e+01	-1.620051e+03
2.600000e-07	-7.123161e-09	-2.724771e-08	-5.015047e+01	-1.617993e+03
2.700000e-07	-7.049300e-09	-2.724114e-08	-4.963045e+01	-1.615843e+03
2.800000e-07	-6.972649e-09	-2.721055e-08	-4.909080e+01	-1.613477e+03
2.900000e-07	-6.893254e-09	-2.715388e-08	-4.853183e+01	-1.610818e+03
3.000000e-07	-6.811293e-09	-2.707030e-08	-4.795478e+01	-1.607875e+03
3.100000e-07	-6.727046e-09	-2.704288e-08	-4.736164e+01	-1.604737e+03
3.200000e-07	-6.640568e-09	-2.700848e-08	-4.675280e+01	-1.601532e+03
3.300000e-07	-6.551764e-09	-2.694168e-08	-4.612757e+01	-1.598374e+03
3.400000e-07	-6.460603e-09	-2.689885e-08	-4.548576e+01	-1.595309e+03
3.500000e-07	-6.367138e-09	-2.685512e-08	-4.482772e+01	-1.592297e+03
3.600000e-07	-6.271364e-09	-2.680561e-08	-4.415343e+01	-1.589226e+03
3.700000e-07	-6.173261e-09	-2.672829e-08	-4.346274e+01	-1.585963e+03
3.800000e-07	-6.072928e-09	-2.665785e-08	-4.275634e+01	-1.582410e+03
3.900000e-07	-5.970424e-09	-2.659943e-08	-4.203467e+01	-1.578548e+03
4.000000e-07	-5.865724e-09	-2.654882e-08	-4.129753e+01	-1.574445e+03
4.100000e-07	-5.758899e-09	-2.648795e-08	-4.054543e+01	-1.570225e+03
4.200000e-07	-5.650076e-09	-2.641444e-08	-3.977927e+01	-1.566013e+03
4.300000e-07	-5.539251e-09	-2.635327e-08	-3.899901e+01	-1.561875e+03
4.400000e-07	-5.426332e-09	-2.628591e-08	-3.820401e+01	-1.557793e+03
4.500000e-07	-5.311236e-09	-2.620656e-08	-3.739368e+01	-1.553668e+03
4.600000e-07	-5.194047e-09	-2.612206e-08	-3.656862e+01	-1.549362e+03
4.700000e-07	-5.074940e-09	-2.604833e-08	-3.573005e+01	-1.544764e+03
4.800000e-07	-4.953987e-09	-2.597486e-08	-3.487848e+01	-1.539833e+03
4.900000e-07	-4.831240e-09	-2.589133e-08	-3.401429e+01	-1.534622e+03
5.000000e-07	-4.706750e-09	-2.580166e-08	-3.313782e+01	-1.529249e+03
5.100000e-07	-4.580599e-09	-2.571827e-08	-3.224965e+01	-1.523847e+03
5.200000e-07	-4.452818e-09	-2.563321e-08	-3.135002e+01	-1.518500e+03
5.300000e-07	-4.323423e-09	-2.553832e-08	-3.043901e+01	-1.513200e+03
5.400000e-07	-4.192499e-09	-2.543993e-08	-2.951725e+01	-1.507853e+03
5.500000e-07	-4.060049e-09	-2.534485e-08	-2.858474e+01	-1.502309e+03
5.600000e-07	-3.926092e-09	-2.524777e-08	-2.764162e+01	-1.496435e+03
5.700000e-07	-3.790711e-09	-2.514032e-08	-2.668847e+01	-1.490169e+03
5.800000e-07	-3.653970e-09	-2.503109e-08	-2.572575e+01	-1.483552e+03
5.900000e-07	-3.515859e-09	-2.492522e-08	-2.475339e+01	-1.476711e+03
6.000000e-07	-3.376308e-09	-2.481892e-08	-2.377088e+01	-1.469803e+03
6.100000e-07	-3.235329e-09	-2.470459e-08	-2.277832e+01	-1.462941e+03
6.200000e-07	-3.093059e-09	-2.458717e-08	-2.177668e+01	-1.456144e+03
6.300000e-07	-2.949633e-09	-2.447097e-08	-2.076689e+01	-1.449319e+03
6.400000e-07	-2.805118e-09	-2.435087e-08	-1.974944e+01	-1.442297e+03
6.500000e-07	-2.659575e-09	-2.421961e-08	-1.872475e+01	-1.434908e+03
6.600000e-07	-2.513087e-09	-2.408420e-08	-1.769340e+01	-1.427049e+03
6.700000e-07	-2.365764e-09	-2.395211e-08	-1.665617e+01	-1.418738e+03
6.800000e-07	-2.217690e-09	-2.381945e-08	-1.561366e+01	-1.410104e+03
6.900000e-07	-2.068865e-09	-2.368122e-08	-1.456586e+01	-1.401335e+03
7.000000e-07	-1.919306e-09	-2.353930e-08	-1.351289e+01	-1.392591e+03
7.100000e-07	-1.769110e-09	-2.339644e-08	-1.245544e+01	-1.383932e+03
7.200000e-07	-1.618349e-09	-2.324731e-08	-1.139401e+01	-1.375281e+03
7.300000e-07	-1.466992e-09	-2.308883e-08	-1.032839e+01	-1.366454e+03
7.400000e-07	-1.315068e-09	-2.292338e-08	-9.258771e+00	-1.357232e+03
7.500000e-07	-1.162652e-09	-2.275899e-08	-8.185695e+00	-1.347458e+03
7.600000e-07	-1.009805e-09	-2.259388e-08	-7.109580e+00	-1.337105e+03
7.700000e-07	-8.565870e-10	-2.242327e-08	-6.030852e+00	-1.326294e+03
7.800000e-07	-7.030695e-10	-2.224704e-08	-4.950017e+00	-1.315238e+03
7.900000e-07	-5.493137e-10	-2.206703e-08	-3.867503e+00	-1.304148e+03
8.000000e-07	-3.953399e-10	-2.188219e-08	-2.783455e+00	-1.293124e+03
8.100000e-07	-2.411973e-10	-2.168786e-08	-1.698218e+00	-1.282094e+03
8.200000e-07	-8.697687e-11	-2.148550e-08	-6.124339e-01	-1.270824e+03
8.300000e-07	6.725839e-11	-2.127717e-08	4.734550e-01	-1.258994e+03
8.400000e-07	2.214812e-10	-2.106409e-08	1.559257e+00	-1.246330e+03
8.500000e-07	3.756143e-10	-2.084295e-08	2.644426e+00	-1.232708e+03
8.600000e-07	5.295902e-10	-2.061191e-08	3.728489e+00	-1.218213e+03
8.700000e-07	6.833652e-10	-2.037117e-08	4.811137e+00	-1.203100e+03
8.800000e-07	8.368869e-10	-2.011989e-08	5.892003e+00	-1.187678e+03
8.900000e-07	9.901012e-10	-1.985846e-08	6.970704e+00	-1.172160e+03
9.000000e-07	1.142945e-09	-1.958786e-08	8.046798e+00	-1.156535e+03
9.100000e-07	1.295358e-09	-1.930645e-08	9.119856e+00	-1.140529e+03
9.200000e-07	1.447277e-09	-1.901158e-08	1.018944e+01	-1.123668e+03
9.300000e-07	1.598646e-09	-1.870145e-08	1.125515e+01	-1.105422e+03
9.400000e-07	1.749428e-09	-1.837202e-08	1.231672e+01	-1.085370e+03
9.500000e-07	1.899593e-09	-1.801844e-08	1.337395e+01	-1.063315e+03
9.600000e-07	2.049092e-09	-1.763256e-08	1.442650e+01	-1.039270e+03
9.700000e-07	2.197858e-09	-1.720734e-08	1.547388e+01	-1.013313e+03
9.800000e-07	2.345847e-09	-1.673451e-08	1.651580e+01	-9.853355e+02
9.900000e-07	2.493006e-09	-1.620090e-08	1.755187e+01	-9.547689e+02
1.000000e-06	2.639269e-09	-1.559224e-08	1.858163e+01	-9.204002e+02
1.010000e-06	2.784597e-09	-1.488908e-08	1.960481e+01	-8.803524e+02
1.020000e-06	2.928922e-09	-1.406605e-08	2.062093e+01	-8.322693e+02
1.030000e-06	3.072184e-09	-1.308986e-08	2.162956e+01	-7.736732e+02
1.040000e-06	3.214314e-09	-1.192027e-08	2.263023e+01	-7.024052e+02
1.050000e-06	3.355193e-09	-1.051190e-08	2.362208e+01	-6.170323e+02
1.060000e-06	3.494754e-09	-8.824738e-09	2.460465e+01	-5.171159e+02
1.070000e-06	3.632972e-09	-6.848606e-09	2.557778e+01	-4.032810e+02
1.080000e-06	3.769826e-09	-4.630334e-09	2.654129e+01	-2.770934e+02
1.090000e-06	3.905302e-09	-2.255331e-09	2.749511e+01	-1.408072e+02
1.100000e-06	4.039388e-09	2.003049e-10	2.843913e+01	2.922915e+00
1.110000e-06	4.172016e-09	2.692332e-09	2.937290e+01	1.512763e+02
1.120000e-06	4.303109e-09	5.199476e-09	3.029586e+01	3.014001e+02
1.130000e-06	4.432654e-09	7.702175e-09	3.120792e+01	4.504466e+02
1.140000e-06	4.560611e-09	1.017784e-08	3.210880e+01	5.955671e+02
1.150000e-06	4.686984e-09	1.258076e-08	3.299853e+01	7.339344e+02
1.160000e-06	4.811742e-09	1.482169e-08	3.387689e+01	8.628517e+02
1.170000e-06	4.934780e-09	1.681055e-08	3.474313e+01	9.799614e+02
1.180000e-06	5.056045e-09	1.851573e-08	3.559690e+01	1.083516e+03
1.190000e-06	5.175465e-09	1.995609e-08	3.643767e+01	1.172629e+03
1.200000e-06	5.292955e-09	2.116548e-08	3.726486e+01	1.247416e+03
1.210000e-06	5.408428e-09	2.217605e-08	3.807784e+01	1.308963e+03
1.220000e-06	5.521813e-09	2.301843e-08	3.887612e+01	1.359103e+03
1.230000e-06	5.633138e-09	2.372105e-08	3.965991e+01	1.400051e+03
1.240000e-06	5.742496e-09	2.430884e-08	4.042984e+01	1.434002e+03
1.250000e-06	5.849860e-09	2.480082e-08	4.118574e+01	1.462783e+03
1.260000e-06	5.955113e-09	2.521087e-08	4.192677e+01	1.487664e+03
1.270000e-06	6.058212e-09	2.555476e-08	4.265264e+01	1.509345e+03
1.280000e-06	6.159137e-09	2.584799e-08	4.336320e+01	1.528111e+03
1.290000e-06	6.257799e-09	2.609761e-08	4.405783e+01	1.544060e+03
1.300000e-06	6.354130e-09	2.630962e-08	4.473605e+01	1.557329e+03
1.310000e-06	6.448227e-09	2.649261e-08	4.539854e+01	1.568226e+03
1.320000e-06	6.540116e-09	2.665326e-08	4.604548e+01	1.577248e+03
1.330000e-06	6.629674e-09	2.679315e-08	4.667601e+01	1.584981e+03
1.340000e-06	6.716868e-09	2.691480e-08	4.728990e+01	1.591959e+03
1.350000e-06	6.801778e-09	2.702305e-08	4.788771e+01	1.598530e+03
1.360000e-06	6.884347e-09	2.711871e-08	4.846903e+01	1.604801e+03
1.370000e-06	6.964406e-09	2.720362e-08	4.903269e+01	1.610672e+03
1.380000e-06	7.041909e-09	2.727843e-08	4.957835e+01	1.615947e+03
1.390000e-06	7.116761e-09	2.734626e-08	5.010534e+01	1.620461e+03
1.400000e-06	7.188926e-09	2.740849e-08	5.061342e+01	1.624184e+03
1.410000e-06	7.258551e-09	2.746533e-08	5.110362e+01	1.627250e+03
1.420000e-06	7.325614e-09	2.751721e-08	5.157577e+01	1.629911e+03
1.430000e-06	7.390006e-09	2.756484e-08	5.202913e+01	1.632437e+03
1.440000e-06	7.451860e-09	2.760890e-08	5.246461e+01	1.635019e+03
1.450000e-06	7.511188e-09	2.764820e-08	5.288230e+01	1.637697e+03
1.460000e-06	7.567837e-09	2.768359e-08	5.328114e+01	1.640366e+03
1.470000e-06	7.621671e-09	2.771649e-08	5.366016e+01	1.642836e+03
1.480000e-06	7.672387e-09	2.774643e-08	5.401722e+01	1.644924e+03
1.490000e-06	7.720021e-09	2.777225e-08	5.435260e+01	1.646544e+03
1.500000e-06	7.764921e-09	2.779584e-08	5.466871e+01	1.647740e+03
1.510000e-06	7.807059e-09	2.781772e-08	5.496538e+01	1.648670e+03
1.520000e-06	7.846373e-09	2.783583e-08	5.524217e+01	1.649534e+03
1.530000e-06	7.883012e-09	2.784944e-08	5.550013e+01	1.650493e+03
1.540000e-06	7.916894e-09	2.786242e-08	5.573868e+01	1.651602e+03
1.550000e-06	7.947950e-09	2.787579e-08	5.595733e+01	1.652794e+03
1.560000e-06	7.976315e-09	2.788730e-08	5.615703e+01	1.653918e+03
1.570000e-06	8.001853e-09	2.789588e-08	5.633683e+01	1.654807e+03
1.580000e-06	8.024500e-09	2.790190e-08	5.649628e+01	1.655356e+03
1.590000e-06	8.044434e-09	2.790610e-08	5.663663e+01	1.655566e+03
1.600000e-06	8.061549e-09	2.790693e-08	5.675713e+01	1.655540e+03
1.610000e-06	8.075665e-09	2.790508e-08	5.685651e+01	1.655438e+03
1.620000e-06	8.086650e-09	2.790451e-08	5.693385e+01	1.655406e+03
1.630000e-06	8.094551e-09	2.790523e-08	5.698948e+01	1.655514e+03
1.640000e-06	8.099657e-09	2.790449e-08	5.702544e+01	1.655732e+03
1.650000e-06	8.101939e-09	2.790073e-08	5.704150e+01	1.655943e+03
1.660000e-06	8.101390e-09	2.789817e-08	5.703764e+01	1.656003e+03
1.670000e-06	8.098260e-09	2.789507e-08	5.701560e+01	1.655804e+03
1.680000e-06	8.092443e-09	2.788697e-08	5.697465e+01	1.655319e+03
1.690000e-06	8.083912e-09	2.787536e-08	5.691459e+01	1.654611e+03
1.700000e-06	8.072725e-09	2.786289e-08	5.683583e+01	1.653805e+03
1.710000e-06	8.058693e-09	2.784865e-08	5.673704e+01	1.653026e+03
1.720000e-06	8.042025e-09	2.782677e-08	5.661969e+01	1.652346e+03
1.730000e-06	8.023083e-09	2.782548e-08	5.648633e+01	1.651753e+03
1.740000e-06	8.001560e-09	2.787152e-08	5.633480e+01	1.651157e+03
1.750000e-06	7.976730e-09	2.784817e-08	5.615999e+01	1.650435e+03
1.760000e-06	7.948243e-09	2.777791e-08	5.595943e+01	1.649484e+03
1.770000e-06	7.916458e-09	2.774259e-08	5.573565e+01	1.648267e+03
1.780000e-06	7.882012e-09	2.770593e-08	5.549313e+01	1.646831e+03
1.790000e-06	7.845081e-09	2.765234e-08	5.523312e+01	1.645281e+03
1.800000e-06	7.805867e-09	2.770516e-08	5.495703e+01	1.643731e+03
1.810000e-06	7.764469e-09	2.767567e-08	5.466557e+01	1.642255e+03
1.820000e-06	7.720546e-09	2.760719e-08	5.435634e+01	1.640851e+03
1.830000e-06	7.674019e-09	2.765564e-08	5.402876e+01	1.639446e+03
1.840000e-06	7.624628e-09	2.754600e-08	5.368103e+01	1.637928e+03
1.850000e-06	7.572188e-09	2.751883e-08	5.331183e+01	1.636201e+03
1.860000e-06	7.516847e-09	2.747839e-08	5.292220e+01	1.634230e+03
1.870000e-06	7.458717e-09	2.743406e-08	5.251295e+01	1.632056e+03
1.880000e-06	7.398022e-09	2.747684e-08	5.208562e+01	1.629782e+03
1.890000e-06	7.334610e-09	2.739177e-08	5.163917e+01	1.627522e+03
1.900000e-06	7.268452e-09	2.738303e-08	5.117340e+01	1.625355e+03
1.910000e-06	7.199579e-09	2.732424e-08	5.068849e+01	1.623279e+03
1.920000e-06	7.127893e-09	2.725593e-08	5.018379e+01	1.621214e+03
1.930000e-06	7.053573e-09	2.722736e-08	4.966055e+01	1.619034e+03
1.940000e-06	6.976509e-09	2.716375e-08	4.911798e+01	1.616617e+03
1.950000e-06	6.896766e-09	2.717485e-08	4.855655e+01	1.613904e+03
1.960000e-06	6.814583e-09	2.710166e-08	4.797795e+01	1.610918e+03
1.970000e-06	6.729980e-09	2.706900e-08	4.738230e+01	1.607758e+03
1.980000e-06	6.642900e-09	2.700910e-08	4.676922e+01	1.604555e+03
1.990000e-06	6.553404e-09	2.692518e-08	4.613912e+01	1.601413e+03
2.000000e-06	6.461707e-09	2.688972e-08	4.549354e+01	1.598364e+03
2.010000e-06	6.367695e-09	2.681684e-08	4.483165e+01	1.595351e+03
2.020000e-06	6.271362e-09	2.678846e-08	4.415342e+01	1.592254e+03
2.030000e-06	6.172818e-09	2.671829e-08	4.345963e+01	1.588944e+03
2.040000e-06	6.072090e-09	2.667105e-08	4.275045e+01	1.585334e+03
2.050000e-06	5.969126e-09	2.659835e-08	4.202554e+01	1.581421e+03
2.060000e-06	5.863975e-09	2.652517e-08	4.128523e+01	1.577288e+03
2.070000e-06	5.756832e-09	2.645800e-08	4.053089e+01	1.573061e+03
2.080000e-06	5.647666e-09	2.637878e-08	3.976231e+01	1.568860e+03
2.090000e-06	5.536428e-09	2.631437e-08	3.897914e+01	1.564736e+03
2.100000e-06	5.423055e-09	2.623450e-08	3.818095e+01	1.560656e+03
2.110000e-06	5.307587e-09	2.616794e-08	3.736800e+01	1.556508e+03
2.120000e-06	5.190032e-09	2.608646e-08	3.654036e+01	1.552156e+03
2.130000e-06	5.070449e-09	2.600783e-08	3.569844e+01	1.547498e+03
2.140000e-06	4.949024e-09	2.592011e-08	3.484355e+01	1.542511e+03
2.150000e-06	4.825852e-09	2.584018e-08	3.397636e+01	1.537260e+03
2.160000e-06	4.700942e-09	2.575043e-08	3.309694e+01	1.531874e+03
2.170000e-06	4.574333e-09	2.566061e-08	3.220555e+01	1.526478e+03
2.180000e-06	4.446088e-09	2.556894e-08	3.130264e+01	1.521142e+03
2.190000e-06	4.316279e-09	2.547777e-08	3.038873e+01	1.515844e+03
2.200000e-06	4.184974e-09	2.538396e-08	2.946428e+01	1.510472e+03
2.210000e-06	4.052144e-09	2.528127e-08	2.852909e+01	1.504877e+03
2.220000e-06	3.917853e-09	2.518130e-08	2.758362e+01	1.498934e+03
2.230000e-06	3.782114e-09	2.507367e-08	2.662795e+01	1.492598e+03
2.240000e-06	3.644961e-09	2.496687e-08	2.566233e+01	1.485930e+03
2.250000e-06	3.506479e-09	2.485160e-08	2.468735e+01	1.479066e+03
2.260000e-06	3.366698e-09	2.473923e-08	2.370323e+01	1.472161e+03
2.270000e-06	3.225636e-09	2.462301e-08	2.271009e+01	1.465313e+03
2.280000e-06	3.083343e-09	2.450291e-08	2.170828e+01	1.458521e+03
2.290000e-06	2.939892e-09	2.438087e-08	2.069832e+01	1.451673e+03
2.300000e-06	2.795334e-09	2.425651e-08	1.968056e+01	1.444596e+03
2.310000e-06	2.649800e-09	2.412834e-08	1.865593e+01	1.437126e+03
2.320000e-06	2.503399e-09	2.399238e-08	1.762520e+01	1.429181e+03
2.330000e-06	2.356136e-09	2.385181e-08	1.658840e+01	1.420799e+03
2.340000e-06	2.208003e-09	2.370926e-08	1.554547e+01	1.412127e+03
2.350000e-06	2.059075e-09	2.356357e-08	1.449695e+01	1.403353e+03
2.360000e-06	1.909437e-09	2.341566e-08	1.344343e+01	1.394625e+03
2.370000e-06	1.759143e-09	2.326535e-08	1.238529e+01	1.385977e+03
2.380000e-06	1.608275e-09	2.311255e-08	1.132310e+01	1.377310e+03
2.390000e-06	1.456874e-09	2.295606e-08	1.025717e+01	1.368427e+03
2.400000e-06	1.304920e-09	2.279356e-08	9.187344e+00	1.359113e+03
2.410000e-06	1.152429e-09	2.262517e-08	8.113735e+00	1.349231e+03
2.420000e-06	9.994797e-10	2.245182e-08	7.036899e+00	1.338783e+03
2.430000e-06	8.461737e-10	2.227532e-08	5.957551e+00	1.327911e+03
2.440000e-06	6.925938e-10	2.209400e-08	4.876273e+00	1.316836e+03
2.450000e-06	5.387999e-10	2.191021e-08	3.793490e+00	1.305755e+03
2.460000e-06	3.848336e-10	2.172174e-08	2.709492e+00	1.294741e+03
2.470000e-06	2.307320e-10	2.152801e-08	1.624542e+00	1.283689e+03
2.480000e-06	7.655416e-11	2.132772e-08	5.390561e-01	1.272341e+03
2.490000e-06	-7.761968e-11	2.111767e-08	-5.464023e-01	1.260377e+03
2.500000e-06	-2.317422e-10	2.089734e-08	-1.631500e+00	1.247542e+03
2.510000e-06	-3.857725e-10	2.066930e-08	-2.715948e+00	1.233750e+03
2.520000e-06	-5.396617e-10	2.043419e-08	-3.799403e+00	1.219121e+03
2.530000e-06	-6.933606e-10	2.018850e-08	-4.881518e+00	1.203931e+03
2.540000e-06	-8.468142e-10	1.993166e-08	-5.961906e+00	1.188482e+03
2.550000e-06	-9.999455e-10	1.966488e-08	-7.040026e+00	1.172953e+03
2.560000e-06	-1.152670e-09	1.938879e-08	-8.115284e+00	1.157287e+03
2.570000e-06	-1.304930e-09	1.910109e-08	-9.187265e+00	1.141164e+03
2.580000e-06	-1.456658e-09	1.879904e-08	-1.025550e+01	1.124090e+03
2.590000e-06	-1.607846e-09	1.848175e-08	-1.131994e+01	1.105541e+03
2.600000e-06	-1.758484e-09	1.814537e-08	-1.238050e+01	1.085134e+03
2.610000e-06	-1.908487e-09	1.778486e-08	-1.343659e+01	1.062713e+03
2.620000e-06	-2.057805e-09	1.739334e-08	-1.448786e+01	1.038318e+03
2.630000e-06	-2.206387e-09	1.696231e-08	-1.553395e+01	1.012014e+03
2.640000e-06	-2.354162e-09	1.648271e-08	-1.657436e+01	9.836264e+02
2.650000e-06	-2.501100e-09	1.594212e-08	-1.760887e+01	9.524796e+02
2.660000e-06	-2.647181e-09	1.532518e-08	-1.863735e+01	9.172356e+02
2.670000e-06	-2.792343e-09	1.461106e-08	-1.965936e+01	8.759114e+02
2.680000e-06	-2.936476e-09	1.377516e-08	-2.067413e+01	8.260991e+02
2.690000e-06	-3.079499e-09	1.278488e-08	-2.168108e+01	7.653464e+02
2.700000e-06	-3.221349e-09	1.159978e-08	-2.267977e+01	6.915996e+02
2.710000e-06	-3.361938e-09	1.017580e-08	-2.366958e+01	6.035921e+02
2.720000e-06	-3.501234e-09	8.474579e-09	-2.465029e+01	5.010792e+02
2.730000e-06	-3.639256e-09	6.498650e-09	-2.562203e+01	3.848701e+02
2.740000e-06	-3.775929e-09	4.305919e-09	-2.658428e+01	2.566757e+02
2.750000e-06	-3.911186e-09	1.977317e-09	-2.753655e+01	1.188430e+02
2.760000e-06	-4.045049e-09	-4.186516e-10	-2.847901e+01	-2.592932e+01
2.770000e-06	-4.177465e-09	-2.839301e-09	-2.941128e+01	-1.748085e+02
2.780000e-06	-4.308372e-09	-5.266149e-09	-3.033292e+01	-3.249421e+02
2.790000e-06	-4.437790e-09	-7.694779e-09	-3.124409e+01	-4.734830e+02
2.800000e-06	-4.565666e-09	-1.011302e-08	-3.214440e+01	-6.175826e+02
2.810000e-06	-4.691911e-09	-1.246749e-08	-3.303323e+01	-7.544262e+02
2.820000e-06	-4.816499e-09	-1.466591e-08	-3.391039e+01	-8.813606e+02
2.830000e-06	-4.939375e-09	-1.662444e-08	-3.477550e+01	-9.961185e+02
2.840000e-06	-5.060474e-09	-1.830964e-08	-3.562809e+01	-1.097092e+03
2.850000e-06	-5.179686e-09	-1.973504e-08	-3.646740e+01	-1.183571e+03
2.860000e-06	-5.296875e-09	-2.093227e-08	-3.729247e+01	-1.255855e+03
2.870000e-06	-5.411907e-09	-2.193484e-08	-3.810234e+01	-1.315186e+03
2.880000e-06	-5.524724e-09	-2.277277e-08	-3.889663e+01	-1.363496e+03
2.890000e-06	-5.635401e-09	-2.347355e-08	-3.967584e+01	-1.403025e+03
2.900000e-06	-5.744068e-09	-2.406057e-08	-4.044092e+01	-1.435922e+03
2.910000e-06	-5.850831e-09	-2.455115e-08	-4.119258e+01	-1.463923e+03
2.920000e-06	-5.955606e-09	-2.496123e-08	-4.193025e+01	-1.488189e+03
2.930000e-06	-6.058200e-09	-2.530716e-08	-4.265255e+01	-1.509331e+03
2.940000e-06	-6.158547e-09	-2.560214e-08	-4.335905e+01	-1.527581e+03
2.950000e-06	-6.256751e-09	-2.585406e-08	-4.405045e+01	-1.543031e+03
2.960000e-06	-6.352820e-09	-2.607063e-08	-4.472683e+01	-1.555842e+03
2.970000e-06	-6.446620e-09	-2.625986e-08	-4.538722e+01	-1.566359e+03
2.980000e-06	-6.538109e-09	-2.642637e-08	-4.603135e+01	-1.575105e+03
2.990000e-06	-6.627347e-09	-2.657171e-08	-4.665964e+01	-1.582667e+03
3.000000e-06	-6.714249e-09	-2.669708e-08	-4.727147e+01	-1.589553e+03
3.010000e-06	-6.798681e-09	-2.680709e-08	-4.786591e+01	-1.596069e+03
3.020000e-06	-6.880724e-09	-2.690625e-08	-4.844353e+01	-1.602279e+03
3.030000e-06	-6.960338e-09	-2.699636e-08	-4.900405e+01	-1.608057e+03
3.040000e-06	-7.037265e-09	-2.707735e-08	-4.954565e+01	-1.613203e+03
3.050000e-06	-7.111511e-09	-2.715089e-08	-5.006838e+01	-1.617571e+03
3.060000e-06	-7.183180e-09	-2.721831e-08	-5.057296e+01	-1.621161e+03
3.070000e-06	-7.252230e-09	-2.728032e-08	-5.105912e+01	-1.624133e+03
3.080000e-06	-7.318723e-09	-2.733628e-08	-5.152726e+01	-1.626751e+03
3.090000e-06	-7.382707e-09	-2.738576e-08	-5.197774e+01	-1.629278e+03
3.100000e-06	-7.444056e-09	-2.743015e-08	-5.240966e+01	-1.631879e+03
3.110000e-06	-7.502726e-09	-2.747148e-08	-5.282273e+01	-1.634566e+03
3.120000e-06	-7.558688e-09	-2.750881e-08	-5.321673e+01	-1.637214e+03
3.130000e-06	-7.611765e-09	-2.754349e-08	-5.359042e+01	-1.639625e+03
3.140000e-06	-7.661775e-09	-2.757621e-08	-5.394251e+01	-1.641632e+03
3.150000e-06	-7.708736e-09	-2.760630e-08	-5.427314e+01	-1.643167e+03
3.160000e-06	-7.753054e-09	-2.763365e-08	-5.458516e+01	-1.644301e+03
3.170000e-06	-7.794949e-09	-2.765829e-08	-5.488012e+01	-1.645204e+03
3.180000e-06	-7.834169e-09	-2.767992e-08	-5.515625e+01	-1.646077e+03
3.190000e-06	-7.870588e-09	-2.769968e-08	-5.541266e+01	-1.647062e+03
3.200000e-06	-7.904297e-09	-2.771724e-08	-5.564999e+01	-1.648194e+03
3.210000e-06	-7.935169e-09	-2.773256e-08	-5.586735e+01	-1.649387e+03
3.220000e-06	-7.963133e-09	-2.774773e-08	-5.606422e+01	-1.650479e+03
3.230000e-06	-7.988341e-09	-2.776313e-08	-5.624170e+01	-1.651311e+03
3.240000e-06	-8.010716e-09	-2.777676e-08	-5.639924e+01	-1.651795e+03
3.250000e-06	-8.030222e-09	-2.778598e-08	-5.653657e+01	-1.651951e+03
3.260000e-06	-8.046934e-09	-2.779171e-08	-5.665423e+01	-1.651900e+03
3.270000e-06	-8.060587e-09	-2.779603e-08	-5.675036e+01	-1.651801e+03
3.280000e-06	-8.071148e-09	-2.780050e-08	-5.682471e+01	-1.651792e+03
3.290000e-06	-8.078839e-09	-2.780320e-08	-5.687886e+01	-1.651926e+03
3.300000e-06	-8.083640e-09	-2.780591e-08	-5.691266e+01	-1.652152e+03
3.310000e-06	-8.085638e-09	-2.780847e-08	-5.692673e+01	-1.652345e+03
