# Configuracion:
# Concentracion g/m^3_=_20000.0
# C_Vs_to_Am_M_A/Vsm_=_59384043850.047264
# pendiente_HvsI_1/m_=_3716.3
# ordenada_HvsI_A/m_=_1297.0
# frecuencia_ref_Hz_=_301665.0892368143
# 
Resultados:
# tau_ns_=_(1.77+/-0.09)e+02
# dphi_rad_=_6.61+/-0.01
# SAR_W/g_=_2062.32+/-127.88
# Hc_kA/m_=_22.15+/-0.86
# Mr_A/m_=_1157.48+/-27.20
# Magnetizacion_max_=_1595.88+/-34.18
# Suceptibilidad_a_M=0_=_(1.460+/-0.023)e-01

Nombre_archivo	Time_m_(s)	Temperatura_(ºC)	Mr_(A/m)	Hc_(kA/m)	Campo_max_(A/m)	Mag_max_(A/m)	f0	mag0	dphi0	SAR_(W/g)	Tau_(ns)	N	xi_M_0
300kHz_150dA_100Mss_bobN1M20-0009.txt	5.03	22.59	1166.17	23.47	57041.50	1615.35	3.016591e+05	1.423415e+02	6.628303e+00	2208.37	189.671445	4641	1.407e-01
300kHz_150dA_100Mss_bobN1M20-0010.txt	5.47	26.76	1198.40	23.18	57041.50	1654.55	3.016591e+05	1.460755e+02	6.623877e+00	2238.38	187.038532	4641	1.486e-01
300kHz_150dA_100Mss_bobN1M20-0011.txt	5.92	31.04	1196.06	23.14	57041.50	1646.91	3.016591e+05	1.454904e+02	6.623378e+00	2226.28	186.743241	4641	1.493e-01
300kHz_150dA_100Mss_bobN1M20-0012.txt	6.37	35.39	1185.49	22.84	57041.50	1629.44	3.016591e+05	1.441350e+02	6.618591e+00	2175.68	183.905151	4641	1.447e-01
300kHz_150dA_100Mss_bobN1M20-0013.txt	6.82	39.75	1179.07	22.70	57041.50	1621.48	3.016591e+05	1.435249e+02	6.616258e+00	2151.97	182.526094	4641	1.452e-01
300kHz_150dA_100Mss_bobN1M20-0014.txt	7.27	44.09	1171.54	22.52	57041.50	1610.16	3.016591e+05	1.426259e+02	6.613208e+00	2119.62	180.726485	4641	1.468e-01
300kHz_150dA_100Mss_bobN1M20-0015.txt	7.71	48.32	1164.18	22.32	57041.50	1598.85	3.016591e+05	1.417556e+02	6.610060e+00	2087.32	178.871896	4641	1.478e-01
300kHz_150dA_100Mss_bobN1M20-0016.txt	8.16	52.57	1155.49	22.09	57041.50	1592.58	3.016591e+05	1.412058e+02	6.605417e+00	2050.73	176.145138	4641	1.469e-01
300kHz_150dA_100Mss_bobN1M20-0017.txt	8.62	56.80	1151.91	21.99	57041.50	1578.73	3.016591e+05	1.402047e+02	6.604993e+00	2033.60	175.896691	4641	1.464e-01
300kHz_150dA_100Mss_bobN1M20-0018.txt	9.11	61.31	1144.07	21.72	57041.50	1573.49	3.016591e+05	1.397606e+02	6.599778e+00	1995.42	172.843226	4641	1.450e-01
300kHz_150dA_100Mss_bobN1M20-0019.txt	10.01	69.59	1138.80	21.42	57041.50	1567.01	3.016591e+05	1.392643e+02	6.594980e+00	1959.19	170.045835	4641	1.470e-01
300kHz_150dA_100Mss_bobN1M20-0020.txt	10.46	73.64	1130.88	21.17	57041.50	1562.73	3.016591e+05	1.389062e+02	6.589621e+00	1921.64	166.929728	4641	1.485e-01
300kHz_150dA_100Mss_bobN1M20-0021.txt	10.92	77.78	1118.01	20.82	57041.50	1553.54	3.016591e+05	1.380730e+02	6.583196e+00	1871.29	163.208196	4641	1.429e-01
300kHz_150dA_100Mss_bobN1M20-0022.txt	11.36	81.49	1104.61	20.65	57041.50	1537.51	3.016591e+05	1.366542e+02	6.580014e+00	1833.00	161.370726	4641	1.444e-01
