# Configuracion:
# Concentracion g/m^3_=_20000.0
# C_Vs_to_Am_M_A/Vsm_=_59384043850.047264
# pendiente_HvsI_1/m_=_3716.3
# ordenada_HvsI_A/m_=_1297.0
# frecuencia_ref_Hz_=_301650.6074635123
# 
Resultados:
# tau_ns_=_(1.72+/-0.10)e+02
# dphi_rad_=_6.60+/-0.02
# SAR_W/g_=_2034.48+/-163.84
# Hc_kA/m_=_21.59+/-0.98
# Mr_A/m_=_1165.76+/-41.31
# Magnetizacion_max_=_1611.15+/-49.60
# Suceptibilidad_a_M=0_=_(1.460+/-0.017)e-01

Nombre_archivo	Time_m_(s)	Temperatura_(ºC)	Mr_(A/m)	Hc_(kA/m)	Campo_max_(A/m)	Mag_max_(A/m)	f0	mag0	dphi0	SAR_(W/g)	Tau_(ns)	N	xi_M_0
300kHz_150dA_100Mss_bobN1M20-0010.txt	5.39	30.66	1221.91	23.10	57041.50	1684.50	3.016591e+05	1.487359e+02	6.624451e+00	2282.84	187.389604	4641	1.443e-01
300kHz_150dA_100Mss_bobN1M20-0011.txt	5.85	35.22	1212.17	22.65	57041.50	1674.56	3.016591e+05	1.480383e+02	6.616526e+00	2221.36	182.692114	4641	1.463e-01
300kHz_150dA_100Mss_bobN1M20-0012.txt	6.31	39.74	1207.25	22.58	57041.50	1661.15	3.016591e+05	1.470304e+02	6.615954e+00	2202.59	182.354628	4641	1.470e-01
300kHz_150dA_100Mss_bobN1M20-0013.txt	6.76	44.15	1200.92	22.45	57041.50	1650.77	3.016591e+05	1.461863e+02	6.613934e+00	2177.14	181.163712	4641	1.479e-01
300kHz_150dA_100Mss_bobN1M20-0014.txt	7.24	48.73	1197.78	22.45	57041.50	1641.72	3.016591e+05	1.454697e+02	6.614318e+00	2168.89	181.390306	4641	1.482e-01
300kHz_150dA_100Mss_bobN1M20-0015.txt	7.69	52.92	1189.30	22.24	57041.50	1632.01	3.016591e+05	1.446803e+02	6.610590e+00	2133.71	179.193760	4641	1.494e-01
300kHz_150dA_100Mss_bobN1M20-0016.txt	8.15	57.18	1179.43	21.96	57041.50	1620.29	3.016591e+05	1.437739e+02	6.605611e+00	2089.24	176.268611	4641	1.449e-01
300kHz_150dA_100Mss_bobN1M20-0017.txt	8.62	61.50	1173.98	21.80	57041.50	1617.73	3.016591e+05	1.435065e+02	6.602350e+00	2064.99	174.358300	4641	1.454e-01
300kHz_150dA_100Mss_bobN1M20-0018.txt	9.07	65.62	1165.41	21.53	57041.50	1608.18	3.016591e+05	1.427658e+02	6.597695e+00	2025.36	171.637555	4641	1.469e-01
300kHz_150dA_100Mss_bobN1M20-0019.txt	10.26	73.90	1153.87	21.02	57041.50	1600.61	3.016591e+05	1.421901e+02	6.588215e+00	1958.33	166.124400	4641	1.445e-01
300kHz_150dA_100Mss_bobN1M20-0020.txt	10.74	73.90	1148.29	20.84	57041.50	1597.79	3.016591e+05	1.419196e+02	6.584661e+00	1932.52	164.065153	4641	1.440e-01
300kHz_150dA_100Mss_bobN1M20-0021.txt	11.2	75.64	1135.96	20.59	57041.50	1580.06	3.016591e+05	1.404876e+02	6.580494e+00	1887.37	161.656601	4641	1.457e-01
300kHz_150dA_100Mss_bobN1M20-0022.txt	11.67	79.73	1123.66	20.50	57041.50	1563.91	3.016591e+05	1.390556e+02	6.578753e+00	1857.52	160.653210	4641	1.464e-01
300kHz_150dA_100Mss_bobN1M20-0023.txt	12.13	84.48	1102.12	20.22	57041.50	1535.67	3.016591e+05	1.366555e+02	6.573997e+00	1796.92	157.914777	4641	1.471e-01
300kHz_150dA_100Mss_bobN1M20-0024.txt	12.7	92.75	1074.41	19.88	57041.50	1498.29	3.016591e+05	1.334118e+02	6.567881e+00	1718.39	154.404725	4641	1.427e-01
