# Temperatura_=_58.56545454545456
# Concentracion g/m^3_=_20000.0
# C_Vs_to_Am_M_A/Vsm_=_59384043850.047264
# pendiente_HvsI_1/m_=_3716.3
# ordenada_HvsI_A/m_=_1297.0
# frecuencia_Hz_=_301170.09370720957
# Promedio de 22 ciclos

Tiempo_(s)	Campo_(V.s)	Magnetizacion_(V.s)	Campo_(kA/m)	Magnetizacion_(A/m)
0.000000e+00	-5.410215e-09	-2.511659e-08	-3.823375e+01	-1.490880e+03
1.000000e-08	-5.408166e-09	-2.511462e-08	-3.821928e+01	-1.490857e+03
2.000000e-08	-5.404200e-09	-2.511117e-08	-3.819124e+01	-1.490688e+03
3.000000e-08	-5.398550e-09	-2.510541e-08	-3.815132e+01	-1.490384e+03
4.000000e-08	-5.391296e-09	-2.509791e-08	-3.810005e+01	-1.489952e+03
5.000000e-08	-5.382331e-09	-2.508908e-08	-3.803670e+01	-1.489392e+03
6.000000e-08	-5.371352e-09	-2.508026e-08	-3.795911e+01	-1.488695e+03
7.000000e-08	-5.358356e-09	-2.507165e-08	-3.786727e+01	-1.487853e+03
8.000000e-08	-5.343294e-09	-2.505027e-08	-3.776083e+01	-1.486863e+03
9.000000e-08	-5.325834e-09	-2.501705e-08	-3.763744e+01	-1.485734e+03
1.000000e-07	-5.306132e-09	-2.499400e-08	-3.749821e+01	-1.484488e+03
1.100000e-07	-5.284551e-09	-2.498386e-08	-3.734570e+01	-1.483155e+03
1.200000e-07	-5.261341e-09	-2.497701e-08	-3.718167e+01	-1.481768e+03
1.300000e-07	-5.236824e-09	-2.497221e-08	-3.700841e+01	-1.480348e+03
1.400000e-07	-5.210824e-09	-2.491131e-08	-3.682467e+01	-1.478901e+03
1.500000e-07	-5.182907e-09	-2.486423e-08	-3.662738e+01	-1.477410e+03
1.600000e-07	-5.153286e-09	-2.487393e-08	-3.641805e+01	-1.475840e+03
1.700000e-07	-5.122113e-09	-2.483020e-08	-3.619775e+01	-1.474149e+03
1.800000e-07	-5.088950e-09	-2.477577e-08	-3.596339e+01	-1.472297e+03
1.900000e-07	-5.053812e-09	-2.475161e-08	-3.571507e+01	-1.470260e+03
2.000000e-07	-5.017099e-09	-2.472145e-08	-3.545562e+01	-1.468036e+03
2.100000e-07	-4.978676e-09	-2.470036e-08	-3.518409e+01	-1.465646e+03
2.200000e-07	-4.938507e-09	-2.466329e-08	-3.490022e+01	-1.463123e+03
2.300000e-07	-4.896522e-09	-2.458319e-08	-3.460351e+01	-1.460505e+03
2.400000e-07	-4.852547e-09	-2.453050e-08	-3.429275e+01	-1.457819e+03
2.500000e-07	-4.806765e-09	-2.450422e-08	-3.396920e+01	-1.455077e+03
2.600000e-07	-4.759202e-09	-2.446908e-08	-3.363308e+01	-1.452271e+03
2.700000e-07	-4.709746e-09	-2.440966e-08	-3.328358e+01	-1.449377e+03
2.800000e-07	-4.658228e-09	-2.435547e-08	-3.291950e+01	-1.446369e+03
2.900000e-07	-4.604693e-09	-2.432137e-08	-3.254117e+01	-1.443223e+03
3.000000e-07	-4.549474e-09	-2.426583e-08	-3.215094e+01	-1.439926e+03
3.100000e-07	-4.492734e-09	-2.419135e-08	-3.174996e+01	-1.436483e+03
3.200000e-07	-4.434317e-09	-2.411637e-08	-3.133714e+01	-1.432910e+03
3.300000e-07	-4.374183e-09	-2.406614e-08	-3.091217e+01	-1.429228e+03
3.400000e-07	-4.312561e-09	-2.402402e-08	-3.047669e+01	-1.425456e+03
3.500000e-07	-4.249552e-09	-2.395558e-08	-3.003141e+01	-1.421603e+03
3.600000e-07	-4.185105e-09	-2.387247e-08	-2.957596e+01	-1.417667e+03
3.700000e-07	-4.119026e-09	-2.380223e-08	-2.910899e+01	-1.413633e+03
3.800000e-07	-4.051237e-09	-2.374174e-08	-2.862993e+01	-1.409483e+03
3.900000e-07	-3.981965e-09	-2.367031e-08	-2.814038e+01	-1.405198e+03
4.000000e-07	-3.911419e-09	-2.358673e-08	-2.764183e+01	-1.400768e+03
4.100000e-07	-3.839603e-09	-2.351473e-08	-2.713432e+01	-1.396191e+03
4.200000e-07	-3.766375e-09	-2.345036e-08	-2.661681e+01	-1.391474e+03
4.300000e-07	-3.691528e-09	-2.337068e-08	-2.608788e+01	-1.386629e+03
4.400000e-07	-3.615103e-09	-2.327377e-08	-2.554779e+01	-1.381671e+03
4.500000e-07	-3.537276e-09	-2.318093e-08	-2.499779e+01	-1.376608e+03
4.600000e-07	-3.458016e-09	-2.310295e-08	-2.443766e+01	-1.371443e+03
4.700000e-07	-3.377348e-09	-2.301832e-08	-2.386758e+01	-1.366170e+03
4.800000e-07	-3.295439e-09	-2.292432e-08	-2.328873e+01	-1.360777e+03
4.900000e-07	-3.212408e-09	-2.283055e-08	-2.270196e+01	-1.355249e+03
5.000000e-07	-3.128344e-09	-2.274325e-08	-2.210788e+01	-1.349575e+03
5.100000e-07	-3.043356e-09	-2.264983e-08	-2.150727e+01	-1.343744e+03
5.200000e-07	-2.957439e-09	-2.253935e-08	-2.090010e+01	-1.337753e+03
5.300000e-07	-2.870527e-09	-2.242756e-08	-2.028590e+01	-1.331602e+03
5.400000e-07	-2.782663e-09	-2.232799e-08	-1.966497e+01	-1.325299e+03
5.500000e-07	-2.693879e-09	-2.222963e-08	-1.903753e+01	-1.318848e+03
5.600000e-07	-2.604045e-09	-2.211592e-08	-1.840268e+01	-1.312256e+03
5.700000e-07	-2.513067e-09	-2.199807e-08	-1.775975e+01	-1.305524e+03
5.800000e-07	-2.421101e-09	-2.188577e-08	-1.710982e+01	-1.298649e+03
5.900000e-07	-2.328378e-09	-2.177085e-08	-1.645456e+01	-1.291621e+03
6.000000e-07	-2.234930e-09	-2.164515e-08	-1.579416e+01	-1.284430e+03
6.100000e-07	-2.140686e-09	-2.151606e-08	-1.512815e+01	-1.277062e+03
6.200000e-07	-2.045664e-09	-2.139401e-08	-1.445663e+01	-1.269506e+03
6.300000e-07	-1.949942e-09	-2.127094e-08	-1.378017e+01	-1.261758e+03
6.400000e-07	-1.853587e-09	-2.113520e-08	-1.309923e+01	-1.253816e+03
6.500000e-07	-1.756567e-09	-2.099184e-08	-1.241359e+01	-1.245684e+03
6.600000e-07	-1.658774e-09	-2.085415e-08	-1.172250e+01	-1.237370e+03
6.700000e-07	-1.560202e-09	-2.071771e-08	-1.102590e+01	-1.228877e+03
6.800000e-07	-1.460978e-09	-2.057226e-08	-1.032468e+01	-1.220207e+03
6.900000e-07	-1.361213e-09	-2.042022e-08	-9.619647e+00	-1.211352e+03
7.000000e-07	-1.261001e-09	-2.027159e-08	-8.911453e+00	-1.202296e+03
7.100000e-07	-1.160430e-09	-2.012263e-08	-8.200723e+00	-1.193022e+03
7.200000e-07	-1.059526e-09	-1.996182e-08	-7.487639e+00	-1.183509e+03
7.300000e-07	-9.582915e-10	-1.979187e-08	-6.772216e+00	-1.173742e+03
7.400000e-07	-8.567209e-10	-1.962208e-08	-6.054421e+00	-1.163717e+03
7.500000e-07	-7.548311e-10	-1.945332e-08	-5.334371e+00	-1.153432e+03
7.600000e-07	-6.526530e-10	-1.927645e-08	-4.612282e+00	-1.142894e+03
7.700000e-07	-5.502406e-10	-1.909131e-08	-3.888538e+00	-1.132108e+03
7.800000e-07	-4.476535e-10	-1.890515e-08	-3.163559e+00	-1.121070e+03
7.900000e-07	-3.449113e-10	-1.871960e-08	-2.437485e+00	-1.109764e+03
8.000000e-07	-2.420500e-10	-1.852598e-08	-1.710568e+00	-1.098159e+03
8.100000e-07	-1.391081e-10	-1.831933e-08	-9.830818e-01	-1.086209e+03
8.200000e-07	-3.611978e-11	-1.810772e-08	-2.552678e-01	-1.073858e+03
8.300000e-07	6.688087e-11	-1.789424e-08	4.726334e-01	-1.061046e+03
8.400000e-07	1.698643e-10	-1.767292e-08	1.200413e+00	-1.047716e+03
8.500000e-07	2.727822e-10	-1.743791e-08	1.927730e+00	-1.033817e+03
8.600000e-07	3.756000e-10	-1.719345e-08	2.654339e+00	-1.019307e+03
8.700000e-07	4.783054e-10	-1.694376e-08	3.380153e+00	-1.004154e+03
8.800000e-07	5.808628e-10	-1.668113e-08	4.104922e+00	-9.883334e+02
8.900000e-07	6.832113e-10	-1.639829e-08	4.828215e+00	-9.718299e+02
9.000000e-07	7.853118e-10	-1.610182e-08	5.549755e+00	-9.546358e+02
9.100000e-07	8.871160e-10	-1.580042e-08	6.269201e+00	-9.367494e+02
9.200000e-07	9.885775e-10	-1.549042e-08	6.986225e+00	-9.181714e+02
9.300000e-07	1.089707e-09	-1.516609e-08	7.700902e+00	-8.988978e+02
9.400000e-07	1.190529e-09	-1.482974e-08	8.413408e+00	-8.789088e+02
9.500000e-07	1.291027e-09	-1.448289e-08	9.123621e+00	-8.581555e+02
9.600000e-07	1.391134e-09	-1.411919e-08	9.831075e+00	-8.365469e+02
9.700000e-07	1.490736e-09	-1.373434e-08	1.053496e+01	-8.139410e+02
9.800000e-07	1.589703e-09	-1.332949e-08	1.123436e+01	-7.901435e+02
9.900000e-07	1.687958e-09	-1.290466e-08	1.192872e+01	-7.649145e+02
1.000000e-06	1.785479e-09	-1.245268e-08	1.261789e+01	-7.379821e+02
1.010000e-06	1.882283e-09	-1.196363e-08	1.330201e+01	-7.090586e+02
1.020000e-06	1.978392e-09	-1.143329e-08	1.398120e+01	-6.778522e+02
1.030000e-06	2.073799e-09	-1.085986e-08	1.465544e+01	-6.440721e+02
1.040000e-06	2.168487e-09	-1.023875e-08	1.532460e+01	-6.074207e+02
1.050000e-06	2.262440e-09	-9.561867e-09	1.598855e+01	-5.675797e+02
1.060000e-06	2.355676e-09	-8.823790e-09	1.664745e+01	-5.241932e+02
1.070000e-06	2.448266e-09	-8.019922e-09	1.730178e+01	-4.768592e+02
1.080000e-06	2.540142e-09	-7.141928e-09	1.795107e+01	-4.251393e+02
1.090000e-06	2.631040e-09	-6.181767e-09	1.859344e+01	-3.685917e+02
1.100000e-06	2.720768e-09	-5.132993e-09	1.922754e+01	-3.068284e+02
1.110000e-06	2.809396e-09	-3.992499e-09	1.985387e+01	-2.395895e+02
1.120000e-06	2.897055e-09	-2.758629e-09	2.047336e+01	-1.668210e+02
1.130000e-06	2.983755e-09	-1.433447e-09	2.108606e+01	-8.874065e+01
1.140000e-06	3.069477e-09	-2.590939e-11	2.169186e+01	-5.875250e+00
1.150000e-06	3.154267e-09	1.446314e-09	2.229106e+01	8.094051e+01
1.160000e-06	3.238096e-09	2.962296e-09	2.288348e+01	1.706063e+02
1.170000e-06	3.320749e-09	4.502756e-09	2.346759e+01	2.618338e+02
1.180000e-06	3.402113e-09	6.045738e-09	2.404258e+01	3.532476e+02
1.190000e-06	3.482229e-09	7.567825e-09	2.460876e+01	4.434917e+02
1.200000e-06	3.561096e-09	9.048028e-09	2.516610e+01	5.313262e+02
1.210000e-06	3.638704e-09	1.046885e-08	2.571456e+01	6.157010e+02
1.220000e-06	3.715035e-09	1.181678e-08	2.625398e+01	6.957988e+02
1.230000e-06	3.789891e-09	1.308093e-08	2.678299e+01	7.710495e+02
1.240000e-06	3.863143e-09	1.425358e-08	2.730066e+01	8.411168e+02
1.250000e-06	3.934952e-09	1.533546e-08	2.780813e+01	9.058685e+02
1.260000e-06	4.005413e-09	1.633049e-08	2.830607e+01	9.653371e+02
1.270000e-06	4.074540e-09	1.724070e-08	2.879459e+01	1.019677e+03
1.280000e-06	4.142326e-09	1.806867e-08	2.927363e+01	1.069129e+03
1.290000e-06	4.208519e-09	1.881895e-08	2.974141e+01	1.113981e+03
1.300000e-06	4.273065e-09	1.949725e-08	3.019756e+01	1.154550e+03
1.310000e-06	4.336158e-09	2.010906e-08	3.064343e+01	1.191160e+03
1.320000e-06	4.397847e-09	2.065817e-08	3.107939e+01	1.224129e+03
1.330000e-06	4.458193e-09	2.115036e-08	3.150585e+01	1.253762e+03
1.340000e-06	4.517003e-09	2.159328e-08	3.192146e+01	1.280352e+03
1.350000e-06	4.574002e-09	2.199163e-08	3.232427e+01	1.304179e+03
1.360000e-06	4.629292e-09	2.234904e-08	3.271500e+01	1.325512e+03
1.370000e-06	4.682938e-09	2.266805e-08	3.309412e+01	1.344607e+03
1.380000e-06	4.734693e-09	2.295291e-08	3.345987e+01	1.361708e+03
1.390000e-06	4.784371e-09	2.320815e-08	3.381094e+01	1.377042e+03
1.400000e-06	4.832157e-09	2.343575e-08	3.414864e+01	1.390813e+03
1.410000e-06	4.878290e-09	2.363864e-08	3.447466e+01	1.403198e+03
1.420000e-06	4.922868e-09	2.382134e-08	3.478969e+01	1.414343e+03
1.430000e-06	4.965713e-09	2.398757e-08	3.509248e+01	1.424367e+03
1.440000e-06	5.006633e-09	2.413894e-08	3.538166e+01	1.433367e+03
1.450000e-06	5.045784e-09	2.427487e-08	3.565833e+01	1.441427e+03
1.460000e-06	5.083300e-09	2.439560e-08	3.592346e+01	1.448628e+03
1.470000e-06	5.119139e-09	2.450261e-08	3.617673e+01	1.455051e+03
1.480000e-06	5.153064e-09	2.459633e-08	3.641648e+01	1.460779e+03
1.490000e-06	5.185061e-09	2.467797e-08	3.664260e+01	1.465897e+03
1.500000e-06	5.215337e-09	2.475041e-08	3.685656e+01	1.470484e+03
1.510000e-06	5.243938e-09	2.481753e-08	3.705868e+01	1.474605e+03
1.520000e-06	5.270632e-09	2.488064e-08	3.724732e+01	1.478309e+03
1.530000e-06	5.295243e-09	2.493920e-08	3.742125e+01	1.481629e+03
1.540000e-06	5.317972e-09	2.499229e-08	3.758188e+01	1.484584e+03
1.550000e-06	5.339015e-09	2.503845e-08	3.773058e+01	1.487188e+03
1.560000e-06	5.358297e-09	2.507715e-08	3.786685e+01	1.489458e+03
1.570000e-06	5.375609e-09	2.510725e-08	3.798919e+01	1.491416e+03
1.580000e-06	5.390940e-09	2.513031e-08	3.809753e+01	1.493092e+03
1.590000e-06	5.404332e-09	2.515085e-08	3.819218e+01	1.494519e+03
1.600000e-06	5.415599e-09	2.517049e-08	3.827180e+01	1.495729e+03
1.610000e-06	5.424675e-09	2.518865e-08	3.833594e+01	1.496745e+03
1.620000e-06	5.431806e-09	2.520508e-08	3.838634e+01	1.497582e+03
1.630000e-06	5.437178e-09	2.521938e-08	3.842430e+01	1.498244e+03
1.640000e-06	5.440724e-09	2.522948e-08	3.844936e+01	1.498732e+03
1.650000e-06	5.442230e-09	2.523269e-08	3.846000e+01	1.499046e+03
1.660000e-06	5.441800e-09	2.523130e-08	3.845696e+01	1.499189e+03
1.670000e-06	5.439684e-09	2.522939e-08	3.844201e+01	1.499171e+03
1.680000e-06	5.435922e-09	2.522749e-08	3.841543e+01	1.499007e+03
1.690000e-06	5.430312e-09	2.522286e-08	3.837578e+01	1.498708e+03
1.700000e-06	5.422820e-09	2.521709e-08	3.832283e+01	1.498282e+03
1.710000e-06	5.413683e-09	2.521067e-08	3.825826e+01	1.497726e+03
1.720000e-06	5.402890e-09	2.520003e-08	3.818199e+01	1.497035e+03
1.730000e-06	5.390207e-09	2.517770e-08	3.809236e+01	1.496198e+03
1.740000e-06	5.375494e-09	2.517371e-08	3.798838e+01	1.495214e+03
1.750000e-06	5.358619e-09	2.516895e-08	3.786913e+01	1.494090e+03
1.760000e-06	5.339209e-09	2.513471e-08	3.773196e+01	1.492848e+03
1.770000e-06	5.317225e-09	2.509754e-08	3.757660e+01	1.491518e+03
1.780000e-06	5.293390e-09	2.503948e-08	3.740816e+01	1.490132e+03
1.790000e-06	5.268529e-09	2.503835e-08	3.723247e+01	1.488714e+03
1.800000e-06	5.242563e-09	2.505951e-08	3.704897e+01	1.487268e+03
1.810000e-06	5.214666e-09	2.500810e-08	3.685182e+01	1.485779e+03
1.820000e-06	5.184782e-09	2.498746e-08	3.664063e+01	1.484214e+03
1.830000e-06	5.153241e-09	2.497528e-08	3.641773e+01	1.482528e+03
1.840000e-06	5.119756e-09	2.492299e-08	3.618110e+01	1.480682e+03
1.850000e-06	5.084546e-09	2.489923e-08	3.593227e+01	1.478652e+03
1.860000e-06	5.047689e-09	2.484564e-08	3.567181e+01	1.476436e+03
1.870000e-06	5.008856e-09	2.478430e-08	3.539737e+01	1.474051e+03
1.880000e-06	4.968297e-09	2.478842e-08	3.511075e+01	1.471533e+03
1.890000e-06	4.926052e-09	2.476014e-08	3.481220e+01	1.468918e+03
1.900000e-06	4.882152e-09	2.469423e-08	3.450196e+01	1.466234e+03
1.910000e-06	4.836567e-09	2.462187e-08	3.417981e+01	1.463494e+03
1.920000e-06	4.788934e-09	2.457104e-08	3.384319e+01	1.460691e+03
1.930000e-06	4.739534e-09	2.455178e-08	3.349409e+01	1.457802e+03
1.940000e-06	4.688504e-09	2.448547e-08	3.313346e+01	1.454798e+03
1.950000e-06	4.635513e-09	2.441901e-08	3.275897e+01	1.451657e+03
1.960000e-06	4.580585e-09	2.438437e-08	3.237080e+01	1.448366e+03
1.970000e-06	4.523881e-09	2.434110e-08	3.197007e+01	1.444929e+03
1.980000e-06	4.465685e-09	2.427714e-08	3.155881e+01	1.441360e+03
1.990000e-06	4.406033e-09	2.417986e-08	3.113725e+01	1.437682e+03
2.000000e-06	4.344687e-09	2.412110e-08	3.070372e+01	1.433913e+03
2.010000e-06	4.281685e-09	2.408453e-08	3.025849e+01	1.430064e+03
2.020000e-06	4.217147e-09	2.401081e-08	2.980240e+01	1.426131e+03
2.030000e-06	4.151199e-09	2.393418e-08	2.933635e+01	1.422101e+03
2.040000e-06	4.083804e-09	2.386194e-08	2.886007e+01	1.417956e+03
2.050000e-06	4.014831e-09	2.380912e-08	2.837264e+01	1.413677e+03
2.060000e-06	3.944287e-09	2.373446e-08	2.787411e+01	1.409253e+03
2.070000e-06	3.872296e-09	2.362691e-08	2.736535e+01	1.404681e+03
2.080000e-06	3.798970e-09	2.354356e-08	2.684716e+01	1.399969e+03
2.090000e-06	3.724237e-09	2.347964e-08	2.631903e+01	1.395129e+03
2.100000e-06	3.648044e-09	2.340969e-08	2.578058e+01	1.390175e+03
2.110000e-06	3.570291e-09	2.331205e-08	2.523110e+01	1.385116e+03
2.120000e-06	3.491073e-09	2.321570e-08	2.467127e+01	1.379955e+03
2.130000e-06	3.410658e-09	2.313667e-08	2.410298e+01	1.374686e+03
2.140000e-06	3.329108e-09	2.304631e-08	2.352667e+01	1.369298e+03
2.150000e-06	3.246510e-09	2.294168e-08	2.294295e+01	1.363776e+03
2.160000e-06	3.162869e-09	2.283873e-08	2.235186e+01	1.358107e+03
2.170000e-06	3.078041e-09	2.275617e-08	2.175239e+01	1.352282e+03
2.180000e-06	2.991912e-09	2.267079e-08	2.114372e+01	1.346297e+03
2.190000e-06	2.904624e-09	2.255533e-08	2.052686e+01	1.340153e+03
2.200000e-06	2.816382e-09	2.243239e-08	1.990326e+01	1.333855e+03
2.210000e-06	2.727196e-09	2.232621e-08	1.927299e+01	1.327410e+03
2.220000e-06	2.637141e-09	2.222634e-08	1.863657e+01	1.320823e+03
2.230000e-06	2.546264e-09	2.210825e-08	1.799434e+01	1.314096e+03
2.240000e-06	2.454551e-09	2.198403e-08	1.734622e+01	1.307226e+03
2.250000e-06	2.361944e-09	2.187457e-08	1.669177e+01	1.300205e+03
2.260000e-06	2.268404e-09	2.176472e-08	1.603072e+01	1.293020e+03
2.270000e-06	2.173931e-09	2.163427e-08	1.536309e+01	1.285659e+03
2.280000e-06	2.078598e-09	2.149288e-08	1.468937e+01	1.278110e+03
2.290000e-06	1.982617e-09	2.136610e-08	1.401108e+01	1.270369e+03
2.300000e-06	1.886054e-09	2.124472e-08	1.332867e+01	1.262434e+03
2.310000e-06	1.788843e-09	2.110496e-08	1.264169e+01	1.254309e+03
2.320000e-06	1.690971e-09	2.095252e-08	1.195003e+01	1.246002e+03
2.330000e-06	1.592569e-09	2.080843e-08	1.125463e+01	1.237516e+03
2.340000e-06	1.493749e-09	2.067072e-08	1.055627e+01	1.228853e+03
2.350000e-06	1.394472e-09	2.051996e-08	9.854678e+00	1.220005e+03
2.360000e-06	1.294695e-09	2.035858e-08	9.149559e+00	1.210957e+03
2.370000e-06	1.194482e-09	2.020351e-08	8.441359e+00	1.201691e+03
2.380000e-06	1.093929e-09	2.005272e-08	7.730761e+00	1.192187e+03
2.390000e-06	9.929727e-10	1.988691e-08	7.017304e+00	1.182430e+03
2.400000e-06	8.915104e-10	1.970724e-08	6.300275e+00	1.172414e+03
2.410000e-06	7.895847e-10	1.953130e-08	5.579971e+00	1.162139e+03
2.420000e-06	6.872991e-10	1.936051e-08	4.857124e+00	1.151610e+03
2.430000e-06	5.847404e-10	1.918068e-08	4.132347e+00	1.140833e+03
2.440000e-06	4.819408e-10	1.898964e-08	3.405866e+00	1.129805e+03
2.450000e-06	3.789444e-10	1.880069e-08	2.677995e+00	1.118509e+03
2.460000e-06	2.758178e-10	1.861509e-08	1.949204e+00	1.106916e+03
2.470000e-06	1.726036e-10	1.841710e-08	1.219794e+00	1.094979e+03
2.480000e-06	6.933413e-11	1.820039e-08	4.899928e-01	1.082644e+03
2.490000e-06	-3.395701e-11	1.797769e-08	-2.399613e-01	1.069850e+03
2.500000e-06	-1.372154e-10	1.775621e-08	-9.696840e-01	1.056540e+03
2.510000e-06	-2.403974e-10	1.752557e-08	-1.698866e+00	1.042662e+03
2.520000e-06	-3.434707e-10	1.727755e-08	-2.427282e+00	1.028175e+03
2.530000e-06	-4.464078e-10	1.702109e-08	-3.154733e+00	1.013046e+03
2.540000e-06	-5.491611e-10	1.676314e-08	-3.880886e+00	9.972495e+02
2.550000e-06	-6.516559e-10	1.649189e-08	-4.605212e+00	9.807709e+02
2.560000e-06	-7.538048e-10	1.619690e-08	-5.327094e+00	9.636019e+02
2.570000e-06	-8.555612e-10	1.588774e-08	-6.046202e+00	9.457405e+02
2.580000e-06	-9.569248e-10	1.557651e-08	-6.762534e+00	9.271875e+02
2.590000e-06	-1.057860e-09	1.525700e-08	-7.475836e+00	9.079393e+02
2.600000e-06	-1.158329e-09	1.491946e-08	-8.185847e+00	8.879768e+02
2.610000e-06	-1.258346e-09	1.456808e-08	-8.892662e+00	8.672525e+02
2.620000e-06	-1.357931e-09	1.421023e-08	-9.596426e+00	8.456768e+02
2.630000e-06	-1.457056e-09	1.383717e-08	-1.029694e+01	8.231099e+02
2.640000e-06	-1.555681e-09	1.343492e-08	-1.099392e+01	7.993592e+02
2.650000e-06	-1.653810e-09	1.300485e-08	-1.168739e+01	7.741862e+02
2.660000e-06	-1.751408e-09	1.255345e-08	-1.237711e+01	7.473199e+02
2.670000e-06	-1.848387e-09	1.207341e-08	-1.306246e+01	7.184728e+02
2.680000e-06	-1.944736e-09	1.155214e-08	-1.374335e+01	6.873534e+02
2.690000e-06	-2.040522e-09	1.098699e-08	-1.442027e+01	6.536705e+02
2.700000e-06	-2.135741e-09	1.038094e-08	-1.509318e+01	6.171273e+02
2.710000e-06	-2.230195e-09	9.724247e-09	-1.576068e+01	5.774065e+02
2.720000e-06	-2.323665e-09	9.001281e-09	-1.642123e+01	5.341535e+02
2.730000e-06	-2.416152e-09	8.207692e-09	-1.707483e+01	4.869683e+02
2.740000e-06	-2.507751e-09	7.345322e-09	-1.772216e+01	4.354131e+02
2.750000e-06	-2.598454e-09	6.406870e-09	-1.836315e+01	3.790454e+02
2.760000e-06	-2.688201e-09	5.378199e-09	-1.899739e+01	3.174742e+02
2.770000e-06	-2.776999e-09	4.255603e-09	-1.962492e+01	2.504335e+02
2.780000e-06	-2.864935e-09	3.044730e-09	-2.024636e+01	1.778608e+02
2.790000e-06	-2.951989e-09	1.749115e-09	-2.086157e+01	9.996337e+01
2.800000e-06	-3.037919e-09	3.685852e-10	-2.146883e+01	1.725658e+01
2.810000e-06	-3.122589e-09	-1.085631e-09	-2.206719e+01	-6.943533e+01
2.820000e-06	-3.206112e-09	-2.589557e-09	-2.265744e+01	-1.590203e+02
2.830000e-06	-3.288558e-09	-4.118763e-09	-2.324009e+01	-2.502152e+02
2.840000e-06	-3.369884e-09	-5.654703e-09	-2.381482e+01	-3.416458e+02
2.850000e-06	-3.450113e-09	-7.175171e-09	-2.438179e+01	-4.319536e+02
2.860000e-06	-3.529177e-09	-8.653607e-09	-2.494053e+01	-5.198933e+02
2.870000e-06	-3.606799e-09	-1.007270e-08	-2.548909e+01	-6.044067e+02
2.880000e-06	-3.682868e-09	-1.142449e-08	-2.602666e+01	-6.846683e+02
2.890000e-06	-3.757490e-09	-1.270146e-08	-2.655401e+01	-7.600989e+02
2.900000e-06	-3.830728e-09	-1.389214e-08	-2.707158e+01	-8.303543e+02
2.910000e-06	-3.902658e-09	-1.498992e-08	-2.757991e+01	-8.952959e+02
2.920000e-06	-3.973198e-09	-1.600022e-08	-2.807841e+01	-9.549507e+02
2.930000e-06	-4.042135e-09	-1.692867e-08	-2.856559e+01	-1.009470e+03
2.940000e-06	-4.109555e-09	-1.777209e-08	-2.904204e+01	-1.059091e+03
2.950000e-06	-4.175591e-09	-1.853233e-08	-2.950872e+01	-1.104102e+03
2.960000e-06	-4.240240e-09	-1.921972e-08	-2.996558e+01	-1.144818e+03
2.970000e-06	-4.303498e-09	-1.984339e-08	-3.041262e+01	-1.181564e+03
2.980000e-06	-4.365134e-09	-2.040739e-08	-3.084820e+01	-1.214656e+03
2.990000e-06	-4.425030e-09	-2.091173e-08	-3.127149e+01	-1.244403e+03
3.000000e-06	-4.483396e-09	-2.136455e-08	-3.168396e+01	-1.271097e+03
3.010000e-06	-4.540296e-09	-2.177464e-08	-3.208607e+01	-1.295018e+03
3.020000e-06	-4.595631e-09	-2.214114e-08	-3.247712e+01	-1.316435e+03
3.030000e-06	-4.649110e-09	-2.246557e-08	-3.285505e+01	-1.335605e+03
3.040000e-06	-4.700614e-09	-2.275662e-08	-3.321903e+01	-1.352773e+03
3.050000e-06	-4.750268e-09	-2.302015e-08	-3.356993e+01	-1.368166e+03
3.060000e-06	-4.797962e-09	-2.325654e-08	-3.390698e+01	-1.381989e+03
3.070000e-06	-4.843796e-09	-2.346609e-08	-3.423089e+01	-1.394421e+03
3.080000e-06	-4.888068e-09	-2.365564e-08	-3.454376e+01	-1.405607e+03
3.090000e-06	-4.930845e-09	-2.383015e-08	-3.484606e+01	-1.415669e+03
3.100000e-06	-4.972084e-09	-2.398764e-08	-3.513750e+01	-1.424704e+03
3.110000e-06	-5.011712e-09	-2.412582e-08	-3.541754e+01	-1.432797e+03
3.120000e-06	-5.049492e-09	-2.424859e-08	-3.568453e+01	-1.440026e+03
3.130000e-06	-5.085340e-09	-2.436076e-08	-3.593787e+01	-1.446475e+03
3.140000e-06	-5.119432e-09	-2.446055e-08	-3.617880e+01	-1.452226e+03
3.150000e-06	-5.151822e-09	-2.454687e-08	-3.640770e+01	-1.457364e+03
3.160000e-06	-5.182339e-09	-2.462352e-08	-3.662336e+01	-1.461968e+03
3.170000e-06	-5.210860e-09	-2.469447e-08	-3.682492e+01	-1.466105e+03
3.180000e-06	-5.237549e-09	-2.475901e-08	-3.701353e+01	-1.469823e+03
3.190000e-06	-5.262478e-09	-2.481534e-08	-3.718970e+01	-1.473156e+03
3.200000e-06	-5.285553e-09	-2.486495e-08	-3.735277e+01	-1.476123e+03
3.210000e-06	-5.306630e-09	-2.491003e-08	-3.750172e+01	-1.478740e+03
3.220000e-06	-5.325807e-09	-2.495010e-08	-3.763725e+01	-1.481021e+03
3.230000e-06	-5.343256e-09	-2.498314e-08	-3.776055e+01	-1.482989e+03
3.240000e-06	-5.358840e-09	-2.500976e-08	-3.787069e+01	-1.484674e+03
3.250000e-06	-5.372241e-09	-2.503416e-08	-3.796539e+01	-1.486109e+03
3.260000e-06	-5.383466e-09	-2.505637e-08	-3.804472e+01	-1.487326e+03
3.270000e-06	-5.392816e-09	-2.507439e-08	-3.811080e+01	-1.488348e+03
3.280000e-06	-5.400327e-09	-2.508847e-08	-3.816388e+01	-1.489191e+03
3.290000e-06	-5.405821e-09	-2.510056e-08	-3.820270e+01	-1.489859e+03
3.300000e-06	-5.409362e-09	-2.511136e-08	-3.822773e+01	-1.490353e+03
3.310000e-06	-5.411148e-09	-2.511813e-08	-3.824035e+01	-1.490672e+03
3.320000e-06	-5.411159e-09	-2.511914e-08	-3.824042e+01	-1.490821e+03
