# Configuracion:
# Concentracion g/m^3_=_20000.0
# C_Vs_to_Am_M_A/Vsm_=_59384043850.047264
# pendiente_HvsI_1/m_=_3716.3
# ordenada_HvsI_A/m_=_1297.0
# frecuencia_ref_Hz_=_301400.7543211457
# 
Resultados:
# tau_ns_=_(2.32+/-0.12)e+02
# dphi_rad_=_6.70+/-0.02
# SAR_W/g_=_2286.14+/-77.37
# Hc_kA/m_=_22.73+/-0.87
# Mr_A/m_=_1264.12+/-12.88
# Magnetizacion_max_=_1692.54+/-9.12
# Suceptibilidad_a_M=0_=_(1.743+/-0.084)e-01

Nombre_archivo	Time_m_(s)	Temperatura_(ºC)	Mr_(A/m)	Hc_(kA/m)	Campo_max_(A/m)	Mag_max_(A/m)	f0	mag0	dphi0	SAR_(W/g)	Tau_(ns)	N	xi_M_0
300kHz_125dA_100Mss_bobN1M20-0011.txt	5.38	28.76	1223.29	23.97	47750.75	1665.80	3.013994e+05	1.445552e+02	6.720924e+00	2350.36	247.146788	4645	1.526e-01
300kHz_125dA_100Mss_bobN1M20-0012.txt	5.83	32.85	1246.53	23.92	47750.75	1686.34	3.013994e+05	1.466229e+02	6.720697e+00	2382.82	247.001458	4645	1.586e-01
300kHz_125dA_100Mss_bobN1M20-0013.txt	6.3	37.19	1253.23	23.76	47750.75	1690.52	3.013994e+05	1.472154e+02	6.717524e+00	2376.21	244.962663	4645	1.646e-01
300kHz_125dA_100Mss_bobN1M20-0014.txt	6.76	41.47	1258.82	23.62	47750.75	1689.29	3.013994e+05	1.474246e+02	6.715554e+00	2369.47	243.699492	4645	1.692e-01
300kHz_125dA_100Mss_bobN1M20-0015.txt	7.2	45.50	1262.97	23.48	47750.75	1689.72	3.013994e+05	1.476811e+02	6.712970e+00	2360.30	242.044111	4645	1.738e-01
300kHz_125dA_100Mss_bobN1M20-0016.txt	7.67	49.73	1266.43	23.30	47750.75	1692.17	3.013994e+05	1.480730e+02	6.708952e+00	2345.80	239.481050	4645	1.740e-01
300kHz_125dA_100Mss_bobN1M20-0017.txt	8.12	53.73	1268.33	23.17	47750.75	1694.15	3.013994e+05	1.483444e+02	6.706165e+00	2335.64	237.708273	4645	1.723e-01
300kHz_125dA_100Mss_bobN1M20-0018.txt	8.57	57.60	1269.71	23.04	47750.75	1689.13	3.013994e+05	1.481473e+02	6.704376e+00	2323.27	236.571847	4645	1.754e-01
300kHz_125dA_100Mss_bobN1M20-0019.txt	9.47	65.25	1269.78	22.75	47750.75	1687.69	3.013994e+05	1.482646e+02	6.698332e+00	2293.70	232.751058	4645	1.809e-01
300kHz_125dA_100Mss_bobN1M20-0020.txt	9.92	69.03	1270.18	22.57	47750.75	1690.87	3.013994e+05	1.485969e+02	6.694081e+00	2276.64	230.075976	4645	1.825e-01
300kHz_125dA_100Mss_bobN1M20-0021.txt	10.38	72.85	1272.25	22.47	47750.75	1690.46	3.013994e+05	1.486478e+02	6.692414e+00	2268.71	229.030659	4645	1.837e-01
300kHz_125dA_100Mss_bobN1M20-0022.txt	10.85	76.76	1273.43	22.29	47750.75	1693.53	3.013994e+05	1.489862e+02	6.688441e+00	2253.03	226.542584	4645	1.767e-01
300kHz_125dA_100Mss_bobN1M20-0023.txt	11.3	80.46	1275.19	22.08	47750.75	1701.55	3.013994e+05	1.497282e+02	6.683447e+00	2237.86	223.426304	4645	1.801e-01
300kHz_125dA_100Mss_bobN1M20-0024.txt	11.76	84.23	1275.65	21.84	47750.75	1701.82	3.013994e+05	1.499036e+02	6.678583e+00	2214.70	220.403751	4645	1.819e-01
300kHz_125dA_100Mss_bobN1M20-0025.txt	12.22	87.98	1274.83	21.62	47750.75	1707.53	3.013994e+05	1.503787e+02	6.673044e+00	2192.20	216.977389	4645	1.767e-01
300kHz_125dA_100Mss_bobN1M20-0026.txt	12.66	91.55	1269.60	21.40	47750.75	1706.09	3.013994e+05	1.503062e+02	6.667831e+00	2163.31	213.767831	4645	1.780e-01
300kHz_125dA_100Mss_bobN1M20-0027.txt	13.11	94.64	1259.75	21.14	47750.75	1696.47	3.013994e+05	1.495250e+02	6.661893e+00	2120.47	210.127266	4645	1.814e-01
