# Temperatura_=_57.366499999999995
# Concentracion g/m^3_=_20000.0
# C_Vs_to_Am_M_A/Vsm_=_59384043850.047264
# pendiente_HvsI_1/m_=_3716.3
# ordenada_HvsI_A/m_=_1297.0
# frecuencia_Hz_=_301204.92686876486
# Promedio de 20 ciclos

Tiempo_(s)	Campo_(V.s)	Magnetizacion_(V.s)	Campo_(kA/m)	Magnetizacion_(A/m)
0.000000e+00	-5.400167e-09	-2.514225e-08	-3.823174e+01	-1.492007e+03
1.000000e-08	-5.398493e-09	-2.513814e-08	-3.821989e+01	-1.492094e+03
2.000000e-08	-5.394875e-09	-2.513723e-08	-3.819427e+01	-1.492030e+03
3.000000e-08	-5.389521e-09	-2.513499e-08	-3.815637e+01	-1.491790e+03
4.000000e-08	-5.382558e-09	-2.512706e-08	-3.810707e+01	-1.491354e+03
5.000000e-08	-5.373936e-09	-2.511784e-08	-3.804603e+01	-1.490715e+03
6.000000e-08	-5.363332e-09	-2.510960e-08	-3.797096e+01	-1.489884e+03
7.000000e-08	-5.350678e-09	-2.510543e-08	-3.788137e+01	-1.488892e+03
8.000000e-08	-5.336054e-09	-2.508684e-08	-3.777784e+01	-1.487782e+03
9.000000e-08	-5.319057e-09	-2.502161e-08	-3.765751e+01	-1.486599e+03
1.000000e-07	-5.299733e-09	-2.500085e-08	-3.752070e+01	-1.485384e+03
1.100000e-07	-5.278509e-09	-2.500438e-08	-3.737043e+01	-1.484161e+03
1.200000e-07	-5.255587e-09	-2.497632e-08	-3.720815e+01	-1.482932e+03
1.300000e-07	-5.231298e-09	-2.501039e-08	-3.703620e+01	-1.481681e+03
1.400000e-07	-5.205658e-09	-2.495573e-08	-3.685467e+01	-1.480376e+03
1.500000e-07	-5.178155e-09	-2.484376e-08	-3.665996e+01	-1.478978e+03
1.600000e-07	-5.148824e-09	-2.491743e-08	-3.645230e+01	-1.477446e+03
1.700000e-07	-5.118011e-09	-2.483152e-08	-3.623415e+01	-1.475748e+03
1.800000e-07	-5.085351e-09	-2.472061e-08	-3.600293e+01	-1.473863e+03
1.900000e-07	-5.050598e-09	-2.479211e-08	-3.575689e+01	-1.471783e+03
2.000000e-07	-5.014227e-09	-2.470517e-08	-3.549939e+01	-1.469513e+03
2.100000e-07	-4.976231e-09	-2.469013e-08	-3.523039e+01	-1.467067e+03
2.200000e-07	-4.936456e-09	-2.469589e-08	-3.494880e+01	-1.464464e+03
2.300000e-07	-4.894925e-09	-2.456220e-08	-3.465477e+01	-1.461730e+03
2.400000e-07	-4.851396e-09	-2.452328e-08	-3.434659e+01	-1.458889e+03
2.500000e-07	-4.806004e-09	-2.450371e-08	-3.402523e+01	-1.455965e+03
2.600000e-07	-4.758865e-09	-2.446895e-08	-3.369150e+01	-1.452973e+03
2.700000e-07	-4.709855e-09	-2.444023e-08	-3.334452e+01	-1.449922e+03
2.800000e-07	-4.658820e-09	-2.435553e-08	-3.298321e+01	-1.446809e+03
2.900000e-07	-4.605721e-09	-2.433163e-08	-3.260728e+01	-1.443622e+03
3.000000e-07	-4.550876e-09	-2.430005e-08	-3.221900e+01	-1.440340e+03
3.100000e-07	-4.494537e-09	-2.420825e-08	-3.182014e+01	-1.436941e+03
3.200000e-07	-4.436559e-09	-2.412107e-08	-3.140966e+01	-1.433403e+03
3.300000e-07	-4.376829e-09	-2.406440e-08	-3.098679e+01	-1.429716e+03
3.400000e-07	-4.315572e-09	-2.404471e-08	-3.055311e+01	-1.425877e+03
3.500000e-07	-4.252942e-09	-2.396199e-08	-3.010970e+01	-1.421896e+03
3.600000e-07	-4.188897e-09	-2.387829e-08	-2.965628e+01	-1.417790e+03
3.700000e-07	-4.123277e-09	-2.381776e-08	-2.919171e+01	-1.413576e+03
3.800000e-07	-4.055930e-09	-2.374489e-08	-2.871492e+01	-1.409265e+03
3.900000e-07	-3.987029e-09	-2.366952e-08	-2.822711e+01	-1.404859e+03
4.000000e-07	-3.916830e-09	-2.356590e-08	-2.773012e+01	-1.400347e+03
4.100000e-07	-3.845371e-09	-2.350190e-08	-2.722421e+01	-1.395713e+03
4.200000e-07	-3.772566e-09	-2.345150e-08	-2.670877e+01	-1.390938e+03
4.300000e-07	-3.698194e-09	-2.337219e-08	-2.618224e+01	-1.386009e+03
4.400000e-07	-3.622198e-09	-2.326726e-08	-2.564421e+01	-1.380922e+03
4.500000e-07	-3.544765e-09	-2.316498e-08	-2.509600e+01	-1.375689e+03
4.600000e-07	-3.465913e-09	-2.309193e-08	-2.453776e+01	-1.370328e+03
4.700000e-07	-3.385613e-09	-2.300133e-08	-2.396925e+01	-1.364858e+03
4.800000e-07	-3.304003e-09	-2.289650e-08	-2.339148e+01	-1.359292e+03
4.900000e-07	-3.221251e-09	-2.279942e-08	-2.280561e+01	-1.353632e+03
5.000000e-07	-3.137468e-09	-2.271541e-08	-2.221245e+01	-1.347866e+03
5.100000e-07	-3.052761e-09	-2.262437e-08	-2.161275e+01	-1.341968e+03
5.200000e-07	-2.967165e-09	-2.251433e-08	-2.100675e+01	-1.335913e+03
5.300000e-07	-2.880594e-09	-2.240263e-08	-2.039385e+01	-1.329678e+03
5.400000e-07	-2.793059e-09	-2.230045e-08	-1.977413e+01	-1.323253e+03
5.500000e-07	-2.704616e-09	-2.219583e-08	-1.914798e+01	-1.316643e+03
5.600000e-07	-2.615174e-09	-2.207551e-08	-1.851476e+01	-1.309865e+03
5.700000e-07	-2.524617e-09	-2.195143e-08	-1.787363e+01	-1.302941e+03
5.800000e-07	-2.433006e-09	-2.184010e-08	-1.722506e+01	-1.295888e+03
5.900000e-07	-2.340567e-09	-2.172866e-08	-1.657061e+01	-1.288713e+03
6.000000e-07	-2.247424e-09	-2.160137e-08	-1.591118e+01	-1.281406e+03
6.100000e-07	-2.153522e-09	-2.146797e-08	-1.524638e+01	-1.273945e+03
6.200000e-07	-2.058823e-09	-2.134112e-08	-1.457594e+01	-1.266305e+03
6.300000e-07	-1.963395e-09	-2.121949e-08	-1.390033e+01	-1.258461e+03
6.400000e-07	-1.867342e-09	-2.108312e-08	-1.322030e+01	-1.250402e+03
6.500000e-07	-1.770645e-09	-2.093847e-08	-1.253571e+01	-1.242132e+03
6.600000e-07	-1.673198e-09	-2.079793e-08	-1.184582e+01	-1.233666e+03
6.700000e-07	-1.574987e-09	-2.065901e-08	-1.115051e+01	-1.225024e+03
6.800000e-07	-1.476096e-09	-2.051014e-08	-1.045038e+01	-1.216224e+03
6.900000e-07	-1.376615e-09	-2.035385e-08	-9.746091e+00	-1.207269e+03
7.000000e-07	-1.276645e-09	-2.020448e-08	-9.038327e+00	-1.198147e+03
7.100000e-07	-1.176281e-09	-2.005627e-08	-8.327778e+00	-1.188831e+03
7.200000e-07	-1.075571e-09	-1.989766e-08	-7.614778e+00	-1.179286e+03
7.300000e-07	-9.745355e-10	-1.972529e-08	-6.899471e+00	-1.169481e+03
7.400000e-07	-8.731852e-10	-1.955247e-08	-6.181939e+00	-1.159394e+03
7.500000e-07	-7.715396e-10	-1.938032e-08	-5.462315e+00	-1.149020e+03
7.600000e-07	-6.696043e-10	-1.920178e-08	-4.740640e+00	-1.138367e+03
7.700000e-07	-5.674097e-10	-1.901655e-08	-4.017129e+00	-1.127448e+03
7.800000e-07	-4.650194e-10	-1.883008e-08	-3.292234e+00	-1.116276e+03
7.900000e-07	-3.624646e-10	-1.864392e-08	-2.566173e+00	-1.104848e+03
8.000000e-07	-2.597822e-10	-1.844858e-08	-1.839209e+00	-1.093140e+03
8.100000e-07	-1.570079e-10	-1.824139e-08	-1.111594e+00	-1.081109e+03
8.200000e-07	-5.417052e-11	-1.802636e-08	-3.835327e-01	-1.068696e+03
8.300000e-07	4.869245e-11	-1.780922e-08	3.447101e-01	-1.055835e+03
8.400000e-07	1.515388e-10	-1.758553e-08	1.072835e+00	-1.042462e+03
8.500000e-07	2.543273e-10	-1.734996e-08	1.800551e+00	-1.028523e+03
8.600000e-07	3.570062e-10	-1.710515e-08	2.527490e+00	-1.013977e+03
8.700000e-07	4.595578e-10	-1.685550e-08	3.253528e+00	-9.987990e+02
8.800000e-07	5.619663e-10	-1.659479e-08	3.978553e+00	-9.829710e+02
8.900000e-07	6.641599e-10	-1.631300e-08	4.702056e+00	-9.664829e+02
9.000000e-07	7.660938e-10	-1.601686e-08	5.423721e+00	-9.493260e+02
9.100000e-07	8.677566e-10	-1.571492e-08	6.143466e+00	-9.314906e+02
9.200000e-07	9.691322e-10	-1.540518e-08	6.861178e+00	-9.129638e+02
9.300000e-07	1.070196e-09	-1.508035e-08	7.576683e+00	-8.937267e+02
9.400000e-07	1.170931e-09	-1.474350e-08	8.289860e+00	-8.737487e+02
9.500000e-07	1.271322e-09	-1.439754e-08	9.000605e+00	-8.529804e+02
9.600000e-07	1.371320e-09	-1.403662e-08	9.708563e+00	-8.313433e+02
9.700000e-07	1.470826e-09	-1.365301e-08	1.041304e+01	-8.087210e+02
9.800000e-07	1.569726e-09	-1.324624e-08	1.111323e+01	-7.849530e+02
9.900000e-07	1.667920e-09	-1.282230e-08	1.180841e+01	-7.598341e+02
1.000000e-06	1.765363e-09	-1.237351e-08	1.249828e+01	-7.331200e+02
1.010000e-06	1.862080e-09	-1.188849e-08	1.318301e+01	-7.045371e+02
1.020000e-06	1.958118e-09	-1.136425e-08	1.386293e+01	-6.737931e+02
1.030000e-06	2.053490e-09	-1.080487e-08	1.453814e+01	-6.405851e+02
1.040000e-06	2.148156e-09	-1.020329e-08	1.520836e+01	-6.046010e+02
1.050000e-06	2.242098e-09	-9.541928e-09	1.587343e+01	-5.655147e+02
1.060000e-06	2.335345e-09	-8.816278e-09	1.653360e+01	-5.229777e+02
1.070000e-06	2.427934e-09	-8.028015e-09	1.718911e+01	-4.766137e+02
1.080000e-06	2.519806e-09	-7.171867e-09	1.783954e+01	-4.260228e+02
1.090000e-06	2.610728e-09	-6.234129e-09	1.848324e+01	-3.708030e+02
1.100000e-06	2.700476e-09	-5.209438e-09	1.911863e+01	-3.105917e+02
1.110000e-06	2.789103e-09	-4.097907e-09	1.974609e+01	-2.451245e+02
1.120000e-06	2.876779e-09	-2.898201e-09	2.036681e+01	-1.743038e+02
1.130000e-06	2.963508e-09	-1.608913e-09	2.098083e+01	-9.826322e+01
1.140000e-06	3.049260e-09	-2.361879e-10	2.158793e+01	-1.741594e+01
1.150000e-06	3.134073e-09	1.203898e-09	2.218838e+01	6.752880e+01
1.160000e-06	3.217955e-09	2.693963e-09	2.278225e+01	1.555860e+02
1.170000e-06	3.300728e-09	4.216696e-09	2.336826e+01	2.455532e+02
1.180000e-06	3.382216e-09	5.749936e-09	2.394517e+01	3.360991e+02
1.190000e-06	3.462440e-09	7.265939e-09	2.451313e+01	4.258682e+02
1.200000e-06	3.541401e-09	8.742528e-09	2.507216e+01	5.135852e+02
1.210000e-06	3.619111e-09	1.016420e-08	2.562232e+01	5.981429e+02
1.220000e-06	3.695555e-09	1.152013e-08	2.616353e+01	6.786622e+02
1.230000e-06	3.770537e-09	1.279658e-08	2.669438e+01	7.545170e+02
1.240000e-06	3.843897e-09	1.398507e-08	2.721375e+01	8.253289e+02
1.250000e-06	3.915790e-09	1.508498e-08	2.772274e+01	8.909353e+02
1.260000e-06	3.986362e-09	1.609774e-08	2.822237e+01	9.513441e+02
1.270000e-06	4.055601e-09	1.702511e-08	2.871256e+01	1.006685e+03
1.280000e-06	4.123531e-09	1.786928e-08	2.919349e+01	1.057168e+03
1.290000e-06	4.189913e-09	1.863653e-08	2.966345e+01	1.103047e+03
1.300000e-06	4.254612e-09	1.933345e-08	3.012150e+01	1.144603e+03
1.310000e-06	4.317837e-09	1.996313e-08	3.056912e+01	1.182131e+03
1.320000e-06	4.379669e-09	2.052827e-08	3.100688e+01	1.215937e+03
1.330000e-06	4.440152e-09	2.103555e-08	3.143508e+01	1.246327e+03
1.340000e-06	4.499150e-09	2.149110e-08	3.185277e+01	1.273612e+03
1.350000e-06	4.556351e-09	2.189943e-08	3.225774e+01	1.298092e+03
1.360000e-06	4.611807e-09	2.226484e-08	3.265035e+01	1.320056e+03
1.370000e-06	4.665638e-09	2.259230e-08	3.303146e+01	1.339767e+03
1.380000e-06	4.717642e-09	2.288828e-08	3.339963e+01	1.357467e+03
1.390000e-06	4.767569e-09	2.315483e-08	3.375310e+01	1.373367e+03
1.400000e-06	4.815556e-09	2.339158e-08	3.409284e+01	1.387653e+03
1.410000e-06	4.861884e-09	2.360307e-08	3.442083e+01	1.400489e+03
1.420000e-06	4.906662e-09	2.379549e-08	3.473785e+01	1.412021e+03
1.430000e-06	4.949745e-09	2.396814e-08	3.504287e+01	1.422378e+03
1.440000e-06	4.990887e-09	2.411944e-08	3.533414e+01	1.431676e+03
1.450000e-06	5.030234e-09	2.425368e-08	3.561270e+01	1.440020e+03
1.460000e-06	5.067956e-09	2.437561e-08	3.587976e+01	1.447501e+03
1.470000e-06	5.104036e-09	2.448757e-08	3.613520e+01	1.454199e+03
1.480000e-06	5.138224e-09	2.458780e-08	3.637724e+01	1.460188e+03
1.490000e-06	5.170457e-09	2.467637e-08	3.660544e+01	1.465535e+03
1.500000e-06	5.200979e-09	2.475595e-08	3.682153e+01	1.470304e+03
1.510000e-06	5.229842e-09	2.482744e-08	3.702587e+01	1.474555e+03
1.520000e-06	5.256867e-09	2.488925e-08	3.721721e+01	1.478350e+03
1.530000e-06	5.281804e-09	2.494275e-08	3.739376e+01	1.481742e+03
1.540000e-06	5.304793e-09	2.499264e-08	3.755651e+01	1.484778e+03
1.550000e-06	5.326083e-09	2.503954e-08	3.770724e+01	1.487493e+03
1.560000e-06	5.345676e-09	2.508103e-08	3.784595e+01	1.489909e+03
1.570000e-06	5.363347e-09	2.511668e-08	3.797106e+01	1.492036e+03
1.580000e-06	5.378984e-09	2.514819e-08	3.808176e+01	1.493880e+03
1.590000e-06	5.392677e-09	2.517508e-08	3.817870e+01	1.495444e+03
1.600000e-06	5.404293e-09	2.519547e-08	3.826095e+01	1.496737e+03
1.610000e-06	5.413690e-09	2.520929e-08	3.832747e+01	1.497779e+03
1.620000e-06	5.421091e-09	2.522100e-08	3.837987e+01	1.498598e+03
1.630000e-06	5.426714e-09	2.523337e-08	3.841968e+01	1.499229e+03
1.640000e-06	5.430554e-09	2.524318e-08	3.844687e+01	1.499705e+03
1.650000e-06	5.432392e-09	2.524761e-08	3.845988e+01	1.500049e+03
1.660000e-06	5.432252e-09	2.525235e-08	3.845889e+01	1.500271e+03
1.670000e-06	5.430416e-09	2.525816e-08	3.844589e+01	1.500363e+03
1.680000e-06	5.426969e-09	2.525453e-08	3.842149e+01	1.500306e+03
1.690000e-06	5.421714e-09	2.524622e-08	3.838429e+01	1.500074e+03
1.700000e-06	5.414536e-09	2.523644e-08	3.833347e+01	1.499646e+03
1.710000e-06	5.405673e-09	2.522423e-08	3.827072e+01	1.499015e+03
1.720000e-06	5.395182e-09	2.520513e-08	3.819645e+01	1.498192e+03
1.730000e-06	5.382860e-09	2.517490e-08	3.810921e+01	1.497206e+03
1.740000e-06	5.368516e-09	2.519821e-08	3.800766e+01	1.496099e+03
1.750000e-06	5.352072e-09	2.519505e-08	3.789124e+01	1.494920e+03
1.760000e-06	5.333215e-09	2.514936e-08	3.775774e+01	1.493706e+03
1.770000e-06	5.311704e-09	2.512016e-08	3.760545e+01	1.492484e+03
1.780000e-06	5.288137e-09	2.503225e-08	3.743860e+01	1.491256e+03
1.790000e-06	5.263400e-09	2.509018e-08	3.726347e+01	1.490008e+03
1.800000e-06	5.237692e-09	2.516943e-08	3.708146e+01	1.488706e+03
1.810000e-06	5.210260e-09	2.494984e-08	3.688725e+01	1.487313e+03
1.820000e-06	5.180708e-09	2.498442e-08	3.667803e+01	1.485787e+03
1.830000e-06	5.149497e-09	2.510623e-08	3.645707e+01	1.484096e+03
1.840000e-06	5.116447e-09	2.495648e-08	3.622308e+01	1.482219e+03
1.850000e-06	5.081550e-09	2.499456e-08	3.597602e+01	1.480148e+03
1.860000e-06	5.045104e-09	2.493019e-08	3.571799e+01	1.477885e+03
1.870000e-06	5.006698e-09	2.478337e-08	3.544608e+01	1.475445e+03
1.880000e-06	4.966460e-09	2.486086e-08	3.516121e+01	1.472848e+03
1.890000e-06	4.924591e-09	2.478027e-08	3.486479e+01	1.470119e+03
1.900000e-06	4.881029e-09	2.471625e-08	3.455638e+01	1.467283e+03
1.910000e-06	4.835868e-09	2.470546e-08	3.423666e+01	1.464362e+03
1.920000e-06	4.788725e-09	2.457898e-08	3.390290e+01	1.461373e+03
1.930000e-06	4.739676e-09	2.460578e-08	3.355565e+01	1.458325e+03
1.940000e-06	4.689045e-09	2.447682e-08	3.319719e+01	1.455216e+03
1.950000e-06	4.636495e-09	2.437004e-08	3.282516e+01	1.452033e+03
1.960000e-06	4.581978e-09	2.441370e-08	3.243919e+01	1.448756e+03
1.970000e-06	4.525674e-09	2.434141e-08	3.204057e+01	1.445362e+03
1.980000e-06	4.467808e-09	2.431009e-08	3.163090e+01	1.441830e+03
1.990000e-06	4.408543e-09	2.417801e-08	3.121132e+01	1.438149e+03
2.000000e-06	4.347625e-09	2.411937e-08	3.078003e+01	1.434316e+03
2.010000e-06	4.285018e-09	2.411005e-08	3.033680e+01	1.430341e+03
2.020000e-06	4.220858e-09	2.399025e-08	2.988256e+01	1.426240e+03
2.030000e-06	4.155270e-09	2.394705e-08	2.941821e+01	1.422031e+03
2.040000e-06	4.088276e-09	2.385133e-08	2.894392e+01	1.417724e+03
2.050000e-06	4.019714e-09	2.381350e-08	2.845851e+01	1.413322e+03
2.060000e-06	3.949567e-09	2.374394e-08	2.796189e+01	1.408816e+03
2.070000e-06	3.877925e-09	2.360598e-08	2.745468e+01	1.404187e+03
2.080000e-06	3.804942e-09	2.355170e-08	2.693799e+01	1.399418e+03
2.090000e-06	3.730591e-09	2.346467e-08	2.641160e+01	1.394495e+03
2.100000e-06	3.654787e-09	2.340371e-08	2.587493e+01	1.389416e+03
2.110000e-06	3.577447e-09	2.328698e-08	2.532738e+01	1.384188e+03
2.120000e-06	3.498567e-09	2.319247e-08	2.476893e+01	1.378832e+03
2.130000e-06	3.418451e-09	2.313948e-08	2.420174e+01	1.373366e+03
2.140000e-06	3.337208e-09	2.303383e-08	2.362655e+01	1.367805e+03
2.150000e-06	3.254904e-09	2.292694e-08	2.304386e+01	1.362149e+03
2.160000e-06	3.171589e-09	2.280110e-08	2.245402e+01	1.356388e+03
2.170000e-06	3.087137e-09	2.272783e-08	2.185612e+01	1.350497e+03
2.180000e-06	3.001412e-09	2.264059e-08	2.124921e+01	1.344448e+03
2.190000e-06	2.914455e-09	2.252214e-08	2.063358e+01	1.338221e+03
2.200000e-06	2.826517e-09	2.240573e-08	2.001100e+01	1.331803e+03
2.210000e-06	2.737640e-09	2.229824e-08	1.938178e+01	1.325200e+03
2.220000e-06	2.647855e-09	2.220104e-08	1.874612e+01	1.318429e+03
2.230000e-06	2.557249e-09	2.206294e-08	1.810466e+01	1.311511e+03
2.240000e-06	2.465836e-09	2.193344e-08	1.745748e+01	1.304464e+03
2.250000e-06	2.373557e-09	2.182509e-08	1.680416e+01	1.297294e+03
2.260000e-06	2.280345e-09	2.172035e-08	1.614425e+01	1.289992e+03
2.270000e-06	2.186211e-09	2.158829e-08	1.547780e+01	1.282539e+03
2.280000e-06	2.091166e-09	2.143988e-08	1.480492e+01	1.274906e+03
2.290000e-06	1.995420e-09	2.131294e-08	1.412706e+01	1.267071e+03
2.300000e-06	1.899105e-09	2.118710e-08	1.344517e+01	1.259020e+03
2.310000e-06	1.802158e-09	2.104201e-08	1.275882e+01	1.250758e+03
2.320000e-06	1.704560e-09	2.088502e-08	1.206784e+01	1.242300e+03
2.330000e-06	1.606385e-09	2.074673e-08	1.137279e+01	1.233665e+03
2.340000e-06	1.507773e-09	2.061249e-08	1.067464e+01	1.224871e+03
2.350000e-06	1.408738e-09	2.045635e-08	9.973498e+00	1.215923e+03
2.360000e-06	1.309227e-09	2.028577e-08	9.268987e+00	1.206808e+03
2.370000e-06	1.209272e-09	2.012797e-08	8.561338e+00	1.197500e+03
2.380000e-06	1.108948e-09	1.997942e-08	7.851070e+00	1.187965e+03
2.390000e-06	1.008244e-09	1.981317e-08	7.138114e+00	1.178171e+03
2.400000e-06	9.070880e-10	1.963374e-08	6.421956e+00	1.168095e+03
2.410000e-06	8.054538e-10	1.945958e-08	5.702414e+00	1.157732e+03
2.420000e-06	7.034186e-10	1.929146e-08	4.980034e+00	1.147089e+03
2.430000e-06	6.010980e-10	1.910674e-08	4.255632e+00	1.136181e+03
2.440000e-06	4.985537e-10	1.890563e-08	3.529646e+00	1.125019e+03
2.450000e-06	3.958076e-10	1.871039e-08	2.802232e+00	1.113601e+03
2.460000e-06	2.929089e-10	1.852460e-08	2.073737e+00	1.101904e+03
2.470000e-06	1.899065e-10	1.832793e-08	1.344508e+00	1.089887e+03
2.480000e-06	8.683206e-11	1.811233e-08	6.147678e-01	1.077490e+03
2.490000e-06	-1.627087e-11	1.789281e-08	-1.151734e-01	1.064647e+03
2.500000e-06	-1.193713e-10	1.767391e-08	-8.450965e-01	1.051294e+03
2.510000e-06	-2.224029e-10	1.744275e-08	-1.574532e+00	1.037377e+03
2.520000e-06	-3.252931e-10	1.719030e-08	-2.302967e+00	1.022854e+03
2.530000e-06	-4.280224e-10	1.693078e-08	-3.030263e+00	1.007699e+03
2.540000e-06	-5.305918e-10	1.667195e-08	-3.756426e+00	9.918958e+02
2.550000e-06	-6.329318e-10	1.639996e-08	-4.480965e+00	9.754324e+02
2.560000e-06	-7.349271e-10	1.610569e-08	-5.203064e+00	9.583004e+02
2.570000e-06	-8.365347e-10	1.579879e-08	-5.922418e+00	9.404903e+02
2.580000e-06	-9.377690e-10	1.549213e-08	-6.639128e+00	9.219894e+02
2.590000e-06	-1.038591e-09	1.517464e-08	-7.352919e+00	9.027789e+02
2.600000e-06	-1.138954e-09	1.483668e-08	-8.063465e+00	8.828290e+02
2.610000e-06	-1.238874e-09	1.448342e-08	-8.770870e+00	8.620910e+02
2.620000e-06	-1.338365e-09	1.412091e-08	-9.475239e+00	8.404876e+02
2.630000e-06	-1.437408e-09	1.374521e-08	-1.017644e+01	8.179039e+02
2.640000e-06	-1.535973e-09	1.334514e-08	-1.087425e+01	7.941809e+02
2.650000e-06	-1.634036e-09	1.292008e-08	-1.156851e+01	7.691152e+02
2.660000e-06	-1.731549e-09	1.247432e-08	-1.225888e+01	7.424635e+02
2.670000e-06	-1.828472e-09	1.200156e-08	-1.294507e+01	7.139532e+02
2.680000e-06	-1.924791e-09	1.148701e-08	-1.362698e+01	6.832925e+02
2.690000e-06	-2.020546e-09	1.092784e-08	-1.430490e+01	6.501787e+02
2.700000e-06	-2.115732e-09	1.032674e-08	-1.497879e+01	6.143001e+02
2.710000e-06	-2.210166e-09	9.677829e-09	-1.564736e+01	5.753313e+02
2.720000e-06	-2.303629e-09	8.967877e-09	-1.630906e+01	5.329248e+02
2.730000e-06	-2.396087e-09	8.190024e-09	-1.696364e+01	4.867052e+02
2.740000e-06	-2.487646e-09	7.346862e-09	-1.761185e+01	4.362731e+02
2.750000e-06	-2.578341e-09	6.434002e-09	-1.825394e+01	3.812261e+02
2.760000e-06	-2.668092e-09	5.435687e-09	-1.888936e+01	3.211993e+02
2.770000e-06	-2.756894e-09	4.342800e-09	-1.951805e+01	2.559237e+02
2.780000e-06	-2.844836e-09	3.160612e-09	-2.014066e+01	1.852942e+02
2.790000e-06	-2.931913e-09	1.894669e-09	-2.075714e+01	1.094356e+02
2.800000e-06	-3.017905e-09	5.465509e-10	-2.136594e+01	2.875046e+01
2.810000e-06	-3.102628e-09	-8.759320e-10	-2.196576e+01	-5.606249e+01
2.820000e-06	-3.186189e-09	-2.351455e-09	-2.255735e+01	-1.440273e+02
2.830000e-06	-3.268687e-09	-3.855183e-09	-2.314141e+01	-2.339479e+02
2.840000e-06	-3.350092e-09	-5.370447e-09	-2.371774e+01	-3.244957e+02
2.850000e-06	-3.430393e-09	-6.881506e-09	-2.428625e+01	-4.143143e+02
2.860000e-06	-3.509529e-09	-8.362590e-09	-2.484651e+01	-5.021240e+02
2.870000e-06	-3.587225e-09	-9.787954e-09	-2.539658e+01	-5.868103e+02
2.880000e-06	-3.663349e-09	-1.114582e-08	-2.593551e+01	-6.674852e+02
2.890000e-06	-3.738046e-09	-1.243196e-08	-2.646435e+01	-7.435136e+02
2.900000e-06	-3.811382e-09	-1.363566e-08	-2.698355e+01	-8.145087e+02
2.910000e-06	-3.883394e-09	-1.474643e-08	-2.749337e+01	-8.803008e+02
2.920000e-06	-3.954057e-09	-1.576731e-08	-2.799365e+01	-9.408928e+02
2.930000e-06	-4.023131e-09	-1.670745e-08	-2.848267e+01	-9.964109e+02
2.940000e-06	-4.090646e-09	-1.756779e-08	-2.896067e+01	-1.047062e+03
2.950000e-06	-4.156796e-09	-1.834656e-08	-2.942899e+01	-1.093099e+03
2.960000e-06	-4.221567e-09	-1.905147e-08	-2.988755e+01	-1.134804e+03
2.970000e-06	-4.284950e-09	-1.969184e-08	-3.033629e+01	-1.172470e+03
2.980000e-06	-4.346756e-09	-2.027031e-08	-3.077386e+01	-1.206402e+03
2.990000e-06	-4.406817e-09	-2.078694e-08	-3.119907e+01	-1.236909e+03
3.000000e-06	-4.465314e-09	-2.124953e-08	-3.161322e+01	-1.264298e+03
3.010000e-06	-4.522368e-09	-2.166872e-08	-3.201715e+01	-1.288873e+03
3.020000e-06	-4.577886e-09	-2.204617e-08	-3.241020e+01	-1.310920e+03
3.030000e-06	-4.631583e-09	-2.238058e-08	-3.279036e+01	-1.330707e+03
3.040000e-06	-4.683299e-09	-2.268012e-08	-3.315650e+01	-1.348474e+03
3.050000e-06	-4.733146e-09	-2.295351e-08	-3.350940e+01	-1.364434e+03
3.060000e-06	-4.781026e-09	-2.320136e-08	-3.384838e+01	-1.378774e+03
3.070000e-06	-4.827003e-09	-2.341990e-08	-3.417388e+01	-1.391658e+03
3.080000e-06	-4.871408e-09	-2.361390e-08	-3.448826e+01	-1.403234e+03
3.090000e-06	-4.914352e-09	-2.379321e-08	-3.479229e+01	-1.413629e+03
3.100000e-06	-4.955788e-09	-2.395788e-08	-3.508564e+01	-1.422963e+03
3.110000e-06	-4.995636e-09	-2.410373e-08	-3.536776e+01	-1.431338e+03
3.120000e-06	-5.033695e-09	-2.423079e-08	-3.563721e+01	-1.438847e+03
3.130000e-06	-5.069808e-09	-2.434551e-08	-3.589288e+01	-1.445571e+03
3.140000e-06	-5.104115e-09	-2.445013e-08	-3.613576e+01	-1.451584e+03
3.150000e-06	-5.136733e-09	-2.454277e-08	-3.636669e+01	-1.456952e+03
3.160000e-06	-5.167537e-09	-2.462271e-08	-3.658478e+01	-1.461739e+03
3.170000e-06	-5.196326e-09	-2.469590e-08	-3.678859e+01	-1.466007e+03
3.180000e-06	-5.223257e-09	-2.476165e-08	-3.697926e+01	-1.469816e+03
3.190000e-06	-5.248455e-09	-2.481886e-08	-3.715765e+01	-1.473221e+03
3.200000e-06	-5.271814e-09	-2.486995e-08	-3.732303e+01	-1.476268e+03
3.210000e-06	-5.293168e-09	-2.491700e-08	-3.747421e+01	-1.478993e+03
3.220000e-06	-5.312588e-09	-2.496175e-08	-3.761170e+01	-1.481418e+03
3.230000e-06	-5.330294e-09	-2.499944e-08	-3.773705e+01	-1.483555e+03
3.240000e-06	-5.346168e-09	-2.502939e-08	-3.784944e+01	-1.485408e+03
3.250000e-06	-5.359882e-09	-2.505491e-08	-3.794653e+01	-1.486981e+03
3.260000e-06	-5.371392e-09	-2.507674e-08	-3.802801e+01	-1.488282e+03
3.270000e-06	-5.381011e-09	-2.509282e-08	-3.809612e+01	-1.489332e+03
3.280000e-06	-5.388822e-09	-2.510546e-08	-3.815142e+01	-1.490158e+03
3.290000e-06	-5.394640e-09	-2.511811e-08	-3.819261e+01	-1.490794e+03
3.300000e-06	-5.398467e-09	-2.513021e-08	-3.821970e+01	-1.491274e+03
3.310000e-06	-5.400519e-09	-2.514007e-08	-3.823423e+01	-1.491622e+03
