# Temperatura_=_55.52928571428572
# Concentracion g/m^3_=_20000.0
# C_Vs_to_Am_M_A/Vsm_=_59384043850.047264
# pendiente_HvsI_1/m_=_3716.3
# ordenada_HvsI_A/m_=_1297.0
# frecuencia_Hz_=_301648.86655447487
# Promedio de 14 ciclos

Tiempo_(s)	Campo_(V.s)	Magnetizacion_(V.s)	Campo_(kA/m)	Magnetizacion_(A/m)
0.000000e+00	-8.055598e-09	-2.689247e-08	-5.685115e+01	-1.597154e+03
1.000000e-08	-8.052004e-09	-2.688579e-08	-5.682579e+01	-1.597226e+03
2.000000e-08	-8.045776e-09	-2.688186e-08	-5.678184e+01	-1.597243e+03
3.000000e-08	-8.036915e-09	-2.687792e-08	-5.671931e+01	-1.597071e+03
4.000000e-08	-8.025214e-09	-2.687187e-08	-5.663673e+01	-1.596632e+03
5.000000e-08	-8.010591e-09	-2.686352e-08	-5.653353e+01	-1.595927e+03
6.000000e-08	-7.993122e-09	-2.685874e-08	-5.641025e+01	-1.595036e+03
7.000000e-08	-7.973166e-09	-2.686003e-08	-5.626941e+01	-1.594080e+03
8.000000e-08	-7.950735e-09	-2.682152e-08	-5.611111e+01	-1.593161e+03
9.000000e-08	-7.925158e-09	-2.675907e-08	-5.593061e+01	-1.592322e+03
1.000000e-07	-7.896252e-09	-2.676435e-08	-5.572661e+01	-1.591528e+03
1.100000e-07	-7.864476e-09	-2.679229e-08	-5.550236e+01	-1.590687e+03
1.200000e-07	-7.829979e-09	-2.677877e-08	-5.525890e+01	-1.589691e+03
1.300000e-07	-7.792906e-09	-2.673576e-08	-5.499727e+01	-1.588469e+03
1.400000e-07	-7.753660e-09	-2.673804e-08	-5.472029e+01	-1.587014e+03
1.500000e-07	-7.712154e-09	-2.674382e-08	-5.442737e+01	-1.585390e+03
1.600000e-07	-7.667915e-09	-2.666018e-08	-5.411516e+01	-1.583692e+03
1.700000e-07	-7.620895e-09	-2.665585e-08	-5.378333e+01	-1.582009e+03
1.800000e-07	-7.571094e-09	-2.659952e-08	-5.343187e+01	-1.580375e+03
1.900000e-07	-7.518180e-09	-2.656211e-08	-5.305844e+01	-1.578758e+03
2.000000e-07	-7.462374e-09	-2.660119e-08	-5.266460e+01	-1.577071e+03
2.100000e-07	-7.403902e-09	-2.652758e-08	-5.225194e+01	-1.575212e+03
2.200000e-07	-7.342781e-09	-2.649521e-08	-5.182059e+01	-1.573114e+03
2.300000e-07	-7.279085e-09	-2.644667e-08	-5.137107e+01	-1.570772e+03
2.400000e-07	-7.212589e-09	-2.643555e-08	-5.090178e+01	-1.568249e+03
2.500000e-07	-7.143389e-09	-2.639754e-08	-5.041342e+01	-1.565644e+03
2.600000e-07	-7.071598e-09	-2.631076e-08	-4.990676e+01	-1.563047e+03
2.700000e-07	-6.997048e-09	-2.628829e-08	-4.938065e+01	-1.560497e+03
2.800000e-07	-6.919738e-09	-2.627116e-08	-4.883504e+01	-1.557956e+03
2.900000e-07	-6.839717e-09	-2.623918e-08	-4.827031e+01	-1.555330e+03
3.000000e-07	-6.757198e-09	-2.614191e-08	-4.768795e+01	-1.552507e+03
3.100000e-07	-6.672439e-09	-2.608828e-08	-4.708977e+01	-1.549405e+03
3.200000e-07	-6.585428e-09	-2.606569e-08	-4.647571e+01	-1.546014e+03
3.300000e-07	-6.496068e-09	-2.600412e-08	-4.584506e+01	-1.542398e+03
3.400000e-07	-6.404369e-09	-2.593710e-08	-4.519791e+01	-1.538671e+03
3.500000e-07	-6.310415e-09	-2.586861e-08	-4.453485e+01	-1.534946e+03
3.600000e-07	-6.214125e-09	-2.583031e-08	-4.385529e+01	-1.531281e+03
3.700000e-07	-6.115473e-09	-2.577794e-08	-4.315907e+01	-1.527655e+03
3.800000e-07	-6.014633e-09	-2.569491e-08	-4.244741e+01	-1.523968e+03
3.900000e-07	-5.911688e-09	-2.560701e-08	-4.172090e+01	-1.520089e+03
4.000000e-07	-5.806579e-09	-2.554835e-08	-4.097910e+01	-1.515908e+03
4.100000e-07	-5.699312e-09	-2.550143e-08	-4.022209e+01	-1.511386e+03
4.200000e-07	-5.590056e-09	-2.541514e-08	-3.945103e+01	-1.506572e+03
4.300000e-07	-5.478876e-09	-2.532195e-08	-3.866639e+01	-1.501583e+03
4.400000e-07	-5.365608e-09	-2.524832e-08	-3.786703e+01	-1.496552e+03
4.500000e-07	-5.250146e-09	-2.518220e-08	-3.705218e+01	-1.491563e+03
4.600000e-07	-5.132615e-09	-2.508883e-08	-3.622272e+01	-1.486617e+03
4.700000e-07	-5.013210e-09	-2.498232e-08	-3.538003e+01	-1.481625e+03
4.800000e-07	-4.891996e-09	-2.489511e-08	-3.452459e+01	-1.476445e+03
4.900000e-07	-4.768962e-09	-2.481925e-08	-3.365629e+01	-1.470942e+03
5.000000e-07	-4.644166e-09	-2.472393e-08	-3.277556e+01	-1.465052e+03
5.100000e-07	-4.517755e-09	-2.460831e-08	-3.188344e+01	-1.458806e+03
5.200000e-07	-4.389790e-09	-2.450354e-08	-3.098035e+01	-1.452322e+03
5.300000e-07	-4.260203e-09	-2.441232e-08	-3.006581e+01	-1.445751e+03
5.400000e-07	-4.128996e-09	-2.430718e-08	-2.913983e+01	-1.439207e+03
5.500000e-07	-3.996296e-09	-2.418222e-08	-2.820333e+01	-1.432711e+03
5.600000e-07	-3.862188e-09	-2.406498e-08	-2.725688e+01	-1.426174e+03
5.700000e-07	-3.726636e-09	-2.396298e-08	-2.630025e+01	-1.419430e+03
5.800000e-07	-3.589731e-09	-2.384892e-08	-2.533405e+01	-1.412300e+03
5.900000e-07	-3.451539e-09	-2.371108e-08	-2.435879e+01	-1.404671e+03
6.000000e-07	-3.311982e-09	-2.357299e-08	-2.337389e+01	-1.396543e+03
6.100000e-07	-3.171009e-09	-2.344711e-08	-2.237899e+01	-1.388030e+03
6.200000e-07	-3.028724e-09	-2.331332e-08	-2.137484e+01	-1.379311e+03
6.300000e-07	-2.885313e-09	-2.315864e-08	-2.036274e+01	-1.370549e+03
6.400000e-07	-2.740834e-09	-2.300446e-08	-1.934310e+01	-1.361815e+03
6.500000e-07	-2.595327e-09	-2.286246e-08	-1.831621e+01	-1.353049e+03
6.600000e-07	-2.448896e-09	-2.271539e-08	-1.728280e+01	-1.344077e+03
6.700000e-07	-2.301644e-09	-2.254624e-08	-1.624359e+01	-1.334681e+03
6.800000e-07	-2.153628e-09	-2.236911e-08	-1.519898e+01	-1.324689e+03
6.900000e-07	-2.004884e-09	-2.219958e-08	-1.414925e+01	-1.314051e+03
7.000000e-07	-1.855468e-09	-2.202941e-08	-1.309477e+01	-1.302860e+03
7.100000e-07	-1.705424e-09	-2.184296e-08	-1.203585e+01	-1.291312e+03
7.200000e-07	-1.554789e-09	-2.164514e-08	-1.097277e+01	-1.279619e+03
7.300000e-07	-1.403622e-09	-2.145156e-08	-9.905931e+00	-1.267903e+03
7.400000e-07	-1.251937e-09	-2.125525e-08	-8.835443e+00	-1.256135e+03
7.500000e-07	-1.099768e-09	-2.104410e-08	-7.761533e+00	-1.244127e+03
7.600000e-07	-9.471733e-10	-2.081899e-08	-6.684620e+00	-1.231599e+03
7.700000e-07	-7.942134e-10	-2.059418e-08	-5.605130e+00	-1.218290e+03
7.800000e-07	-6.409631e-10	-2.036807e-08	-4.523590e+00	-1.204064e+03
7.900000e-07	-4.875030e-10	-2.012788e-08	-3.440571e+00	-1.188965e+03
8.000000e-07	-3.338939e-10	-1.987122e-08	-2.356500e+00	-1.173186e+03
8.100000e-07	-1.801442e-10	-1.960505e-08	-1.271436e+00	-1.156968e+03
8.200000e-07	-2.629704e-11	-1.933256e-08	-1.856845e-01	-1.140461e+03
8.300000e-07	1.275381e-10	-1.904222e-08	8.999821e-01	-1.123608e+03
8.400000e-07	2.812921e-10	-1.873069e-08	1.985076e+00	-1.106110e+03
8.500000e-07	4.349513e-10	-1.840460e-08	3.069501e+00	-1.087488e+03
8.600000e-07	5.884610e-10	-1.806427e-08	4.152871e+00	-1.067234e+03
8.700000e-07	7.417493e-10	-1.769690e-08	5.234678e+00	-1.044985e+03
8.800000e-07	8.947678e-10	-1.729709e-08	6.314582e+00	-1.020641e+03
8.900000e-07	1.047460e-09	-1.687193e-08	7.392185e+00	-9.943725e+02
9.000000e-07	1.199746e-09	-1.642202e-08	8.466921e+00	-9.664693e+02
9.100000e-07	1.351573e-09	-1.593352e-08	9.538415e+00	-9.370811e+02
9.200000e-07	1.502901e-09	-1.538983e-08	1.060639e+01	-9.059112e+02
9.300000e-07	1.653677e-09	-1.478483e-08	1.167047e+01	-8.719751e+02
9.400000e-07	1.803861e-09	-1.410609e-08	1.273037e+01	-8.335182e+02
9.500000e-07	1.953420e-09	-1.332503e-08	1.378586e+01	-7.881416e+02
9.600000e-07	2.102292e-09	-1.240177e-08	1.483650e+01	-7.331265e+02
9.700000e-07	2.250407e-09	-1.129847e-08	1.588180e+01	-6.658839e+02
9.800000e-07	2.397730e-09	-9.969994e-09	1.692152e+01	-5.844204e+02
9.900000e-07	2.544206e-09	-8.354702e-09	1.795524e+01	-4.877076e+02
1.000000e-06	2.689761e-09	-6.411354e-09	1.898248e+01	-3.758770e+02
1.010000e-06	2.834340e-09	-4.177044e-09	2.000282e+01	-2.502173e+02
1.020000e-06	2.977929e-09	-1.756430e-09	2.101618e+01	-1.130040e+02
1.030000e-06	3.120443e-09	7.331045e-10	2.202195e+01	3.276546e+01
1.040000e-06	3.261740e-09	3.229545e-09	2.301913e+01	1.836557e+02
1.050000e-06	3.401724e-09	5.739479e-09	2.400706e+01	3.360389e+02
1.060000e-06	3.540385e-09	8.263898e-09	2.498563e+01	4.862823e+02
1.070000e-06	3.677726e-09	1.075956e-08	2.595490e+01	6.308956e+02
1.080000e-06	3.813687e-09	1.314256e-08	2.691442e+01	7.666751e+02
1.090000e-06	3.948257e-09	1.530333e-08	2.786412e+01	8.908736e+02
1.100000e-06	4.081426e-09	1.716007e-08	2.880395e+01	1.001400e+03
1.110000e-06	4.213104e-09	1.870817e-08	2.973324e+01	1.097017e+03
1.120000e-06	4.343245e-09	1.999436e-08	3.065170e+01	1.177473e+03
1.130000e-06	4.471877e-09	2.106482e-08	3.155950e+01	1.243519e+03
1.140000e-06	4.598978e-09	2.194925e-08	3.245649e+01	1.296763e+03
1.150000e-06	4.724526e-09	2.267344e-08	3.334254e+01	1.339382e+03
1.160000e-06	4.848418e-09	2.326822e-08	3.421689e+01	1.373742e+03
1.170000e-06	4.970529e-09	2.376172e-08	3.507867e+01	1.402019e+03
1.180000e-06	5.090820e-09	2.417047e-08	3.592760e+01	1.425915e+03
1.190000e-06	5.209249e-09	2.450523e-08	3.676340e+01	1.446531e+03
1.200000e-06	5.325671e-09	2.478227e-08	3.758503e+01	1.464418e+03
1.210000e-06	5.439994e-09	2.501996e-08	3.839184e+01	1.479760e+03
1.220000e-06	5.552266e-09	2.522286e-08	3.918419e+01	1.492612e+03
1.230000e-06	5.662586e-09	2.539148e-08	3.996276e+01	1.503113e+03
1.240000e-06	5.770963e-09	2.553326e-08	4.072761e+01	1.511594e+03
1.250000e-06	5.877258e-09	2.565925e-08	4.147777e+01	1.518565e+03
1.260000e-06	5.981383e-09	2.577297e-08	4.221262e+01	1.524608e+03
1.270000e-06	6.083371e-09	2.587325e-08	4.293239e+01	1.530224e+03
1.280000e-06	6.183151e-09	2.596063e-08	4.363657e+01	1.535708e+03
1.290000e-06	6.280597e-09	2.604032e-08	4.432428e+01	1.541112e+03
1.300000e-06	6.375786e-09	2.611662e-08	4.499607e+01	1.546289e+03
1.310000e-06	6.468813e-09	2.618575e-08	4.565259e+01	1.551011e+03
1.320000e-06	6.559591e-09	2.624558e-08	4.629325e+01	1.555102e+03
1.330000e-06	6.647994e-09	2.630193e-08	4.691714e+01	1.558531e+03
1.340000e-06	6.734101e-09	2.636004e-08	4.752483e+01	1.561438e+03
1.350000e-06	6.817947e-09	2.641554e-08	4.811656e+01	1.564076e+03
1.360000e-06	6.899341e-09	2.646465e-08	4.869099e+01	1.566705e+03
1.370000e-06	6.978204e-09	2.651014e-08	4.924756e+01	1.569496e+03
1.380000e-06	7.054506e-09	2.655475e-08	4.978605e+01	1.572462e+03
1.390000e-06	7.128157e-09	2.659511e-08	5.030583e+01	1.575469e+03
1.400000e-06	7.199243e-09	2.663052e-08	5.080751e+01	1.578307e+03
1.410000e-06	7.267812e-09	2.666486e-08	5.129143e+01	1.580780e+03
1.420000e-06	7.333731e-09	2.670142e-08	5.175664e+01	1.582799e+03
1.430000e-06	7.397040e-09	2.673625e-08	5.220344e+01	1.584416e+03
1.440000e-06	7.457914e-09	2.676576e-08	5.263305e+01	1.585797e+03
1.450000e-06	7.516182e-09	2.679300e-08	5.304427e+01	1.587153e+03
1.460000e-06	7.571669e-09	2.681965e-08	5.343586e+01	1.588646e+03
1.470000e-06	7.624143e-09	2.684291e-08	5.380619e+01	1.590326e+03
1.480000e-06	7.673433e-09	2.686122e-08	5.415405e+01	1.592116e+03
1.490000e-06	7.719861e-09	2.687874e-08	5.448171e+01	1.593850e+03
1.500000e-06	7.763600e-09	2.689835e-08	5.479039e+01	1.595350e+03
1.510000e-06	7.804524e-09	2.691773e-08	5.507921e+01	1.596502e+03
1.520000e-06	7.842694e-09	2.693418e-08	5.534859e+01	1.597306e+03
1.530000e-06	7.878167e-09	2.694795e-08	5.559893e+01	1.597874e+03
1.540000e-06	7.910824e-09	2.696119e-08	5.582941e+01	1.598372e+03
1.550000e-06	7.940771e-09	2.697295e-08	5.604076e+01	1.598957e+03
1.560000e-06	7.967973e-09	2.698031e-08	5.623274e+01	1.599702e+03
1.570000e-06	7.992250e-09	2.698594e-08	5.640406e+01	1.600573e+03
1.580000e-06	8.013760e-09	2.699161e-08	5.655587e+01	1.601442e+03
1.590000e-06	8.032523e-09	2.699744e-08	5.668829e+01	1.602151e+03
1.600000e-06	8.048347e-09	2.700165e-08	5.679997e+01	1.602576e+03
1.610000e-06	8.061131e-09	2.700338e-08	5.689019e+01	1.602683e+03
1.620000e-06	8.070788e-09	2.700408e-08	5.695835e+01	1.602539e+03
1.630000e-06	8.077517e-09	2.700327e-08	5.700583e+01	1.602279e+03
1.640000e-06	8.081469e-09	2.700011e-08	5.703373e+01	1.602052e+03
1.650000e-06	8.082570e-09	2.699315e-08	5.704150e+01	1.601950e+03
1.660000e-06	8.080949e-09	2.699123e-08	5.703006e+01	1.601977e+03
1.670000e-06	8.076695e-09	2.698769e-08	5.700004e+01	1.602049e+03
1.680000e-06	8.069745e-09	2.697999e-08	5.695099e+01	1.602030e+03
1.690000e-06	8.060129e-09	2.697047e-08	5.688313e+01	1.601796e+03
1.700000e-06	8.047670e-09	2.695972e-08	5.679521e+01	1.601286e+03
1.710000e-06	8.032419e-09	2.694746e-08	5.668757e+01	1.600525e+03
1.720000e-06	8.014777e-09	2.692531e-08	5.656307e+01	1.599607e+03
1.730000e-06	7.994809e-09	2.692727e-08	5.642216e+01	1.598652e+03
1.740000e-06	7.972019e-09	2.697387e-08	5.626132e+01	1.597752e+03
1.750000e-06	7.945742e-09	2.693974e-08	5.607588e+01	1.596931e+03
1.760000e-06	7.915789e-09	2.687233e-08	5.586449e+01	1.596135e+03
1.770000e-06	7.882759e-09	2.685105e-08	5.563138e+01	1.595265e+03
1.780000e-06	7.847243e-09	2.683020e-08	5.538074e+01	1.594217e+03
1.790000e-06	7.809260e-09	2.675544e-08	5.511268e+01	1.592934e+03
1.800000e-06	7.769182e-09	2.679203e-08	5.482984e+01	1.591430e+03
1.810000e-06	7.727022e-09	2.678106e-08	5.453230e+01	1.589777e+03
1.820000e-06	7.682142e-09	2.668736e-08	5.421557e+01	1.588077e+03
1.830000e-06	7.634568e-09	2.676960e-08	5.387982e+01	1.586405e+03
1.840000e-06	7.584042e-09	2.667914e-08	5.352325e+01	1.584782e+03
1.850000e-06	7.530366e-09	2.664646e-08	5.314444e+01	1.583157e+03
1.860000e-06	7.473965e-09	2.660905e-08	5.274640e+01	1.581436e+03
1.870000e-06	7.414876e-09	2.653442e-08	5.232940e+01	1.579522e+03
1.880000e-06	7.353193e-09	2.658144e-08	5.189408e+01	1.577360e+03
1.890000e-06	7.288830e-09	2.647284e-08	5.143985e+01	1.574965e+03
1.900000e-06	7.221750e-09	2.647724e-08	5.096644e+01	1.572412e+03
1.910000e-06	7.151923e-09	2.644238e-08	5.047365e+01	1.569802e+03
1.920000e-06	7.079275e-09	2.637631e-08	4.996095e+01	1.567216e+03
1.930000e-06	7.003989e-09	2.634186e-08	4.942963e+01	1.564674e+03
1.940000e-06	6.925953e-09	2.624537e-08	4.887890e+01	1.562123e+03
1.950000e-06	6.845369e-09	2.625123e-08	4.831020e+01	1.559458e+03
1.960000e-06	6.762415e-09	2.616775e-08	4.772476e+01	1.556571e+03
1.970000e-06	6.676960e-09	2.613025e-08	4.712168e+01	1.553395e+03
1.980000e-06	6.589074e-09	2.607499e-08	4.650144e+01	1.549938e+03
1.990000e-06	6.498868e-09	2.600081e-08	4.586483e+01	1.546283e+03
2.000000e-06	6.406434e-09	2.596647e-08	4.521249e+01	1.542547e+03
2.010000e-06	6.311654e-09	2.587317e-08	4.454360e+01	1.538835e+03
2.020000e-06	6.214633e-09	2.582893e-08	4.385888e+01	1.535186e+03
2.030000e-06	6.115420e-09	2.574900e-08	4.315871e+01	1.531556e+03
2.040000e-06	6.013958e-09	2.570190e-08	4.244265e+01	1.527834e+03
2.050000e-06	5.910300e-09	2.561641e-08	4.171111e+01	1.523888e+03
2.060000e-06	5.804557e-09	2.553473e-08	4.096484e+01	1.519622e+03
2.070000e-06	5.696828e-09	2.546270e-08	4.020456e+01	1.515019e+03
2.080000e-06	5.586990e-09	2.538098e-08	3.942940e+01	1.510149e+03
2.090000e-06	5.475062e-09	2.530899e-08	3.863949e+01	1.505138e+03
2.100000e-06	5.361041e-09	2.521678e-08	3.783481e+01	1.500112e+03
2.110000e-06	5.244938e-09	2.514337e-08	3.701542e+01	1.495137e+03
2.120000e-06	5.126785e-09	2.505187e-08	3.618158e+01	1.490192e+03
2.130000e-06	5.006683e-09	2.496168e-08	3.533398e+01	1.485167e+03
2.140000e-06	4.884796e-09	2.485182e-08	3.447379e+01	1.479917e+03
2.150000e-06	4.761158e-09	2.476079e-08	3.360123e+01	1.474320e+03
2.160000e-06	4.635804e-09	2.466596e-08	3.271656e+01	1.468334e+03
2.170000e-06	4.508769e-09	2.456825e-08	3.182004e+01	1.462015e+03
2.180000e-06	4.380146e-09	2.445806e-08	3.091230e+01	1.455496e+03
2.190000e-06	4.250004e-09	2.435068e-08	2.999384e+01	1.448924e+03
2.200000e-06	4.118364e-09	2.424373e-08	2.906481e+01	1.442394e+03
2.210000e-06	3.985241e-09	2.412274e-08	2.812532e+01	1.435900e+03
2.220000e-06	3.850675e-09	2.399893e-08	2.717564e+01	1.429329e+03
2.230000e-06	3.714636e-09	2.387113e-08	2.621557e+01	1.422504e+03
2.240000e-06	3.577235e-09	2.375413e-08	2.524588e+01	1.415257e+03
2.250000e-06	3.438537e-09	2.362292e-08	2.426704e+01	1.407498e+03
2.260000e-06	3.298533e-09	2.348831e-08	2.327899e+01	1.399260e+03
2.270000e-06	3.157283e-09	2.334804e-08	2.228214e+01	1.390677e+03
2.280000e-06	3.014822e-09	2.320783e-08	2.127675e+01	1.381935e+03
2.290000e-06	2.871250e-09	2.305812e-08	2.026350e+01	1.373178e+03
2.300000e-06	2.726630e-09	2.290059e-08	1.924287e+01	1.364447e+03
2.310000e-06	2.581067e-09	2.274231e-08	1.821558e+01	1.355649e+03
2.320000e-06	2.434616e-09	2.258522e-08	1.718203e+01	1.346592e+03
2.330000e-06	2.287309e-09	2.242290e-08	1.614243e+01	1.337059e+03
2.340000e-06	2.139172e-09	2.224844e-08	1.509698e+01	1.326905e+03
2.350000e-06	1.990288e-09	2.206870e-08	1.404625e+01	1.316115e+03
2.360000e-06	1.840733e-09	2.188728e-08	1.299080e+01	1.304814e+03
2.370000e-06	1.690535e-09	2.169745e-08	1.193080e+01	1.293212e+03
2.380000e-06	1.539766e-09	2.149655e-08	1.086677e+01	1.281507e+03
2.390000e-06	1.388452e-09	2.129167e-08	9.798890e+00	1.269788e+03
2.400000e-06	1.236615e-09	2.108541e-08	8.727322e+00	1.257983e+03
2.410000e-06	1.084313e-09	2.087375e-08	7.652479e+00	1.245872e+03
2.420000e-06	9.316031e-10	2.064802e-08	6.574750e+00	1.233170e+03
2.430000e-06	7.785656e-10	2.041505e-08	5.494711e+00	1.219638e+03
2.440000e-06	6.252775e-10	2.017573e-08	4.412903e+00	1.205183e+03
2.450000e-06	4.717754e-10	1.993013e-08	3.329585e+00	1.189892e+03
2.460000e-06	3.181144e-10	1.967032e-08	2.245146e+00	1.173982e+03
2.470000e-06	1.643457e-10	1.939850e-08	1.159946e+00	1.157684e+03
2.480000e-06	1.052956e-11	1.911754e-08	7.441173e-02	1.141105e+03
2.490000e-06	-1.432668e-10	1.882208e-08	-1.010983e+00	1.124128e+03
2.500000e-06	-2.969942e-10	1.850832e-08	-2.095891e+00	1.106398e+03
2.510000e-06	-4.505982e-10	1.817187e-08	-3.179929e+00	1.087414e+03
2.520000e-06	-6.040306e-10	1.781635e-08	-4.262755e+00	1.066686e+03
2.530000e-06	-7.572314e-10	1.743947e-08	-5.343948e+00	1.043911e+03
2.540000e-06	-9.101404e-10	1.703840e-08	-6.423080e+00	1.019062e+03
2.550000e-06	-1.062697e-09	1.660950e-08	-7.499729e+00	9.923580e+02
2.560000e-06	-1.214842e-09	1.614839e-08	-8.573469e+00	9.640820e+02
2.570000e-06	-1.366521e-09	1.564803e-08	-9.643916e+00	9.343000e+02
2.580000e-06	-1.517671e-09	1.509534e-08	-1.071064e+01	9.025612e+02
2.590000e-06	-1.668231e-09	1.447782e-08	-1.177320e+01	8.676885e+02
2.600000e-06	-1.818169e-09	1.378003e-08	-1.283136e+01	8.277461e+02
2.610000e-06	-1.967476e-09	1.297656e-08	-1.388507e+01	7.802180e+02
2.620000e-06	-2.116122e-09	1.203398e-08	-1.493412e+01	7.223732e+02
2.630000e-06	-2.264020e-09	1.090741e-08	-1.597788e+01	6.517298e+02
2.640000e-06	-2.411088e-09	9.544709e-09	-1.701579e+01	5.665070e+02
2.650000e-06	-2.557312e-09	7.889287e-09	-1.804775e+01	4.659558e+02
2.660000e-06	-2.702655e-09	5.919949e-09	-1.907349e+01	3.505049e+02
2.670000e-06	-2.847051e-09	3.696219e-09	-2.009254e+01	2.217103e+02
2.680000e-06	-2.990392e-09	1.322940e-09	-2.110415e+01	8.205532e+01
2.690000e-06	-3.132556e-09	-1.108524e-09	-2.210745e+01	-6.532750e+01
2.700000e-06	-3.273505e-09	-3.548241e-09	-2.310218e+01	-2.169340e+02
2.710000e-06	-3.413166e-09	-5.986135e-09	-2.408781e+01	-3.691194e+02
2.720000e-06	-3.551499e-09	-8.426253e-09	-2.506408e+01	-5.182738e+02
2.730000e-06	-3.688535e-09	-1.084840e-08	-2.603119e+01	-6.609642e+02
2.740000e-06	-3.824218e-09	-1.317100e-08	-2.698875e+01	-7.940837e+02
2.750000e-06	-3.958472e-09	-1.527246e-08	-2.793623e+01	-9.150300e+02
2.760000e-06	-4.091289e-09	-1.707927e-08	-2.887356e+01	-1.021908e+03
2.770000e-06	-4.222643e-09	-1.859296e-08	-2.980058e+01	-1.113718e+03
2.780000e-06	-4.352519e-09	-1.985056e-08	-3.071716e+01	-1.190464e+03
2.790000e-06	-4.480937e-09	-2.089312e-08	-3.162345e+01	-1.253130e+03
2.800000e-06	-4.607783e-09	-2.175582e-08	-3.251865e+01	-1.303500e+03
2.810000e-06	-4.732959e-09	-2.246716e-08	-3.340206e+01	-1.343834e+03
2.820000e-06	-4.856445e-09	-2.305119e-08	-3.427354e+01	-1.376483e+03
2.830000e-06	-4.978184e-09	-2.353252e-08	-3.513270e+01	-1.403528e+03
2.840000e-06	-5.098095e-09	-2.393294e-08	-3.597895e+01	-1.426524e+03
2.850000e-06	-5.216046e-09	-2.426743e-08	-3.681137e+01	-1.446424e+03
2.860000e-06	-5.331938e-09	-2.454638e-08	-3.762926e+01	-1.463667e+03
2.870000e-06	-5.445673e-09	-2.478147e-08	-3.843193e+01	-1.478381e+03
2.880000e-06	-5.557211e-09	-2.498282e-08	-3.921909e+01	-1.490625e+03
2.890000e-06	-5.666667e-09	-2.515485e-08	-3.999156e+01	-1.500582e+03
2.900000e-06	-5.774156e-09	-2.530020e-08	-4.075015e+01	-1.508632e+03
2.910000e-06	-5.879726e-09	-2.542709e-08	-4.149520e+01	-1.515318e+03
2.920000e-06	-5.983200e-09	-2.554205e-08	-4.222546e+01	-1.521213e+03
2.930000e-06	-6.084416e-09	-2.564509e-08	-4.293977e+01	-1.526777e+03
2.940000e-06	-6.183437e-09	-2.573710e-08	-4.363860e+01	-1.532246e+03
2.950000e-06	-6.280365e-09	-2.582148e-08	-4.432265e+01	-1.537612e+03
2.960000e-06	-6.375110e-09	-2.590094e-08	-4.499131e+01	-1.542697e+03
2.970000e-06	-6.467520e-09	-2.597403e-08	-4.564348e+01	-1.547273e+03
2.980000e-06	-6.557672e-09	-2.603795e-08	-4.627971e+01	-1.551194e+03
2.990000e-06	-6.645580e-09	-2.609554e-08	-4.690011e+01	-1.554474e+03
3.000000e-06	-6.731063e-09	-2.615270e-08	-4.750339e+01	-1.557288e+03
3.010000e-06	-6.814093e-09	-2.620902e-08	-4.808937e+01	-1.559900e+03
3.020000e-06	-6.894796e-09	-2.626115e-08	-4.865892e+01	-1.562560e+03
3.030000e-06	-6.972978e-09	-2.630868e-08	-4.921067e+01	-1.565399e+03
3.040000e-06	-7.048400e-09	-2.635546e-08	-4.974296e+01	-1.568392e+03
3.050000e-06	-7.121203e-09	-2.640113e-08	-5.025676e+01	-1.571378e+03
3.060000e-06	-7.191439e-09	-2.644203e-08	-5.075243e+01	-1.574140e+03
3.070000e-06	-7.259056e-09	-2.647852e-08	-5.122963e+01	-1.576502e+03
3.080000e-06	-7.324165e-09	-2.651422e-08	-5.168914e+01	-1.578410e+03
3.090000e-06	-7.386709e-09	-2.654923e-08	-5.213053e+01	-1.579949e+03
3.100000e-06	-7.446573e-09	-2.657993e-08	-5.255301e+01	-1.581305e+03
3.110000e-06	-7.503778e-09	-2.660824e-08	-5.295673e+01	-1.582683e+03
3.120000e-06	-7.558216e-09	-2.663620e-08	-5.334092e+01	-1.584223e+03
3.130000e-06	-7.609717e-09	-2.666561e-08	-5.370438e+01	-1.585943e+03
3.140000e-06	-7.658139e-09	-2.669350e-08	-5.404611e+01	-1.587736e+03
3.150000e-06	-7.703652e-09	-2.671809e-08	-5.436732e+01	-1.589427e+03
3.160000e-06	-7.746658e-09	-2.674069e-08	-5.467083e+01	-1.590846e+03
3.170000e-06	-7.787160e-09	-2.676203e-08	-5.495666e+01	-1.591906e+03
3.180000e-06	-7.824889e-09	-2.677997e-08	-5.522294e+01	-1.592638e+03
3.190000e-06	-7.859854e-09	-2.679411e-08	-5.546969e+01	-1.593171e+03
3.200000e-06	-7.892117e-09	-2.680826e-08	-5.569739e+01	-1.593679e+03
3.210000e-06	-7.921465e-09	-2.682569e-08	-5.590451e+01	-1.594301e+03
3.220000e-06	-7.947931e-09	-2.684177e-08	-5.609129e+01	-1.595085e+03
3.230000e-06	-7.971661e-09	-2.685357e-08	-5.625877e+01	-1.595969e+03
3.240000e-06	-7.992512e-09	-2.686373e-08	-5.640592e+01	-1.596813e+03
3.250000e-06	-8.010539e-09	-2.687246e-08	-5.653314e+01	-1.597459e+03
3.260000e-06	-8.025749e-09	-2.687925e-08	-5.664049e+01	-1.597804e+03
3.270000e-06	-8.037833e-09	-2.688250e-08	-5.672577e+01	-1.597838e+03
3.280000e-06	-8.046901e-09	-2.688727e-08	-5.678976e+01	-1.597650e+03
3.290000e-06	-8.053096e-09	-2.689362e-08	-5.683349e+01	-1.597386e+03
3.300000e-06	-8.056441e-09	-2.689959e-08	-5.685710e+01	-1.597184e+03
3.310000e-06	-8.057070e-09	-2.690070e-08	-5.686154e+01	-1.597118e+03
