# Temperatura_=_51.50857142857143
# Concentracion g/m^3_=_20000.0
# C_Vs_to_Am_M_A/Vsm_=_59384043850.047264
# pendiente_HvsI_1/m_=_3716.3
# ordenada_HvsI_A/m_=_1297.0
# frecuencia_Hz_=_301665.0892368143
# Promedio de 14 ciclos

Tiempo_(s)	Campo_(V.s)	Magnetizacion_(V.s)	Campo_(kA/m)	Magnetizacion_(A/m)
0.000000e+00	-8.033612e-09	-2.676629e-08	-5.684914e+01	-1.590024e+03
1.000000e-08	-8.030221e-09	-2.676252e-08	-5.682515e+01	-1.590119e+03
2.000000e-08	-8.024210e-09	-2.675983e-08	-5.678261e+01	-1.590180e+03
3.000000e-08	-8.015594e-09	-2.675549e-08	-5.672165e+01	-1.590056e+03
4.000000e-08	-8.004148e-09	-2.675289e-08	-5.664064e+01	-1.589649e+03
5.000000e-08	-7.989737e-09	-2.674851e-08	-5.653867e+01	-1.588953e+03
6.000000e-08	-7.972458e-09	-2.674452e-08	-5.641639e+01	-1.588056e+03
7.000000e-08	-7.952729e-09	-2.674709e-08	-5.627679e+01	-1.587096e+03
8.000000e-08	-7.930587e-09	-2.670421e-08	-5.612010e+01	-1.586201e+03
9.000000e-08	-7.905373e-09	-2.665595e-08	-5.594168e+01	-1.585428e+03
1.000000e-07	-7.876834e-09	-2.666763e-08	-5.573972e+01	-1.584747e+03
1.100000e-07	-7.845371e-09	-2.669001e-08	-5.551708e+01	-1.584050e+03
1.200000e-07	-7.811156e-09	-2.668160e-08	-5.527496e+01	-1.583204e+03
1.300000e-07	-7.774369e-09	-2.663686e-08	-5.501464e+01	-1.582109e+03
1.400000e-07	-7.735398e-09	-2.663925e-08	-5.473886e+01	-1.580745e+03
1.500000e-07	-7.694194e-09	-2.663098e-08	-5.444729e+01	-1.579177e+03
1.600000e-07	-7.650302e-09	-2.656984e-08	-5.413669e+01	-1.577528e+03
1.700000e-07	-7.603619e-09	-2.655641e-08	-5.380634e+01	-1.575920e+03
1.800000e-07	-7.554187e-09	-2.648382e-08	-5.345655e+01	-1.574419e+03
1.900000e-07	-7.501673e-09	-2.649692e-08	-5.308493e+01	-1.573008e+03
2.000000e-07	-7.446250e-09	-2.652783e-08	-5.269274e+01	-1.571588e+03
2.100000e-07	-7.388172e-09	-2.643966e-08	-5.228175e+01	-1.570029e+03
2.200000e-07	-7.327443e-09	-2.641301e-08	-5.185201e+01	-1.568221e+03
2.300000e-07	-7.264144e-09	-2.637920e-08	-5.140408e+01	-1.566128e+03
2.400000e-07	-7.198069e-09	-2.638357e-08	-5.093651e+01	-1.563800e+03
2.500000e-07	-7.129284e-09	-2.631591e-08	-5.044976e+01	-1.561348e+03
2.600000e-07	-7.057923e-09	-2.623615e-08	-4.994478e+01	-1.558900e+03
2.700000e-07	-6.983819e-09	-2.624095e-08	-4.942039e+01	-1.556533e+03
2.800000e-07	-6.906951e-09	-2.623492e-08	-4.887644e+01	-1.554245e+03
2.900000e-07	-6.827358e-09	-2.618006e-08	-4.831321e+01	-1.551948e+03
3.000000e-07	-6.745227e-09	-2.607194e-08	-4.773202e+01	-1.549510e+03
3.100000e-07	-6.660859e-09	-2.606114e-08	-4.713499e+01	-1.546814e+03
3.200000e-07	-6.574258e-09	-2.604732e-08	-4.652217e+01	-1.543808e+03
3.300000e-07	-6.485323e-09	-2.597369e-08	-4.589283e+01	-1.540532e+03
3.400000e-07	-6.394052e-09	-2.589755e-08	-4.524696e+01	-1.537103e+03
3.500000e-07	-6.300516e-09	-2.585483e-08	-4.458506e+01	-1.533657e+03
3.600000e-07	-6.204693e-09	-2.583960e-08	-4.390698e+01	-1.530295e+03
3.700000e-07	-6.106510e-09	-2.576767e-08	-4.321220e+01	-1.527029e+03
3.800000e-07	-6.006110e-09	-2.567571e-08	-4.250173e+01	-1.523777e+03
3.900000e-07	-5.903626e-09	-2.561429e-08	-4.177650e+01	-1.520394e+03
4.000000e-07	-5.798992e-09	-2.559354e-08	-4.103607e+01	-1.516733e+03
4.100000e-07	-5.692182e-09	-2.553199e-08	-4.028024e+01	-1.512709e+03
4.200000e-07	-5.583366e-09	-2.542712e-08	-3.951021e+01	-1.508337e+03
4.300000e-07	-5.472651e-09	-2.535088e-08	-3.872675e+01	-1.503726e+03
4.400000e-07	-5.359877e-09	-2.530581e-08	-3.792871e+01	-1.499028e+03
4.500000e-07	-5.244888e-09	-2.523730e-08	-3.711501e+01	-1.494376e+03
4.600000e-07	-5.127798e-09	-2.512946e-08	-3.628644e+01	-1.489818e+03
4.700000e-07	-5.008846e-09	-2.504740e-08	-3.544468e+01	-1.485293e+03
4.800000e-07	-4.888103e-09	-2.499737e-08	-3.459025e+01	-1.480658e+03
4.900000e-07	-4.765538e-09	-2.492572e-08	-3.372293e+01	-1.475744e+03
5.000000e-07	-4.641210e-09	-2.480479e-08	-3.284313e+01	-1.470430e+03
5.100000e-07	-4.515268e-09	-2.469524e-08	-3.195192e+01	-1.464696e+03
5.200000e-07	-4.387785e-09	-2.462224e-08	-3.104980e+01	-1.458632e+03
5.300000e-07	-4.258693e-09	-2.454105e-08	-3.013629e+01	-1.452398e+03
5.400000e-07	-4.127986e-09	-2.442069e-08	-2.921135e+01	-1.446153e+03
5.500000e-07	-3.995760e-09	-2.430544e-08	-2.827567e+01	-1.439976e+03
5.600000e-07	-3.862121e-09	-2.422464e-08	-2.732999e+01	-1.433834e+03
5.700000e-07	-3.727053e-09	-2.413245e-08	-2.637418e+01	-1.427580e+03
5.800000e-07	-3.590608e-09	-2.399669e-08	-2.540865e+01	-1.421019e+03
5.900000e-07	-3.452890e-09	-2.385300e-08	-2.443410e+01	-1.413987e+03
6.000000e-07	-3.313854e-09	-2.374717e-08	-2.345022e+01	-1.406419e+03
6.100000e-07	-3.173405e-09	-2.364249e-08	-2.245635e+01	-1.398381e+03
6.200000e-07	-3.031592e-09	-2.349882e-08	-2.145282e+01	-1.390041e+03
6.300000e-07	-2.888623e-09	-2.334124e-08	-2.044112e+01	-1.381590e+03
6.400000e-07	-2.744618e-09	-2.321413e-08	-1.942208e+01	-1.373162e+03
6.500000e-07	-2.599595e-09	-2.309098e-08	-1.839584e+01	-1.364764e+03
6.600000e-07	-2.453588e-09	-2.292984e-08	-1.736263e+01	-1.356266e+03
6.700000e-07	-2.306732e-09	-2.275377e-08	-1.632342e+01	-1.347451e+03
6.800000e-07	-2.159149e-09	-2.260382e-08	-1.527905e+01	-1.338106e+03
6.900000e-07	-2.010836e-09	-2.246495e-08	-1.422953e+01	-1.328107e+03
7.000000e-07	-1.861799e-09	-2.229107e-08	-1.317489e+01	-1.317479e+03
7.100000e-07	-1.712148e-09	-2.209238e-08	-1.211589e+01	-1.306377e+03
7.200000e-07	-1.561972e-09	-2.190847e-08	-1.105319e+01	-1.295018e+03
7.300000e-07	-1.411270e-09	-2.173839e-08	-9.986752e+00	-1.283580e+03
7.400000e-07	-1.260034e-09	-2.154173e-08	-8.916549e+00	-1.272110e+03
7.500000e-07	-1.108312e-09	-2.132149e-08	-7.842898e+00	-1.260490e+03
7.600000e-07	-9.561698e-10	-2.111247e-08	-6.766278e+00	-1.248474e+03
7.700000e-07	-8.036685e-10	-2.091528e-08	-5.687117e+00	-1.235782e+03
7.800000e-07	-6.508684e-10	-2.069318e-08	-4.605841e+00	-1.222212e+03
7.900000e-07	-4.978377e-10	-2.043872e-08	-3.522934e+00	-1.207725e+03
8.000000e-07	-3.446435e-10	-2.018815e-08	-2.438870e+00	-1.192446e+03
8.100000e-07	-1.913192e-10	-1.994558e-08	-1.353885e+00	-1.176599e+03
8.200000e-07	-3.789358e-11	-1.968262e-08	-2.681832e-01	-1.160372e+03
8.300000e-07	1.155488e-10	-1.938446e-08	8.176373e-01	-1.143793e+03
8.400000e-07	2.689265e-10	-1.907932e-08	1.903000e+00	-1.126660e+03
8.500000e-07	4.222025e-10	-1.877689e-08	2.987643e+00	-1.108561e+03
8.600000e-07	5.753309e-10	-1.844743e-08	4.071242e+00	-1.089001e+03
8.700000e-07	7.282400e-10	-1.807363e-08	5.153289e+00	-1.067562e+03
8.800000e-07	8.808711e-10	-1.767808e-08	6.233369e+00	-1.044053e+03
8.900000e-07	1.033173e-09	-1.727915e-08	7.311120e+00	-1.018551e+03
9.000000e-07	1.185062e-09	-1.684948e-08	8.385953e+00	-9.913101e+02
9.100000e-07	1.336476e-09	-1.636435e-08	9.457419e+00	-9.625354e+02
9.200000e-07	1.487411e-09	-1.583079e-08	1.052550e+01	-9.320883e+02
9.300000e-07	1.637833e-09	-1.525766e-08	1.158994e+01	-8.992210e+02
9.400000e-07	1.787691e-09	-1.461287e-08	1.265040e+01	-8.624398e+02
9.500000e-07	1.936900e-09	-1.385645e-08	1.370627e+01	-8.195646e+02
9.600000e-07	2.085404e-09	-1.297359e-08	1.475714e+01	-7.679924e+02
9.700000e-07	2.233190e-09	-1.194558e-08	1.580294e+01	-7.051094e+02
9.800000e-07	2.380204e-09	-1.071220e-08	1.684327e+01	-6.287515e+02
9.900000e-07	2.526407e-09	-9.194928e-09	1.787786e+01	-5.375983e+02
1.000000e-06	2.671701e-09	-7.361416e-09	1.890602e+01	-4.314128e+02
1.010000e-06	2.816003e-09	-5.243908e-09	1.992717e+01	-3.110865e+02
1.020000e-06	2.959300e-09	-2.908332e-09	2.094119e+01	-1.785115e+02
1.030000e-06	3.101506e-09	-4.420992e-10	2.194750e+01	-3.634180e+01
1.040000e-06	3.242492e-09	2.057154e-09	2.294518e+01	1.122750e+02
1.050000e-06	3.382195e-09	4.554538e-09	2.393377e+01	2.639319e+02
1.060000e-06	3.520597e-09	7.064465e-09	2.491316e+01	4.151369e+02
1.070000e-06	3.657661e-09	9.579150e-09	2.588308e+01	5.624398e+02
1.080000e-06	3.793355e-09	1.203041e-08	2.684331e+01	7.025528e+02
1.090000e-06	3.927680e-09	1.430258e-08	2.779385e+01	8.325040e+02
1.100000e-06	4.060589e-09	1.629880e-08	2.873437e+01	9.498389e+02
1.110000e-06	4.192012e-09	1.799484e-08	2.966437e+01	1.052847e+03
1.120000e-06	4.321934e-09	1.941933e-08	3.058375e+01	1.140755e+03
1.130000e-06	4.450325e-09	2.059792e-08	3.149230e+01	1.213815e+03
1.140000e-06	4.577195e-09	2.156439e-08	3.239008e+01	1.273242e+03
1.150000e-06	4.702531e-09	2.236401e-08	3.327701e+01	1.320976e+03
1.160000e-06	4.826197e-09	2.303090e-08	3.415212e+01	1.359332e+03
1.170000e-06	4.948109e-09	2.357689e-08	3.501483e+01	1.390594e+03
1.180000e-06	5.068217e-09	2.401718e-08	3.586476e+01	1.416680e+03
1.190000e-06	5.186437e-09	2.438243e-08	3.670133e+01	1.438946e+03
1.200000e-06	5.302673e-09	2.469516e-08	3.752387e+01	1.458159e+03
1.210000e-06	5.416851e-09	2.495625e-08	3.833184e+01	1.474645e+03
1.220000e-06	5.528973e-09	2.516724e-08	3.912526e+01	1.488510e+03
1.230000e-06	5.639133e-09	2.534549e-08	3.990480e+01	1.499875e+03
1.240000e-06	5.747343e-09	2.550225e-08	4.067054e+01	1.509021e+03
1.250000e-06	5.853493e-09	2.563766e-08	4.142170e+01	1.516421e+03
1.260000e-06	5.957510e-09	2.574871e-08	4.215776e+01	1.522658e+03
1.270000e-06	6.059391e-09	2.584549e-08	4.287872e+01	1.528281e+03
1.280000e-06	6.159066e-09	2.593857e-08	4.358406e+01	1.533667e+03
1.290000e-06	6.256415e-09	2.602553e-08	4.427294e+01	1.538949e+03
1.300000e-06	6.351493e-09	2.609981e-08	4.494576e+01	1.544038e+03
1.310000e-06	6.444428e-09	2.616404e-08	4.560341e+01	1.548721e+03
1.320000e-06	6.535132e-09	2.622648e-08	4.624526e+01	1.552797e+03
1.330000e-06	6.623488e-09	2.628457e-08	4.687050e+01	1.556189e+03
1.340000e-06	6.709563e-09	2.633403e-08	4.747961e+01	1.558991e+03
1.350000e-06	6.793364e-09	2.637858e-08	4.807262e+01	1.561431e+03
1.360000e-06	6.874757e-09	2.642549e-08	4.864859e+01	1.563781e+03
1.370000e-06	6.953657e-09	2.647328e-08	4.920692e+01	1.566250e+03
1.380000e-06	7.029980e-09	2.651456e-08	4.974701e+01	1.568902e+03
1.390000e-06	7.103633e-09	2.654894e-08	5.026821e+01	1.571647e+03
1.400000e-06	7.174715e-09	2.658267e-08	5.077122e+01	1.574292e+03
1.410000e-06	7.243281e-09	2.661749e-08	5.125642e+01	1.576634e+03
1.420000e-06	7.309216e-09	2.664830e-08	5.172301e+01	1.578551e+03
1.430000e-06	7.372531e-09	2.667279e-08	5.217105e+01	1.580057e+03
1.440000e-06	7.433374e-09	2.669839e-08	5.260160e+01	1.581289e+03
1.450000e-06	7.491641e-09	2.672706e-08	5.301392e+01	1.582448e+03
1.460000e-06	7.547181e-09	2.675163e-08	5.340695e+01	1.583708e+03
1.470000e-06	7.599771e-09	2.676959e-08	5.377910e+01	1.585147e+03
1.480000e-06	7.649179e-09	2.678689e-08	5.412872e+01	1.586715e+03
1.490000e-06	7.695664e-09	2.680675e-08	5.445767e+01	1.588264e+03
1.500000e-06	7.739475e-09	2.682388e-08	5.476770e+01	1.589617e+03
1.510000e-06	7.780504e-09	2.683426e-08	5.505803e+01	1.590649e+03
1.520000e-06	7.818775e-09	2.684249e-08	5.532886e+01	1.591342e+03
1.530000e-06	7.854375e-09	2.685476e-08	5.558078e+01	1.591788e+03
1.540000e-06	7.887180e-09	2.686750e-08	5.581292e+01	1.592154e+03
1.550000e-06	7.917241e-09	2.687545e-08	5.602565e+01	1.592597e+03
1.560000e-06	7.944580e-09	2.688124e-08	5.621911e+01	1.593207e+03
1.570000e-06	7.969006e-09	2.688865e-08	5.639196e+01	1.593960e+03
1.580000e-06	7.990636e-09	2.689502e-08	5.654502e+01	1.594736e+03
1.590000e-06	8.009562e-09	2.689640e-08	5.667895e+01	1.595371e+03
1.600000e-06	8.025601e-09	2.689453e-08	5.679245e+01	1.595732e+03
1.610000e-06	8.038602e-09	2.689417e-08	5.688445e+01	1.595773e+03
1.620000e-06	8.048461e-09	2.689500e-08	5.695422e+01	1.595557e+03
1.630000e-06	8.055352e-09	2.689306e-08	5.700298e+01	1.595225e+03
1.640000e-06	8.059496e-09	2.688847e-08	5.703231e+01	1.594937e+03
1.650000e-06	8.060795e-09	2.688408e-08	5.704150e+01	1.594801e+03
1.660000e-06	8.059337e-09	2.688667e-08	5.703118e+01	1.594828e+03
1.670000e-06	8.055293e-09	2.688210e-08	5.700257e+01	1.594930e+03
1.680000e-06	8.048533e-09	2.687070e-08	5.695473e+01	1.594958e+03
1.690000e-06	8.039096e-09	2.685927e-08	5.688795e+01	1.594769e+03
1.700000e-06	8.026892e-09	2.684881e-08	5.680159e+01	1.594286e+03
1.710000e-06	8.011888e-09	2.683649e-08	5.669542e+01	1.593529e+03
1.720000e-06	7.994428e-09	2.681186e-08	5.657186e+01	1.592603e+03
1.730000e-06	7.974669e-09	2.682610e-08	5.643204e+01	1.591650e+03
1.740000e-06	7.952157e-09	2.685954e-08	5.627274e+01	1.590782e+03
1.750000e-06	7.926220e-09	2.682229e-08	5.608920e+01	1.590040e+03
1.760000e-06	7.896600e-09	2.676245e-08	5.587960e+01	1.589367e+03
1.770000e-06	7.863830e-09	2.673423e-08	5.564770e+01	1.588645e+03
1.780000e-06	7.828598e-09	2.672155e-08	5.539839e+01	1.587743e+03
1.790000e-06	7.790887e-09	2.666930e-08	5.513153e+01	1.586579e+03
1.800000e-06	7.751023e-09	2.671581e-08	5.484944e+01	1.585155e+03
1.810000e-06	7.709129e-09	2.665814e-08	5.455298e+01	1.583555e+03
1.820000e-06	7.664583e-09	2.661678e-08	5.423775e+01	1.581906e+03
1.830000e-06	7.617351e-09	2.668577e-08	5.390352e+01	1.580322e+03
1.840000e-06	7.567241e-09	2.655499e-08	5.354892e+01	1.578849e+03
1.850000e-06	7.513964e-09	2.655501e-08	5.317191e+01	1.577447e+03
1.860000e-06	7.457899e-09	2.649791e-08	5.277517e+01	1.576005e+03
1.870000e-06	7.399177e-09	2.647084e-08	5.235963e+01	1.574392e+03
1.880000e-06	7.337867e-09	2.649068e-08	5.192578e+01	1.572513e+03
1.890000e-06	7.273884e-09	2.637982e-08	5.147301e+01	1.570354e+03
1.900000e-06	7.207182e-09	2.641111e-08	5.100100e+01	1.567982e+03
1.910000e-06	7.137760e-09	2.635425e-08	5.050974e+01	1.565521e+03
1.920000e-06	7.065517e-09	2.629779e-08	4.999852e+01	1.563088e+03
1.930000e-06	6.990674e-09	2.623862e-08	4.946890e+01	1.560746e+03
1.940000e-06	6.913089e-09	2.618456e-08	4.891988e+01	1.558466e+03
1.950000e-06	6.832881e-09	2.620367e-08	4.835229e+01	1.556146e+03
1.960000e-06	6.750314e-09	2.611287e-08	4.776802e+01	1.553653e+03
1.970000e-06	6.665300e-09	2.608890e-08	4.716642e+01	1.550881e+03
1.980000e-06	6.577832e-09	2.602258e-08	4.654746e+01	1.547800e+03
1.990000e-06	6.487996e-09	2.597145e-08	4.591175e+01	1.544474e+03
2.000000e-06	6.395975e-09	2.591507e-08	4.526057e+01	1.541028e+03
2.010000e-06	6.301637e-09	2.583241e-08	4.459300e+01	1.537597e+03
2.020000e-06	6.205020e-09	2.580612e-08	4.390930e+01	1.534262e+03
2.030000e-06	6.106242e-09	2.574365e-08	4.321030e+01	1.531011e+03
2.040000e-06	6.005265e-09	2.570103e-08	4.249575e+01	1.527741e+03
2.050000e-06	5.902080e-09	2.560302e-08	4.176557e+01	1.524301e+03
2.060000e-06	5.796758e-09	2.554333e-08	4.102027e+01	1.520553e+03
2.070000e-06	5.689462e-09	2.547917e-08	4.026100e+01	1.516437e+03
2.080000e-06	5.580114e-09	2.541050e-08	3.948721e+01	1.511992e+03
2.090000e-06	5.468698e-09	2.533027e-08	3.869878e+01	1.507345e+03
2.100000e-06	5.355176e-09	2.524914e-08	3.789545e+01	1.502649e+03
2.110000e-06	5.239570e-09	2.518645e-08	3.707738e+01	1.498020e+03
2.120000e-06	5.121935e-09	2.509602e-08	3.624495e+01	1.493480e+03
2.130000e-06	5.002307e-09	2.500456e-08	3.539841e+01	1.488944e+03
2.140000e-06	4.880857e-09	2.490621e-08	3.453898e+01	1.484254e+03
2.150000e-06	4.757657e-09	2.483968e-08	3.366717e+01	1.479248e+03
2.160000e-06	4.632766e-09	2.475209e-08	3.278339e+01	1.473826e+03
2.170000e-06	4.506217e-09	2.465599e-08	3.188788e+01	1.467998e+03
2.180000e-06	4.378062e-09	2.454859e-08	3.098100e+01	1.461875e+03
2.190000e-06	4.248352e-09	2.445436e-08	3.006311e+01	1.455626e+03
2.200000e-06	4.117149e-09	2.434724e-08	2.913467e+01	1.449394e+03
2.210000e-06	3.984489e-09	2.422553e-08	2.819592e+01	1.443234e+03
2.220000e-06	3.850404e-09	2.410944e-08	2.724708e+01	1.437081e+03
2.230000e-06	3.714868e-09	2.400477e-08	2.628797e+01	1.430769e+03
2.240000e-06	3.577936e-09	2.390198e-08	2.531898e+01	1.424103e+03
2.250000e-06	3.439700e-09	2.377256e-08	2.434076e+01	1.416938e+03
2.260000e-06	3.300176e-09	2.364139e-08	2.335343e+01	1.409242e+03
2.270000e-06	3.159413e-09	2.350817e-08	2.235733e+01	1.401110e+03
2.280000e-06	3.017438e-09	2.337638e-08	2.135266e+01	1.392725e+03
2.290000e-06	2.874336e-09	2.322588e-08	2.034002e+01	1.384272e+03
2.300000e-06	2.730168e-09	2.307675e-08	1.931983e+01	1.375857e+03
2.310000e-06	2.585031e-09	2.293550e-08	1.829278e+01	1.367451e+03
2.320000e-06	2.439010e-09	2.279426e-08	1.725947e+01	1.358895e+03
2.330000e-06	2.292153e-09	2.263576e-08	1.622025e+01	1.349966e+03
2.340000e-06	2.144485e-09	2.246262e-08	1.517529e+01	1.340464e+03
2.350000e-06	1.996029e-09	2.229249e-08	1.412475e+01	1.330300e+03
2.360000e-06	1.846889e-09	2.212167e-08	1.306938e+01	1.319535e+03
2.370000e-06	1.697141e-09	2.193962e-08	1.200970e+01	1.308347e+03
2.380000e-06	1.546818e-09	2.174504e-08	1.094596e+01	1.296956e+03
2.390000e-06	1.395961e-09	2.155250e-08	9.878430e+00	1.285512e+03
2.400000e-06	1.244595e-09	2.135816e-08	8.807304e+00	1.274023e+03
2.410000e-06	1.092745e-09	2.115019e-08	7.732751e+00	1.262330e+03
2.420000e-06	9.404839e-10	2.092717e-08	6.655286e+00	1.250170e+03
2.430000e-06	7.878878e-10	2.070287e-08	5.575452e+00	1.237272e+03
2.440000e-06	6.350151e-10	2.047712e-08	4.493662e+00	1.223470e+03
2.450000e-06	4.819230e-10	2.024056e-08	3.410319e+00	1.208767e+03
2.460000e-06	3.286542e-10	1.998479e-08	2.325726e+00	1.193325e+03
2.470000e-06	1.752664e-10	1.972014e-08	1.240290e+00	1.177369e+03
2.480000e-06	2.182355e-11	1.945047e-08	1.544654e-01	1.161061e+03
2.490000e-06	-1.315927e-10	1.916433e-08	-9.311711e-01	1.144372e+03
2.500000e-06	-2.849423e-10	1.885575e-08	-2.016336e+00	1.127041e+03
2.510000e-06	-4.381807e-10	1.852911e-08	-3.100715e+00	1.108624e+03
2.520000e-06	-5.912260e-10	1.818790e-08	-4.183727e+00	1.088626e+03
2.530000e-06	-7.440476e-10	1.782093e-08	-5.265156e+00	1.066677e+03
2.540000e-06	-8.965745e-10	1.742458e-08	-6.344500e+00	1.042653e+03
2.550000e-06	-1.048724e-09	1.700235e-08	-7.421169e+00	1.016690e+03
2.560000e-06	-1.200443e-09	1.655767e-08	-8.494799e+00	9.890548e+02
2.570000e-06	-1.351701e-09	1.607732e-08	-9.565164e+00	9.598951e+02
2.580000e-06	-1.502464e-09	1.554446e-08	-1.063203e+01	9.289413e+02
2.590000e-06	-1.652674e-09	1.495173e-08	-1.169497e+01	8.952651e+02
2.600000e-06	-1.802294e-09	1.428680e-08	-1.275374e+01	8.571874e+02
2.610000e-06	-1.951305e-09	1.352449e-08	-1.380821e+01	8.123903e+02
2.620000e-06	-2.099646e-09	1.262688e-08	-1.485793e+01	7.582258e+02
2.630000e-06	-2.247209e-09	1.156025e-08	-1.590214e+01	6.921500e+02
2.640000e-06	-2.393943e-09	1.028374e-08	-1.694049e+01	6.121774e+02
2.650000e-06	-2.539859e-09	8.738946e-09	-1.797306e+01	5.172437e+02
2.660000e-06	-2.684894e-09	6.888990e-09	-1.899939e+01	4.073971e+02
2.670000e-06	-2.828933e-09	4.765314e-09	-2.001866e+01	2.837971e+02
2.680000e-06	-2.971906e-09	2.454409e-09	-2.103040e+01	1.485509e+02
2.690000e-06	-3.113738e-09	4.846885e-11	-2.203406e+01	4.460799e+00
2.700000e-06	-3.254368e-09	-2.387153e-09	-2.302922e+01	-1.452411e+02
2.710000e-06	-3.393725e-09	-4.827158e-09	-2.401537e+01	-2.971126e+02
2.720000e-06	-3.531792e-09	-7.266951e-09	-2.499239e+01	-4.476613e+02
2.730000e-06	-3.668545e-09	-9.698892e-09	-2.596011e+01	-5.934655e+02
2.740000e-06	-3.803909e-09	-1.207257e-08	-2.691800e+01	-7.313001e+02
2.750000e-06	-3.937878e-09	-1.428358e-08	-2.786602e+01	-8.583020e+02
2.760000e-06	-4.070440e-09	-1.623272e-08	-2.880408e+01	-9.721816e+02
2.770000e-06	-4.201559e-09	-1.788561e-08	-2.973193e+01	-1.071448e+03
2.780000e-06	-4.331225e-09	-1.926821e-08	-3.064950e+01	-1.155580e+03
2.790000e-06	-4.459399e-09	-2.042080e-08	-3.155652e+01	-1.225084e+03
2.800000e-06	-4.585992e-09	-2.137423e-08	-3.245234e+01	-1.281384e+03
2.810000e-06	-4.710963e-09	-2.215696e-08	-3.333669e+01	-1.326551e+03
2.820000e-06	-4.834253e-09	-2.280087e-08	-3.420914e+01	-1.362928e+03
2.830000e-06	-4.955804e-09	-2.333258e-08	-3.506929e+01	-1.392737e+03
2.840000e-06	-5.075528e-09	-2.377275e-08	-3.591650e+01	-1.417765e+03
2.850000e-06	-5.193287e-09	-2.413776e-08	-3.674981e+01	-1.439215e+03
2.860000e-06	-5.308973e-09	-2.444191e-08	-3.756845e+01	-1.457729e+03
2.870000e-06	-5.422473e-09	-2.469846e-08	-3.837163e+01	-1.473553e+03
2.880000e-06	-5.533808e-09	-2.491474e-08	-3.915947e+01	-1.486777e+03
2.890000e-06	-5.643095e-09	-2.509381e-08	-3.993284e+01	-1.497553e+03
2.900000e-06	-5.750450e-09	-2.524426e-08	-4.069253e+01	-1.506211e+03
2.910000e-06	-5.855884e-09	-2.537740e-08	-4.143862e+01	-1.513264e+03
2.920000e-06	-5.959208e-09	-2.549676e-08	-4.216978e+01	-1.519301e+03
2.930000e-06	-6.060293e-09	-2.560203e-08	-4.288510e+01	-1.524838e+03
2.940000e-06	-6.159204e-09	-2.569524e-08	-4.358504e+01	-1.530195e+03
2.950000e-06	-6.256019e-09	-2.577956e-08	-4.427015e+01	-1.535444e+03
2.960000e-06	-6.350653e-09	-2.585527e-08	-4.493981e+01	-1.540453e+03
2.970000e-06	-6.442997e-09	-2.592248e-08	-4.559328e+01	-1.545000e+03
2.980000e-06	-6.533106e-09	-2.598357e-08	-4.623092e+01	-1.548905e+03
2.990000e-06	-6.620939e-09	-2.604155e-08	-4.685247e+01	-1.552135e+03
3.000000e-06	-6.706363e-09	-2.609753e-08	-4.745697e+01	-1.554821e+03
3.010000e-06	-6.789375e-09	-2.614962e-08	-4.804439e+01	-1.557214e+03
3.020000e-06	-6.870022e-09	-2.619804e-08	-4.861509e+01	-1.559579e+03
3.030000e-06	-6.948119e-09	-2.624471e-08	-4.916773e+01	-1.562093e+03
3.040000e-06	-7.023494e-09	-2.628868e-08	-4.970112e+01	-1.564782e+03
3.050000e-06	-7.096291e-09	-2.632733e-08	-5.021626e+01	-1.567523e+03
3.060000e-06	-7.166531e-09	-2.636185e-08	-5.071330e+01	-1.570109e+03
3.070000e-06	-7.234180e-09	-2.639648e-08	-5.119202e+01	-1.572351e+03
3.080000e-06	-7.299336e-09	-2.643017e-08	-5.165309e+01	-1.574159e+03
3.090000e-06	-7.361919e-09	-2.646113e-08	-5.209595e+01	-1.575579e+03
3.100000e-06	-7.421826e-09	-2.648993e-08	-5.251989e+01	-1.576773e+03
3.110000e-06	-7.479068e-09	-2.651883e-08	-5.292495e+01	-1.577944e+03
3.120000e-06	-7.533543e-09	-2.654707e-08	-5.331044e+01	-1.579247e+03
3.130000e-06	-7.585098e-09	-2.657218e-08	-5.367527e+01	-1.580727e+03
3.140000e-06	-7.633568e-09	-2.659409e-08	-5.401826e+01	-1.582307e+03
3.150000e-06	-7.679138e-09	-2.661427e-08	-5.434073e+01	-1.583822e+03
3.160000e-06	-7.722229e-09	-2.663269e-08	-5.464566e+01	-1.585103e+03
3.170000e-06	-7.762819e-09	-2.664962e-08	-5.493289e+01	-1.586047e+03
3.180000e-06	-7.800640e-09	-2.666597e-08	-5.520053e+01	-1.586665e+03
3.190000e-06	-7.835716e-09	-2.668340e-08	-5.544874e+01	-1.587075e+03
3.200000e-06	-7.868103e-09	-2.670070e-08	-5.567793e+01	-1.587447e+03
3.210000e-06	-7.897587e-09	-2.671530e-08	-5.588656e+01	-1.587928e+03
3.220000e-06	-7.924212e-09	-2.672730e-08	-5.607498e+01	-1.588580e+03
3.230000e-06	-7.948093e-09	-2.673746e-08	-5.624397e+01	-1.589352e+03
3.240000e-06	-7.969098e-09	-2.674689e-08	-5.639261e+01	-1.590108e+03
3.250000e-06	-7.987296e-09	-2.675310e-08	-5.652139e+01	-1.590684e+03
3.260000e-06	-8.002633e-09	-2.675702e-08	-5.662992e+01	-1.590965e+03
3.270000e-06	-8.014851e-09	-2.676142e-08	-5.671638e+01	-1.590932e+03
3.280000e-06	-8.024108e-09	-2.676700e-08	-5.678189e+01	-1.590672e+03
3.290000e-06	-8.030512e-09	-2.677095e-08	-5.682721e+01	-1.590337e+03
3.300000e-06	-8.034063e-09	-2.677440e-08	-5.685233e+01	-1.590080e+03
3.310000e-06	-8.034882e-09	-2.677481e-08	-5.685813e+01	-1.589988e+03
