# Temperatura_=_61.074666666666666
# Concentracion g/m^3_=_20000.0
# C_Vs_to_Am_M_A/Vsm_=_59384043850.047264
# pendiente_HvsI_1/m_=_3716.3
# ordenada_HvsI_A/m_=_1297.0
# frecuencia_Hz_=_301650.6074635123
# Promedio de 15 ciclos

Tiempo_(s)	Campo_(V.s)	Magnetizacion_(V.s)	Campo_(kA/m)	Magnetizacion_(A/m)
0.000000e+00	-8.065855e-09	-2.702407e-08	-5.685379e+01	-1.605376e+03
1.000000e-08	-8.062172e-09	-2.702060e-08	-5.682783e+01	-1.605443e+03
2.000000e-08	-8.055876e-09	-2.701893e-08	-5.678345e+01	-1.605436e+03
3.000000e-08	-8.046923e-09	-2.701472e-08	-5.672034e+01	-1.605227e+03
4.000000e-08	-8.035091e-09	-2.700671e-08	-5.663694e+01	-1.604750e+03
5.000000e-08	-8.020288e-09	-2.699782e-08	-5.653259e+01	-1.604025e+03
6.000000e-08	-8.002654e-09	-2.699388e-08	-5.640830e+01	-1.603144e+03
7.000000e-08	-7.982608e-09	-2.699327e-08	-5.626700e+01	-1.602231e+03
8.000000e-08	-7.960069e-09	-2.696642e-08	-5.610812e+01	-1.601379e+03
9.000000e-08	-7.934359e-09	-2.692703e-08	-5.592691e+01	-1.600618e+03
1.000000e-07	-7.905354e-09	-2.692314e-08	-5.572245e+01	-1.599902e+03
1.100000e-07	-7.873468e-09	-2.692880e-08	-5.549770e+01	-1.599134e+03
1.200000e-07	-7.838824e-09	-2.691139e-08	-5.525350e+01	-1.598216e+03
1.300000e-07	-7.801633e-09	-2.688476e-08	-5.499135e+01	-1.597095e+03
1.400000e-07	-7.762257e-09	-2.689222e-08	-5.471380e+01	-1.595785e+03
1.500000e-07	-7.720581e-09	-2.688627e-08	-5.442004e+01	-1.594363e+03
1.600000e-07	-7.676178e-09	-2.683949e-08	-5.410706e+01	-1.592930e+03
1.700000e-07	-7.629005e-09	-2.682718e-08	-5.377454e+01	-1.591557e+03
1.800000e-07	-7.579009e-09	-2.677794e-08	-5.342214e+01	-1.590257e+03
1.900000e-07	-7.525904e-09	-2.675002e-08	-5.304781e+01	-1.588965e+03
2.000000e-07	-7.469933e-09	-2.675288e-08	-5.265329e+01	-1.587574e+03
2.100000e-07	-7.411299e-09	-2.670834e-08	-5.224000e+01	-1.585970e+03
2.200000e-07	-7.350032e-09	-2.668303e-08	-5.180814e+01	-1.584090e+03
2.300000e-07	-7.286157e-09	-2.664647e-08	-5.135791e+01	-1.581945e+03
2.400000e-07	-7.219467e-09	-2.662803e-08	-5.088783e+01	-1.579616e+03
2.500000e-07	-7.150099e-09	-2.659362e-08	-5.039887e+01	-1.577217e+03
2.600000e-07	-7.078125e-09	-2.653552e-08	-4.989155e+01	-1.574845e+03
2.700000e-07	-7.003385e-09	-2.650202e-08	-4.936473e+01	-1.572538e+03
2.800000e-07	-6.925873e-09	-2.648008e-08	-4.881837e+01	-1.570255e+03
2.900000e-07	-6.845643e-09	-2.644903e-08	-4.825285e+01	-1.567896e+03
3.000000e-07	-6.762947e-09	-2.637708e-08	-4.766995e+01	-1.565348e+03
3.100000e-07	-6.678035e-09	-2.632569e-08	-4.707143e+01	-1.562535e+03
3.200000e-07	-6.590856e-09	-2.629238e-08	-4.645692e+01	-1.559451e+03
3.300000e-07	-6.501321e-09	-2.624489e-08	-4.582582e+01	-1.556164e+03
3.400000e-07	-6.409440e-09	-2.619103e-08	-4.517818e+01	-1.552783e+03
3.500000e-07	-6.315280e-09	-2.613473e-08	-4.451447e+01	-1.549408e+03
3.600000e-07	-6.218805e-09	-2.609203e-08	-4.383445e+01	-1.546082e+03
3.700000e-07	-6.119982e-09	-2.604268e-08	-4.313788e+01	-1.542766e+03
3.800000e-07	-6.018971e-09	-2.597147e-08	-4.242588e+01	-1.539361e+03
3.900000e-07	-5.915838e-09	-2.588845e-08	-4.169892e+01	-1.535743e+03
4.000000e-07	-5.810528e-09	-2.582447e-08	-4.095662e+01	-1.531822e+03
4.100000e-07	-5.703061e-09	-2.577374e-08	-4.019912e+01	-1.527583e+03
4.200000e-07	-5.593595e-09	-2.570609e-08	-3.942753e+01	-1.523094e+03
4.300000e-07	-5.482199e-09	-2.562884e-08	-3.864232e+01	-1.518474e+03
4.400000e-07	-5.368713e-09	-2.555942e-08	-3.784240e+01	-1.513841e+03
4.500000e-07	-5.253028e-09	-2.549595e-08	-3.702697e+01	-1.509256e+03
4.600000e-07	-5.135271e-09	-2.541376e-08	-3.619693e+01	-1.504692e+03
4.700000e-07	-5.015642e-09	-2.531452e-08	-3.535370e+01	-1.500040e+03
4.800000e-07	-4.894220e-09	-2.522278e-08	-3.449784e+01	-1.495159e+03
4.900000e-07	-4.770976e-09	-2.514661e-08	-3.362912e+01	-1.489931e+03
5.000000e-07	-4.645971e-09	-2.506307e-08	-3.274800e+01	-1.484319e+03
5.100000e-07	-4.519378e-09	-2.496252e-08	-3.185568e+01	-1.478383e+03
5.200000e-07	-4.391213e-09	-2.486356e-08	-3.095228e+01	-1.472252e+03
5.300000e-07	-4.261425e-09	-2.477365e-08	-3.003745e+01	-1.466069e+03
5.400000e-07	-4.130029e-09	-2.467639e-08	-2.911128e+01	-1.459922e+03
5.500000e-07	-3.997137e-09	-2.456064e-08	-2.817456e+01	-1.453797e+03
5.600000e-07	-3.862838e-09	-2.444304e-08	-2.722793e+01	-1.447580e+03
5.700000e-07	-3.727079e-09	-2.433637e-08	-2.627100e+01	-1.441098e+03
5.800000e-07	-3.589931e-09	-2.422703e-08	-2.530428e+01	-1.434189e+03
5.900000e-07	-3.451494e-09	-2.409854e-08	-2.432849e+01	-1.426777e+03
6.000000e-07	-3.311694e-09	-2.396531e-08	-2.334308e+01	-1.418900e+03
6.100000e-07	-3.170452e-09	-2.384240e-08	-2.234750e+01	-1.410699e+03
6.200000e-07	-3.027887e-09	-2.371637e-08	-2.134261e+01	-1.402350e+03
6.300000e-07	-2.884203e-09	-2.357362e-08	-2.032982e+01	-1.393989e+03
6.400000e-07	-2.739493e-09	-2.342333e-08	-1.930981e+01	-1.385638e+03
6.500000e-07	-2.593793e-09	-2.327866e-08	-1.828281e+01	-1.377191e+03
6.600000e-07	-2.447151e-09	-2.313283e-08	-1.724917e+01	-1.368450e+03
6.700000e-07	-2.299701e-09	-2.297164e-08	-1.620984e+01	-1.359204e+03
6.800000e-07	-2.151527e-09	-2.279912e-08	-1.516541e+01	-1.349321e+03
6.900000e-07	-2.002603e-09	-2.263030e-08	-1.411568e+01	-1.338803e+03
7.000000e-07	-1.852971e-09	-2.246428e-08	-1.306096e+01	-1.327793e+03
7.100000e-07	-1.702731e-09	-2.228615e-08	-1.200197e+01	-1.316505e+03
7.200000e-07	-1.551927e-09	-2.209235e-08	-1.093900e+01	-1.305128e+03
7.300000e-07	-1.400554e-09	-2.189693e-08	-9.872015e+00	-1.293733e+03
7.400000e-07	-1.248638e-09	-2.170151e-08	-8.801206e+00	-1.282223e+03
7.500000e-07	-1.096238e-09	-2.149441e-08	-7.726984e+00	-1.270359e+03
7.600000e-07	-9.434323e-10	-2.127072e-08	-6.649903e+00	-1.257851e+03
7.700000e-07	-7.902930e-10	-2.104326e-08	-5.570469e+00	-1.244472e+03
7.800000e-07	-6.368491e-10	-2.081792e-08	-4.488889e+00	-1.230154e+03
7.900000e-07	-4.831864e-10	-2.058106e-08	-3.405768e+00	-1.215015e+03
8.000000e-07	-3.293918e-10	-2.032534e-08	-2.321717e+00	-1.199294e+03
8.100000e-07	-1.754700e-10	-2.005681e-08	-1.236769e+00	-1.183227e+03
8.200000e-07	-2.143933e-11	-1.978203e-08	-1.510542e-01	-1.166905e+03
8.300000e-07	1.325935e-10	-1.949283e-08	9.346762e-01	-1.150178e+03
8.400000e-07	2.865459e-10	-1.918083e-08	2.019839e+00	-1.132656e+03
8.500000e-07	4.403943e-10	-1.884937e-08	3.104269e+00	-1.113815e+03
8.600000e-07	5.940609e-10	-1.850427e-08	4.187418e+00	-1.093163e+03
8.700000e-07	7.474951e-10	-1.813573e-08	5.268929e+00	-1.070413e+03
8.800000e-07	9.006765e-10	-1.773172e-08	6.348658e+00	-1.045568e+03
8.900000e-07	1.053535e-09	-1.729734e-08	7.426114e+00	-1.018858e+03
9.000000e-07	1.206016e-09	-1.683623e-08	8.500905e+00	-9.905409e+02
9.100000e-07	1.358060e-09	-1.633330e-08	9.572617e+00	-9.606032e+02
9.200000e-07	1.509565e-09	-1.576648e-08	1.064052e+01	-9.284622e+02
9.300000e-07	1.660478e-09	-1.512566e-08	1.170427e+01	-8.927819e+02
9.400000e-07	1.810810e-09	-1.439899e-08	1.276392e+01	-8.514818e+02
9.500000e-07	1.960522e-09	-1.355744e-08	1.381919e+01	-8.019678e+02
9.600000e-07	2.109525e-09	-1.255670e-08	1.486947e+01	-7.415383e+02
9.700000e-07	2.257767e-09	-1.134828e-08	1.591438e+01	-6.678688e+02
9.800000e-07	2.405229e-09	-9.885484e-09	1.695379e+01	-5.794488e+02
9.900000e-07	2.551852e-09	-8.125783e-09	1.798729e+01	-4.758649e+02
1.000000e-06	2.697575e-09	-6.066388e-09	1.901445e+01	-3.578734e+02
1.010000e-06	2.842355e-09	-3.761046e-09	2.003497e+01	-2.272728e+02
1.020000e-06	2.986106e-09	-1.301323e-09	2.104822e+01	-8.663948e+01
1.030000e-06	3.128748e-09	1.208819e-09	2.205366e+01	6.097631e+01
1.040000e-06	3.270192e-09	3.715903e-09	2.305066e+01	2.123140e+02
1.050000e-06	3.410345e-09	6.232346e-09	2.403855e+01	3.640774e+02
1.060000e-06	3.549160e-09	8.755439e-09	2.501702e+01	5.130279e+02
1.070000e-06	3.686621e-09	1.122771e-08	2.598594e+01	6.560417e+02
1.080000e-06	3.822689e-09	1.356622e-08	2.694504e+01	7.901904e+02
1.090000e-06	3.957340e-09	1.568655e-08	2.789415e+01	9.128888e+02
1.100000e-06	4.090577e-09	1.751977e-08	2.883330e+01	1.022107e+03
1.110000e-06	4.222348e-09	1.905313e-08	2.976211e+01	1.116605e+03
1.120000e-06	4.352603e-09	2.032642e-08	3.068024e+01	1.196106e+03
1.130000e-06	4.481320e-09	2.138527e-08	3.158753e+01	1.261341e+03
1.140000e-06	4.608470e-09	2.226175e-08	3.248377e+01	1.313918e+03
1.150000e-06	4.734059e-09	2.297860e-08	3.336901e+01	1.356018e+03
1.160000e-06	4.858019e-09	2.356437e-08	3.424276e+01	1.390010e+03
1.170000e-06	4.980218e-09	2.405001e-08	3.510411e+01	1.418047e+03
1.180000e-06	5.100602e-09	2.445428e-08	3.595266e+01	1.441786e+03
1.190000e-06	5.219107e-09	2.478606e-08	3.678796e+01	1.462268e+03
1.200000e-06	5.335632e-09	2.505970e-08	3.760931e+01	1.479989e+03
1.210000e-06	5.450076e-09	2.529193e-08	3.841599e+01	1.495099e+03
1.220000e-06	5.562419e-09	2.549016e-08	3.920786e+01	1.507655e+03
1.230000e-06	5.672771e-09	2.565718e-08	3.998570e+01	1.517827e+03
1.240000e-06	5.781183e-09	2.579755e-08	4.074986e+01	1.525996e+03
1.250000e-06	5.887539e-09	2.592082e-08	4.149953e+01	1.532714e+03
1.260000e-06	5.991710e-09	2.603113e-08	4.223381e+01	1.538583e+03
1.270000e-06	6.093710e-09	2.612641e-08	4.295277e+01	1.544092e+03
1.280000e-06	6.193514e-09	2.620917e-08	4.365625e+01	1.549499e+03
1.290000e-06	6.291009e-09	2.628578e-08	4.434347e+01	1.554808e+03
1.300000e-06	6.386221e-09	2.635971e-08	4.501458e+01	1.559831e+03
1.310000e-06	6.479267e-09	2.642631e-08	4.567044e+01	1.564326e+03
1.320000e-06	6.570082e-09	2.648436e-08	4.631056e+01	1.568128e+03
1.330000e-06	6.658515e-09	2.653884e-08	4.693391e+01	1.571243e+03
1.340000e-06	6.744623e-09	2.659178e-08	4.754085e+01	1.573849e+03
1.350000e-06	6.828487e-09	2.663940e-08	4.813198e+01	1.576229e+03
1.360000e-06	6.909959e-09	2.668154e-08	4.870626e+01	1.578655e+03
1.370000e-06	6.988899e-09	2.672240e-08	4.926268e+01	1.581282e+03
1.380000e-06	7.065258e-09	2.676279e-08	4.980091e+01	1.584095e+03
1.390000e-06	7.138927e-09	2.680046e-08	5.032018e+01	1.586932e+03
1.400000e-06	7.210005e-09	2.683447e-08	5.082118e+01	1.589564e+03
1.410000e-06	7.278599e-09	2.686637e-08	5.130469e+01	1.591801e+03
1.420000e-06	7.344539e-09	2.689854e-08	5.176947e+01	1.593573e+03
1.430000e-06	7.407830e-09	2.692872e-08	5.221559e+01	1.594961e+03
1.440000e-06	7.468654e-09	2.695330e-08	5.264433e+01	1.596156e+03
1.450000e-06	7.526880e-09	2.697409e-08	5.305474e+01	1.597375e+03
1.460000e-06	7.582353e-09	2.699587e-08	5.344575e+01	1.598770e+03
1.470000e-06	7.634869e-09	2.701790e-08	5.381592e+01	1.600365e+03
1.480000e-06	7.684193e-09	2.703696e-08	5.416359e+01	1.602054e+03
1.490000e-06	7.730587e-09	2.705350e-08	5.449060e+01	1.603652e+03
1.500000e-06	7.774299e-09	2.706988e-08	5.479872e+01	1.604975e+03
1.510000e-06	7.815197e-09	2.708567e-08	5.508699e+01	1.605926e+03
1.520000e-06	7.853305e-09	2.709776e-08	5.535560e+01	1.606527e+03
1.530000e-06	7.888749e-09	2.710607e-08	5.560544e+01	1.606915e+03
1.540000e-06	7.921407e-09	2.711451e-08	5.583563e+01	1.607275e+03
1.550000e-06	7.951295e-09	2.712386e-08	5.604630e+01	1.607760e+03
1.560000e-06	7.978429e-09	2.712955e-08	5.623756e+01	1.608434e+03
1.570000e-06	8.002651e-09	2.713226e-08	5.640829e+01	1.609242e+03
1.580000e-06	8.024082e-09	2.713557e-08	5.655935e+01	1.610041e+03
1.590000e-06	8.042785e-09	2.714037e-08	5.669118e+01	1.610667e+03
1.600000e-06	8.058581e-09	2.714435e-08	5.680252e+01	1.611000e+03
1.610000e-06	8.071333e-09	2.714541e-08	5.689241e+01	1.611021e+03
1.620000e-06	8.080938e-09	2.714483e-08	5.696011e+01	1.610812e+03
1.630000e-06	8.087577e-09	2.714352e-08	5.700690e+01	1.610518e+03
1.640000e-06	8.091466e-09	2.713892e-08	5.703432e+01	1.610283e+03
1.650000e-06	8.092485e-09	2.712984e-08	5.704150e+01	1.610188e+03
1.660000e-06	8.090752e-09	2.712329e-08	5.702928e+01	1.610222e+03
1.670000e-06	8.086427e-09	2.711990e-08	5.699880e+01	1.610284e+03
1.680000e-06	8.079370e-09	2.711457e-08	5.694905e+01	1.610237e+03
1.690000e-06	8.069622e-09	2.710592e-08	5.688034e+01	1.609964e+03
1.700000e-06	8.057093e-09	2.709480e-08	5.679203e+01	1.609420e+03
1.710000e-06	8.041767e-09	2.708180e-08	5.668400e+01	1.608646e+03
1.720000e-06	8.024001e-09	2.706213e-08	5.655877e+01	1.607746e+03
1.730000e-06	8.003922e-09	2.706283e-08	5.641724e+01	1.606841e+03
1.740000e-06	7.980993e-09	2.708273e-08	5.625561e+01	1.606012e+03
1.750000e-06	7.954522e-09	2.705713e-08	5.606903e+01	1.605270e+03
1.760000e-06	7.924399e-09	2.701318e-08	5.585670e+01	1.604551e+03
1.770000e-06	7.891235e-09	2.699239e-08	5.562293e+01	1.603754e+03
1.780000e-06	7.855599e-09	2.697038e-08	5.537174e+01	1.602788e+03
1.790000e-06	7.817515e-09	2.692082e-08	5.510330e+01	1.601615e+03
1.800000e-06	7.777336e-09	2.693382e-08	5.482009e+01	1.600268e+03
1.810000e-06	7.735021e-09	2.691572e-08	5.452182e+01	1.598835e+03
1.820000e-06	7.689994e-09	2.686618e-08	5.420444e+01	1.597412e+03
1.830000e-06	7.642273e-09	2.690038e-08	5.386807e+01	1.596059e+03
1.840000e-06	7.591579e-09	2.684900e-08	5.351074e+01	1.594770e+03
1.850000e-06	7.537764e-09	2.682356e-08	5.313142e+01	1.593465e+03
1.860000e-06	7.481198e-09	2.677989e-08	5.273269e+01	1.592029e+03
1.870000e-06	7.421934e-09	2.672371e-08	5.231496e+01	1.590360e+03
1.880000e-06	7.360097e-09	2.673425e-08	5.187909e+01	1.588410e+03
1.890000e-06	7.295553e-09	2.667557e-08	5.142414e+01	1.586209e+03
1.900000e-06	7.228255e-09	2.665712e-08	5.094977e+01	1.583852e+03
1.910000e-06	7.158199e-09	2.662272e-08	5.045597e+01	1.581453e+03
1.920000e-06	7.085350e-09	2.657175e-08	4.994247e+01	1.579097e+03
1.930000e-06	7.009892e-09	2.652151e-08	4.941060e+01	1.576803e+03
1.940000e-06	6.931690e-09	2.645384e-08	4.885937e+01	1.574511e+03
1.950000e-06	6.850939e-09	2.643390e-08	4.829018e+01	1.572115e+03
1.960000e-06	6.767794e-09	2.637887e-08	4.770412e+01	1.569506e+03
1.970000e-06	6.682175e-09	2.634180e-08	4.710061e+01	1.566623e+03
1.980000e-06	6.594124e-09	2.629152e-08	4.647996e+01	1.563479e+03
1.990000e-06	6.503717e-09	2.622607e-08	4.584271e+01	1.560158e+03
2.000000e-06	6.411104e-09	2.617641e-08	4.518991e+01	1.556772e+03
2.010000e-06	6.316159e-09	2.610635e-08	4.452067e+01	1.553408e+03
2.020000e-06	6.218958e-09	2.605258e-08	4.383553e+01	1.550090e+03
2.030000e-06	6.119543e-09	2.598849e-08	4.313478e+01	1.546764e+03
2.040000e-06	6.017902e-09	2.593873e-08	4.241834e+01	1.543317e+03
2.050000e-06	5.914068e-09	2.587103e-08	4.168645e+01	1.539629e+03
2.060000e-06	5.808122e-09	2.579530e-08	4.093967e+01	1.535627e+03
2.070000e-06	5.700198e-09	2.572006e-08	4.017894e+01	1.531317e+03
2.080000e-06	5.590187e-09	2.564430e-08	3.940350e+01	1.526783e+03
2.090000e-06	5.478090e-09	2.557288e-08	3.861337e+01	1.522150e+03
2.100000e-06	5.363869e-09	2.549181e-08	3.780826e+01	1.517527e+03
2.110000e-06	5.247575e-09	2.541819e-08	3.698853e+01	1.512953e+03
2.120000e-06	5.129251e-09	2.533840e-08	3.615450e+01	1.508380e+03
2.130000e-06	5.008968e-09	2.525350e-08	3.530667e+01	1.503684e+03
2.140000e-06	4.886893e-09	2.515503e-08	3.444619e+01	1.498725e+03
2.150000e-06	4.763045e-09	2.506101e-08	3.357323e+01	1.493401e+03
2.160000e-06	4.637484e-09	2.496827e-08	3.268819e+01	1.487699e+03
2.170000e-06	4.510258e-09	2.487477e-08	3.179141e+01	1.481700e+03
2.180000e-06	4.381437e-09	2.477339e-08	3.088339e+01	1.475544e+03
2.190000e-06	4.251083e-09	2.467108e-08	2.996456e+01	1.469366e+03
2.200000e-06	4.119201e-09	2.456998e-08	2.903496e+01	1.463230e+03
2.210000e-06	3.985841e-09	2.446122e-08	2.809495e+01	1.457096e+03
2.220000e-06	3.851076e-09	2.434321e-08	2.714503e+01	1.450830e+03
2.230000e-06	3.714866e-09	2.422039e-08	2.618492e+01	1.444254e+03
2.240000e-06	3.577253e-09	2.410237e-08	2.521493e+01	1.437223e+03
2.250000e-06	3.438318e-09	2.397889e-08	2.423562e+01	1.429686e+03
2.260000e-06	3.298095e-09	2.384996e-08	2.324723e+01	1.421713e+03
2.270000e-06	3.156635e-09	2.371354e-08	2.225012e+01	1.413458e+03
2.280000e-06	3.013981e-09	2.357751e-08	2.124460e+01	1.405097e+03
2.290000e-06	2.870194e-09	2.343521e-08	2.023108e+01	1.396742e+03
2.300000e-06	2.725360e-09	2.328625e-08	1.921019e+01	1.388382e+03
2.310000e-06	2.579607e-09	2.313157e-08	1.818282e+01	1.379882e+03
2.320000e-06	2.432968e-09	2.297477e-08	1.714921e+01	1.371033e+03
2.330000e-06	2.285467e-09	2.281475e-08	1.610952e+01	1.361636e+03
2.340000e-06	2.137139e-09	2.264636e-08	1.506399e+01	1.351588e+03
2.350000e-06	1.988056e-09	2.247103e-08	1.401315e+01	1.340930e+03
2.360000e-06	1.838297e-09	2.228982e-08	1.295755e+01	1.329829e+03
2.370000e-06	1.687932e-09	2.210384e-08	1.189767e+01	1.318504e+03
2.380000e-06	1.536998e-09	2.190920e-08	1.083378e+01	1.307123e+03
2.390000e-06	1.385499e-09	2.170943e-08	9.765911e+00	1.295715e+03
2.400000e-06	1.233488e-09	2.150563e-08	8.694427e+00	1.284143e+03
2.410000e-06	1.081009e-09	2.129615e-08	7.619651e+00	1.272145e+03
2.420000e-06	9.281205e-10	2.107531e-08	6.541985e+00	1.259435e+03
2.430000e-06	7.749135e-10	2.084487e-08	5.462073e+00	1.245821e+03
2.440000e-06	6.214430e-10	2.060614e-08	4.380304e+00	1.231280e+03
2.450000e-06	4.677523e-10	2.035928e-08	3.296983e+00	1.215971e+03
2.460000e-06	3.139170e-10	2.010005e-08	2.212643e+00	1.200145e+03
2.470000e-06	1.599985e-10	1.982967e-08	1.127718e+00	1.184014e+03
2.480000e-06	6.035457e-12	1.955005e-08	4.247814e-02	1.167615e+03
2.490000e-06	-1.479223e-10	1.925563e-08	-1.042724e+00	1.150734e+03
2.500000e-06	-3.018079e-10	1.894138e-08	-2.127418e+00	1.132934e+03
2.510000e-06	-4.555691e-10	1.860247e-08	-3.211234e+00	1.113680e+03
2.520000e-06	-6.091575e-10	1.824180e-08	-4.293834e+00	1.092520e+03
2.530000e-06	-7.625342e-10	1.786044e-08	-5.374940e+00	1.069236e+03
2.540000e-06	-9.156213e-10	1.745440e-08	-6.454006e+00	1.043897e+03
2.550000e-06	-1.068338e-09	1.701751e-08	-7.530457e+00	1.016766e+03
2.560000e-06	-1.220626e-09	1.654487e-08	-8.603891e+00	9.880633e+02
2.570000e-06	-1.372430e-09	1.602752e-08	-9.673913e+00	9.576571e+02
2.580000e-06	-1.523713e-09	1.545188e-08	-1.074026e+01	9.247876e+02
2.590000e-06	-1.674434e-09	1.480087e-08	-1.180265e+01	8.879232e+02
2.600000e-06	-1.824563e-09	1.405664e-08	-1.286086e+01	8.448252e+02
2.610000e-06	-1.974065e-09	1.319426e-08	-1.391465e+01	7.928293e+02
2.620000e-06	-2.122883e-09	1.217401e-08	-1.496363e+01	7.292827e+02
2.630000e-06	-2.270937e-09	1.094437e-08	-1.600722e+01	6.520277e+02
2.640000e-06	-2.418170e-09	9.447821e-09	-1.704502e+01	5.598095e+02
2.650000e-06	-2.564552e-09	7.649824e-09	-1.807682e+01	4.525088e+02
2.660000e-06	-2.710041e-09	5.574381e-09	-1.910233e+01	3.311610e+02
2.670000e-06	-2.854565e-09	3.293949e-09	-2.012104e+01	1.977872e+02
2.680000e-06	-2.998026e-09	8.946988e-10	-2.113225e+01	5.511034e+01
2.690000e-06	-3.140334e-09	-1.546665e-09	-2.213533e+01	-9.374509e+01
2.700000e-06	-3.281413e-09	-3.989496e-09	-2.312976e+01	-2.454969e+02
2.710000e-06	-3.421208e-09	-6.429186e-09	-2.411513e+01	-3.968570e+02
2.720000e-06	-3.559682e-09	-8.864755e-09	-2.509119e+01	-5.446103e+02
2.730000e-06	-3.696823e-09	-1.126284e-08	-2.605785e+01	-6.856719e+02
2.740000e-06	-3.832606e-09	-1.354350e-08	-2.701494e+01	-8.171826e+02
2.750000e-06	-3.966981e-09	-1.560999e-08	-2.796211e+01	-9.366741e+02
2.760000e-06	-4.099927e-09	-1.739593e-08	-2.889921e+01	-1.042293e+03
2.770000e-06	-4.231408e-09	-1.889398e-08	-2.982598e+01	-1.133028e+03
2.780000e-06	-4.361412e-09	-2.013727e-08	-3.074234e+01	-1.208856e+03
2.790000e-06	-4.489947e-09	-2.116705e-08	-3.164834e+01	-1.270747e+03
2.800000e-06	-4.616910e-09	-2.201897e-08	-3.254327e+01	-1.320485e+03
2.810000e-06	-4.742211e-09	-2.272195e-08	-3.342647e+01	-1.360338e+03
2.820000e-06	-4.865796e-09	-2.330096e-08	-3.429759e+01	-1.392655e+03
2.830000e-06	-4.987630e-09	-2.377885e-08	-3.515636e+01	-1.419485e+03
2.840000e-06	-5.107648e-09	-2.417653e-08	-3.600233e+01	-1.442336e+03
2.850000e-06	-5.225699e-09	-2.450810e-08	-3.683443e+01	-1.462099e+03
2.860000e-06	-5.341651e-09	-2.478305e-08	-3.765174e+01	-1.479161e+03
2.870000e-06	-5.455419e-09	-2.501282e-08	-3.845366e+01	-1.493625e+03
2.880000e-06	-5.567001e-09	-2.520835e-08	-3.924016e+01	-1.505561e+03
2.890000e-06	-5.676492e-09	-2.537547e-08	-4.001193e+01	-1.515189e+03
2.900000e-06	-5.784043e-09	-2.551899e-08	-4.077003e+01	-1.522938e+03
2.910000e-06	-5.889694e-09	-2.564375e-08	-4.151473e+01	-1.529390e+03
2.920000e-06	-5.993250e-09	-2.575462e-08	-4.224466e+01	-1.535130e+03
2.930000e-06	-6.094537e-09	-2.585571e-08	-4.295860e+01	-1.540599e+03
2.940000e-06	-6.193608e-09	-2.594668e-08	-4.365693e+01	-1.545991e+03
2.950000e-06	-6.290585e-09	-2.602680e-08	-4.434048e+01	-1.551250e+03
2.960000e-06	-6.385389e-09	-2.609954e-08	-4.500873e+01	-1.556164e+03
2.970000e-06	-6.477878e-09	-2.616819e-08	-4.566065e+01	-1.560495e+03
2.980000e-06	-6.568086e-09	-2.623173e-08	-4.629650e+01	-1.564117e+03
2.990000e-06	-6.656033e-09	-2.628854e-08	-4.691642e+01	-1.567081e+03
3.000000e-06	-6.741555e-09	-2.634040e-08	-4.751923e+01	-1.569603e+03
3.010000e-06	-6.824634e-09	-2.639029e-08	-4.810483e+01	-1.571972e+03
3.020000e-06	-6.905372e-09	-2.643839e-08	-4.867393e+01	-1.574440e+03
3.030000e-06	-6.983557e-09	-2.648462e-08	-4.922503e+01	-1.577121e+03
3.040000e-06	-7.058987e-09	-2.652900e-08	-4.975671e+01	-1.579959e+03
3.050000e-06	-7.131810e-09	-2.657101e-08	-5.027002e+01	-1.582767e+03
3.060000e-06	-7.202079e-09	-2.661066e-08	-5.076532e+01	-1.585314e+03
3.070000e-06	-7.269753e-09	-2.664591e-08	-5.124234e+01	-1.587435e+03
3.080000e-06	-7.334907e-09	-2.667803e-08	-5.170159e+01	-1.589098e+03
3.090000e-06	-7.397469e-09	-2.670840e-08	-5.214257e+01	-1.590418e+03
3.100000e-06	-7.457351e-09	-2.673663e-08	-5.256466e+01	-1.591599e+03
3.110000e-06	-7.514577e-09	-2.676378e-08	-5.296802e+01	-1.592852e+03
3.120000e-06	-7.569008e-09	-2.679005e-08	-5.335169e+01	-1.594299e+03
3.130000e-06	-7.620474e-09	-2.681693e-08	-5.371445e+01	-1.595932e+03
3.140000e-06	-7.668846e-09	-2.684314e-08	-5.405541e+01	-1.597617e+03
3.150000e-06	-7.714340e-09	-2.686607e-08	-5.437608e+01	-1.599161e+03
3.160000e-06	-7.757370e-09	-2.688605e-08	-5.467939e+01	-1.600396e+03
3.170000e-06	-7.797884e-09	-2.690379e-08	-5.496496e+01	-1.601252e+03
3.180000e-06	-7.835601e-09	-2.691944e-08	-5.523081e+01	-1.601784e+03
3.190000e-06	-7.870564e-09	-2.693354e-08	-5.547725e+01	-1.602147e+03
3.200000e-06	-7.902815e-09	-2.694788e-08	-5.570458e+01	-1.602526e+03
3.210000e-06	-7.932125e-09	-2.696325e-08	-5.591118e+01	-1.603057e+03
3.220000e-06	-7.958590e-09	-2.697704e-08	-5.609772e+01	-1.603774e+03
3.230000e-06	-7.982317e-09	-2.698793e-08	-5.626496e+01	-1.604595e+03
3.240000e-06	-8.003138e-09	-2.699793e-08	-5.641173e+01	-1.605366e+03
3.250000e-06	-8.021149e-09	-2.700798e-08	-5.653868e+01	-1.605926e+03
3.260000e-06	-8.036316e-09	-2.701534e-08	-5.664559e+01	-1.606179e+03
3.270000e-06	-8.048343e-09	-2.701924e-08	-5.673036e+01	-1.606131e+03
3.280000e-06	-8.057371e-09	-2.702183e-08	-5.679400e+01	-1.605885e+03
3.290000e-06	-8.063517e-09	-2.702447e-08	-5.683731e+01	-1.605594e+03
3.300000e-06	-8.066810e-09	-2.702757e-08	-5.686052e+01	-1.605390e+03
3.310000e-06	-8.067393e-09	-2.702846e-08	-5.686463e+01	-1.605332e+03
