# Temperatura_=_55.76764705882353
# Concentracion g/m^3_=_20000.0
# C_Vs_to_Am_M_A/Vsm_=_59384043850.047264
# pendiente_HvsI_1/m_=_3716.3
# ordenada_HvsI_A/m_=_1297.0
# frecuencia_Hz_=_301407.0828650707
# Promedio de 17 ciclos

Tiempo_(s)	Campo_(V.s)	Magnetizacion_(V.s)	Campo_(kA/m)	Magnetizacion_(A/m)
0.000000e+00	-6.674362e-09	-2.799208e-08	-4.767796e+01	-1.662098e+03
1.000000e-08	-6.671391e-09	-2.798448e-08	-4.765674e+01	-1.661869e+03
2.000000e-08	-6.666163e-09	-2.798228e-08	-4.761940e+01	-1.661636e+03
3.000000e-08	-6.658896e-09	-2.797719e-08	-4.756749e+01	-1.661374e+03
4.000000e-08	-6.649439e-09	-2.796846e-08	-4.749993e+01	-1.661024e+03
5.000000e-08	-6.637566e-09	-2.795755e-08	-4.741512e+01	-1.660526e+03
6.000000e-08	-6.623251e-09	-2.795372e-08	-4.731286e+01	-1.659833e+03
7.000000e-08	-6.606494e-09	-2.795936e-08	-4.719316e+01	-1.658932e+03
8.000000e-08	-6.587424e-09	-2.792049e-08	-4.705693e+01	-1.657851e+03
9.000000e-08	-6.566011e-09	-2.783095e-08	-4.690397e+01	-1.656642e+03
1.000000e-07	-6.541979e-09	-2.782186e-08	-4.673229e+01	-1.655363e+03
1.100000e-07	-6.515305e-09	-2.786673e-08	-4.654175e+01	-1.654058e+03
1.200000e-07	-6.486365e-09	-2.785209e-08	-4.633502e+01	-1.652739e+03
1.300000e-07	-6.455642e-09	-2.783645e-08	-4.611555e+01	-1.651383e+03
1.400000e-07	-6.423301e-09	-2.785491e-08	-4.588453e+01	-1.649945e+03
1.500000e-07	-6.388938e-09	-2.774195e-08	-4.563906e+01	-1.648375e+03
1.600000e-07	-6.352320e-09	-2.772993e-08	-4.537748e+01	-1.646635e+03
1.700000e-07	-6.313712e-09	-2.775150e-08	-4.510168e+01	-1.644719e+03
1.800000e-07	-6.272818e-09	-2.760481e-08	-4.480956e+01	-1.642647e+03
1.900000e-07	-6.229435e-09	-2.763066e-08	-4.449966e+01	-1.640458e+03
2.000000e-07	-6.183877e-09	-2.762053e-08	-4.417421e+01	-1.638197e+03
2.100000e-07	-6.136031e-09	-2.757222e-08	-4.383243e+01	-1.635893e+03
2.200000e-07	-6.085631e-09	-2.756599e-08	-4.347240e+01	-1.633554e+03
2.300000e-07	-6.032686e-09	-2.746806e-08	-4.309419e+01	-1.631163e+03
2.400000e-07	-5.977392e-09	-2.743236e-08	-4.269920e+01	-1.628688e+03
2.500000e-07	-5.919903e-09	-2.739575e-08	-4.228853e+01	-1.626093e+03
2.600000e-07	-5.860226e-09	-2.734191e-08	-4.186223e+01	-1.623351e+03
2.700000e-07	-5.798490e-09	-2.731921e-08	-4.142123e+01	-1.620454e+03
2.800000e-07	-5.734783e-09	-2.727013e-08	-4.096614e+01	-1.617407e+03
2.900000e-07	-5.668958e-09	-2.721996e-08	-4.049592e+01	-1.614230e+03
3.000000e-07	-5.600963e-09	-2.714315e-08	-4.001020e+01	-1.610941e+03
3.100000e-07	-5.530897e-09	-2.709059e-08	-3.950969e+01	-1.607552e+03
3.200000e-07	-5.458894e-09	-2.702593e-08	-3.899534e+01	-1.604065e+03
3.300000e-07	-5.384878e-09	-2.695577e-08	-3.846661e+01	-1.600472e+03
3.400000e-07	-5.308707e-09	-2.693384e-08	-3.792248e+01	-1.596760e+03
3.500000e-07	-5.230398e-09	-2.686259e-08	-3.736309e+01	-1.592920e+03
3.600000e-07	-5.149944e-09	-2.679443e-08	-3.678837e+01	-1.588943e+03
3.700000e-07	-5.067546e-09	-2.671679e-08	-3.619976e+01	-1.584831e+03
3.800000e-07	-4.983499e-09	-2.663695e-08	-3.559937e+01	-1.580584e+03
3.900000e-07	-4.897888e-09	-2.656288e-08	-3.498782e+01	-1.576206e+03
4.000000e-07	-4.810704e-09	-2.648725e-08	-3.436503e+01	-1.571693e+03
4.100000e-07	-4.721882e-09	-2.642176e-08	-3.373053e+01	-1.567040e+03
4.200000e-07	-4.631309e-09	-2.634369e-08	-3.308352e+01	-1.562240e+03
4.300000e-07	-4.538982e-09	-2.627262e-08	-3.242400e+01	-1.557287e+03
4.400000e-07	-4.445032e-09	-2.618168e-08	-3.175286e+01	-1.552181e+03
4.500000e-07	-4.349523e-09	-2.608343e-08	-3.107061e+01	-1.546925e+03
4.600000e-07	-4.252454e-09	-2.598715e-08	-3.037720e+01	-1.541527e+03
4.700000e-07	-4.153790e-09	-2.589223e-08	-2.967240e+01	-1.535993e+03
4.800000e-07	-4.053551e-09	-2.580150e-08	-2.895634e+01	-1.530326e+03
4.900000e-07	-3.951902e-09	-2.570782e-08	-2.823022e+01	-1.524518e+03
5.000000e-07	-3.848944e-09	-2.561357e-08	-2.749474e+01	-1.518556e+03
5.100000e-07	-3.744641e-09	-2.551353e-08	-2.674966e+01	-1.512425e+03
5.200000e-07	-3.638946e-09	-2.540822e-08	-2.599463e+01	-1.506110e+03
5.300000e-07	-3.531859e-09	-2.529240e-08	-2.522966e+01	-1.499605e+03
5.400000e-07	-3.423446e-09	-2.517179e-08	-2.445522e+01	-1.492908e+03
5.500000e-07	-3.313849e-09	-2.505526e-08	-2.367232e+01	-1.486026e+03
5.600000e-07	-3.203159e-09	-2.494104e-08	-2.288161e+01	-1.478964e+03
5.700000e-07	-3.091349e-09	-2.482264e-08	-2.208291e+01	-1.471726e+03
5.800000e-07	-2.978363e-09	-2.469860e-08	-2.127579e+01	-1.464310e+03
5.900000e-07	-2.864192e-09	-2.457320e-08	-2.046022e+01	-1.456709e+03
6.000000e-07	-2.748831e-09	-2.444452e-08	-1.963615e+01	-1.448909e+03
6.100000e-07	-2.632317e-09	-2.430898e-08	-1.880383e+01	-1.440901e+03
6.200000e-07	-2.514798e-09	-2.416682e-08	-1.796434e+01	-1.432675e+03
6.300000e-07	-2.396414e-09	-2.402417e-08	-1.711867e+01	-1.424228e+03
6.400000e-07	-2.277235e-09	-2.388175e-08	-1.626732e+01	-1.415559e+03
6.500000e-07	-2.157253e-09	-2.373501e-08	-1.541023e+01	-1.406667e+03
6.600000e-07	-2.036466e-09	-2.358031e-08	-1.454740e+01	-1.397545e+03
6.700000e-07	-1.914925e-09	-2.342159e-08	-1.367918e+01	-1.388183e+03
6.800000e-07	-1.792679e-09	-2.326159e-08	-1.280592e+01	-1.378564e+03
6.900000e-07	-1.669748e-09	-2.309810e-08	-1.192777e+01	-1.368674e+03
7.000000e-07	-1.546140e-09	-2.292723e-08	-1.104478e+01	-1.358500e+03
7.100000e-07	-1.421933e-09	-2.274976e-08	-1.015751e+01	-1.348036e+03
7.200000e-07	-1.297239e-09	-2.257011e-08	-9.266768e+00	-1.337282e+03
7.300000e-07	-1.172127e-09	-2.238398e-08	-8.373042e+00	-1.326239e+03
7.400000e-07	-1.046630e-09	-2.218980e-08	-7.476559e+00	-1.314910e+03
7.500000e-07	-9.207901e-10	-2.199119e-08	-6.577626e+00	-1.303288e+03
7.600000e-07	-7.946664e-10	-2.179304e-08	-5.676667e+00	-1.291358e+03
7.700000e-07	-6.682919e-10	-2.159375e-08	-4.773917e+00	-1.279097e+03
7.800000e-07	-5.417065e-10	-2.138512e-08	-3.869661e+00	-1.266473e+03
7.900000e-07	-4.149707e-10	-2.116627e-08	-2.964330e+00	-1.253453e+03
8.000000e-07	-2.881242e-10	-2.093914e-08	-2.058208e+00	-1.239999e+03
8.100000e-07	-1.611860e-10	-2.070288e-08	-1.151431e+00	-1.226068e+03
8.200000e-07	-3.416577e-11	-2.045647e-08	-2.440678e-01	-1.211611e+03
8.300000e-07	9.287582e-11	-2.020076e-08	6.634478e-01	-1.196566e+03
8.400000e-07	2.198549e-10	-1.993994e-08	1.570517e+00	-1.180865e+03
8.500000e-07	3.467431e-10	-1.967052e-08	2.476937e+00	-1.164433e+03
8.600000e-07	4.735156e-10	-1.938389e-08	3.382530e+00	-1.147196e+03
8.700000e-07	6.001431e-10	-1.907753e-08	4.287088e+00	-1.129091e+03
8.800000e-07	7.265811e-10	-1.875356e-08	5.190291e+00	-1.110065e+03
8.900000e-07	8.527805e-10	-1.841430e-08	6.091790e+00	-1.090071e+03
9.000000e-07	9.787006e-10	-1.805845e-08	6.991294e+00	-1.069053e+03
9.100000e-07	1.104304e-09	-1.768522e-08	7.888534e+00	-1.046931e+03
9.200000e-07	1.229564e-09	-1.729301e-08	8.783323e+00	-1.023571e+03
9.300000e-07	1.354450e-09	-1.687756e-08	9.675443e+00	-9.987755e+02
9.400000e-07	1.478888e-09	-1.643223e-08	1.056436e+01	-9.722703e+02
9.500000e-07	1.602765e-09	-1.594804e-08	1.144927e+01	-9.436968e+02
9.600000e-07	1.726010e-09	-1.541952e-08	1.232966e+01	-9.126067e+02
9.700000e-07	1.848587e-09	-1.483909e-08	1.320529e+01	-8.784462e+02
9.800000e-07	1.970481e-09	-1.419495e-08	1.407603e+01	-8.405285e+02
9.900000e-07	2.091640e-09	-1.347140e-08	1.494152e+01	-7.979988e+02
1.000000e-06	2.211982e-09	-1.265123e-08	1.580118e+01	-7.498037e+02
1.010000e-06	2.331504e-09	-1.171547e-08	1.665498e+01	-6.946903e+02
1.020000e-06	2.450237e-09	-1.063949e-08	1.750314e+01	-6.312573e+02
1.030000e-06	2.568136e-09	-9.398307e-09	1.834535e+01	-5.580771e+02
1.040000e-06	2.685075e-09	-7.965361e-09	1.918070e+01	-4.738911e+02
1.050000e-06	2.800903e-09	-6.323191e-09	2.000811e+01	-3.778569e+02
1.060000e-06	2.915550e-09	-4.472376e-09	2.082708e+01	-2.698037e+02
1.070000e-06	3.029024e-09	-2.432686e-09	2.163768e+01	-1.504402e+02
1.080000e-06	3.141311e-09	-2.436002e-10	2.243979e+01	-2.145547e+01
1.090000e-06	3.252473e-09	2.052806e-09	2.323387e+01	1.145279e+02
1.100000e-06	3.362592e-09	4.415949e-09	2.402050e+01	2.541604e+02
1.110000e-06	3.471643e-09	6.792930e-09	2.479950e+01	3.937062e+02
1.120000e-06	3.579521e-09	9.107448e-09	2.557013e+01	5.294584e+02
1.130000e-06	3.686081e-09	1.128294e-08	2.633133e+01	6.581502e+02
1.140000e-06	3.791188e-09	1.327534e-08	2.708215e+01	7.772829e+02
1.150000e-06	3.894839e-09	1.507094e-08	2.782259e+01	8.853089e+02
1.160000e-06	3.997135e-09	1.667167e-08	2.855333e+01	9.816472e+02
1.170000e-06	4.098100e-09	1.808685e-08	2.927457e+01	1.066545e+03
1.180000e-06	4.197614e-09	1.933045e-08	2.998544e+01	1.140836e+03
1.190000e-06	4.295507e-09	2.041815e-08	3.068474e+01	1.205660e+03
1.200000e-06	4.391753e-09	2.136702e-08	3.137227e+01	1.262215e+03
1.210000e-06	4.486455e-09	2.219317e-08	3.204876e+01	1.311587e+03
1.220000e-06	4.579707e-09	2.291026e-08	3.271490e+01	1.354670e+03
1.230000e-06	4.671454e-09	2.353099e-08	3.337029e+01	1.392180e+03
1.240000e-06	4.761463e-09	2.406862e-08	3.401327e+01	1.424713e+03
1.250000e-06	4.849636e-09	2.453431e-08	3.464313e+01	1.452818e+03
1.260000e-06	4.936103e-09	2.493708e-08	3.526080e+01	1.477047e+03
1.270000e-06	5.020963e-09	2.528620e-08	3.586699e+01	1.497965e+03
1.280000e-06	5.104132e-09	2.559060e-08	3.646111e+01	1.516124e+03
1.290000e-06	5.185407e-09	2.585671e-08	3.704169e+01	1.532020e+03
1.300000e-06	5.264741e-09	2.609009e-08	3.760841e+01	1.546052e+03
1.310000e-06	5.342194e-09	2.629557e-08	3.816169e+01	1.558508e+03
1.320000e-06	5.417637e-09	2.647705e-08	3.870061e+01	1.569574e+03
1.330000e-06	5.490937e-09	2.663788e-08	3.922423e+01	1.579374e+03
1.340000e-06	5.562216e-09	2.677919e-08	3.973341e+01	1.588013e+03
1.350000e-06	5.631588e-09	2.690356e-08	4.022896e+01	1.595613e+03
1.360000e-06	5.698969e-09	2.701482e-08	4.071030e+01	1.602325e+03
1.370000e-06	5.764216e-09	2.711527e-08	4.117638e+01	1.608320e+03
1.380000e-06	5.827404e-09	2.720575e-08	4.162776e+01	1.613761e+03
1.390000e-06	5.888705e-09	2.728788e-08	4.206567e+01	1.618773e+03
1.400000e-06	5.948005e-09	2.736277e-08	4.248928e+01	1.623428e+03
1.410000e-06	6.005109e-09	2.743168e-08	4.289719e+01	1.627742e+03
1.420000e-06	6.060033e-09	2.749564e-08	4.328954e+01	1.631698e+03
1.430000e-06	6.112638e-09	2.755484e-08	4.366532e+01	1.635274e+03
1.440000e-06	6.162638e-09	2.760815e-08	4.402249e+01	1.638471e+03
1.450000e-06	6.210177e-09	2.765597e-08	4.436209e+01	1.641324e+03
1.460000e-06	6.255628e-09	2.770040e-08	4.468676e+01	1.643898e+03
1.470000e-06	6.298954e-09	2.774184e-08	4.499626e+01	1.646270e+03
1.480000e-06	6.339904e-09	2.777972e-08	4.528878e+01	1.648501e+03
1.490000e-06	6.378579e-09	2.781321e-08	4.556505e+01	1.650620e+03
1.500000e-06	6.415171e-09	2.784424e-08	4.582645e+01	1.652616e+03
1.510000e-06	6.449475e-09	2.787314e-08	4.607150e+01	1.654454e+03
1.520000e-06	6.481384e-09	2.789874e-08	4.629944e+01	1.656092e+03
1.530000e-06	6.511143e-09	2.792142e-08	4.651202e+01	1.657508e+03
1.540000e-06	6.538723e-09	2.794263e-08	4.670904e+01	1.658711e+03
1.550000e-06	6.563855e-09	2.796227e-08	4.688857e+01	1.659742e+03
1.560000e-06	6.586591e-09	2.797814e-08	4.705098e+01	1.660658e+03
1.570000e-06	6.607183e-09	2.799058e-08	4.719808e+01	1.661507e+03
1.580000e-06	6.625523e-09	2.800093e-08	4.732909e+01	1.662315e+03
1.590000e-06	6.641383e-09	2.801007e-08	4.744238e+01	1.663068e+03
1.600000e-06	6.654776e-09	2.801727e-08	4.753805e+01	1.663725e+03
1.610000e-06	6.665555e-09	2.802321e-08	4.761505e+01	1.664233e+03
1.620000e-06	6.673746e-09	2.802866e-08	4.767357e+01	1.664552e+03
1.630000e-06	6.679663e-09	2.803288e-08	4.771583e+01	1.664674e+03
1.640000e-06	6.683318e-09	2.803432e-08	4.774194e+01	1.664625e+03
1.650000e-06	6.684551e-09	2.802795e-08	4.775075e+01	1.664462e+03
1.660000e-06	6.683475e-09	2.802389e-08	4.774307e+01	1.664244e+03
1.670000e-06	6.680339e-09	2.802221e-08	4.772066e+01	1.664015e+03
1.680000e-06	6.674974e-09	2.801533e-08	4.768234e+01	1.663781e+03
1.690000e-06	6.667303e-09	2.800625e-08	4.762754e+01	1.663512e+03
1.700000e-06	6.657523e-09	2.799612e-08	4.755768e+01	1.663149e+03
1.710000e-06	6.645509e-09	2.798598e-08	4.747185e+01	1.662631e+03
1.720000e-06	6.631134e-09	2.795739e-08	4.736917e+01	1.661915e+03
1.730000e-06	6.614661e-09	2.794235e-08	4.725150e+01	1.660993e+03
1.740000e-06	6.596114e-09	2.801373e-08	4.711901e+01	1.659895e+03
1.750000e-06	6.574757e-09	2.800948e-08	4.696645e+01	1.658675e+03
1.760000e-06	6.550188e-09	2.791765e-08	4.679093e+01	1.657392e+03
1.770000e-06	6.522968e-09	2.787485e-08	4.659649e+01	1.656086e+03
1.780000e-06	6.493539e-09	2.778411e-08	4.638627e+01	1.654764e+03
1.790000e-06	6.462305e-09	2.775401e-08	4.616315e+01	1.653401e+03
1.800000e-06	6.429564e-09	2.789554e-08	4.592927e+01	1.651951e+03
1.810000e-06	6.394818e-09	2.775601e-08	4.568106e+01	1.650363e+03
1.820000e-06	6.357771e-09	2.769478e-08	4.541642e+01	1.648605e+03
1.830000e-06	6.318536e-09	2.780399e-08	4.513615e+01	1.646670e+03
1.840000e-06	6.276996e-09	2.764810e-08	4.483941e+01	1.644583e+03
1.850000e-06	6.233362e-09	2.766708e-08	4.452770e+01	1.642384e+03
1.860000e-06	6.187549e-09	2.756452e-08	4.420044e+01	1.640117e+03
1.870000e-06	6.139333e-09	2.747502e-08	4.385602e+01	1.637809e+03
1.880000e-06	6.088938e-09	2.759258e-08	4.349602e+01	1.635466e+03
1.890000e-06	6.036020e-09	2.748733e-08	4.311800e+01	1.633067e+03
1.900000e-06	5.980645e-09	2.745983e-08	4.272244e+01	1.630581e+03
1.910000e-06	5.923182e-09	2.738623e-08	4.231195e+01	1.627970e+03
1.920000e-06	5.863581e-09	2.730786e-08	4.188620e+01	1.625212e+03
1.930000e-06	5.801837e-09	2.733204e-08	4.144514e+01	1.622297e+03
1.940000e-06	5.737911e-09	2.719279e-08	4.098848e+01	1.619236e+03
1.950000e-06	5.671991e-09	2.718603e-08	4.051759e+01	1.616046e+03
1.960000e-06	5.603998e-09	2.714117e-08	4.003188e+01	1.612745e+03
1.970000e-06	5.533708e-09	2.710873e-08	3.952977e+01	1.609346e+03
1.980000e-06	5.461388e-09	2.704926e-08	3.901315e+01	1.605847e+03
1.990000e-06	5.387099e-09	2.688803e-08	3.848247e+01	1.602242e+03
2.000000e-06	5.310715e-09	2.689812e-08	3.793683e+01	1.598516e+03
2.010000e-06	5.232202e-09	2.681933e-08	3.737598e+01	1.594661e+03
2.020000e-06	5.151783e-09	2.676368e-08	3.680150e+01	1.590670e+03
2.030000e-06	5.069653e-09	2.667671e-08	3.621481e+01	1.586542e+03
2.040000e-06	4.985717e-09	2.660995e-08	3.561522e+01	1.582281e+03
2.050000e-06	4.899900e-09	2.658003e-08	3.500219e+01	1.577888e+03
2.060000e-06	4.812238e-09	2.645575e-08	3.437598e+01	1.573361e+03
2.070000e-06	4.722959e-09	2.637188e-08	3.373822e+01	1.568692e+03
2.080000e-06	4.632094e-09	2.627300e-08	3.308913e+01	1.563876e+03
2.090000e-06	4.539557e-09	2.622804e-08	3.242810e+01	1.558906e+03
2.100000e-06	4.445317e-09	2.613293e-08	3.175490e+01	1.553783e+03
2.110000e-06	4.349474e-09	2.602539e-08	3.107025e+01	1.548511e+03
2.120000e-06	4.252192e-09	2.594960e-08	3.037533e+01	1.543098e+03
2.130000e-06	4.153474e-09	2.586297e-08	2.967014e+01	1.537550e+03
2.140000e-06	4.053274e-09	2.577243e-08	2.895437e+01	1.531868e+03
2.150000e-06	3.951464e-09	2.564252e-08	2.822709e+01	1.526043e+03
2.160000e-06	3.848104e-09	2.554770e-08	2.748874e+01	1.520064e+03
2.170000e-06	3.743374e-09	2.545442e-08	2.674060e+01	1.513913e+03
2.180000e-06	3.637437e-09	2.535390e-08	2.598385e+01	1.507578e+03
2.190000e-06	3.530343e-09	2.522849e-08	2.521883e+01	1.501052e+03
2.200000e-06	3.422048e-09	2.511386e-08	2.444523e+01	1.494335e+03
2.210000e-06	3.312500e-09	2.501403e-08	2.366268e+01	1.487432e+03
2.220000e-06	3.201637e-09	2.489377e-08	2.287074e+01	1.480351e+03
2.230000e-06	3.089594e-09	2.475756e-08	2.207036e+01	1.473095e+03
2.240000e-06	2.976413e-09	2.462643e-08	2.126186e+01	1.465659e+03
2.250000e-06	2.862086e-09	2.451439e-08	2.044517e+01	1.458037e+03
2.260000e-06	2.746634e-09	2.438480e-08	1.962045e+01	1.450215e+03
2.270000e-06	2.630053e-09	2.423787e-08	1.878766e+01	1.442183e+03
2.280000e-06	2.512377e-09	2.408884e-08	1.794705e+01	1.433933e+03
2.290000e-06	2.393665e-09	2.395691e-08	1.709903e+01	1.425463e+03
2.300000e-06	2.274048e-09	2.381479e-08	1.624455e+01	1.416770e+03
2.310000e-06	2.153647e-09	2.365445e-08	1.538447e+01	1.407853e+03
2.320000e-06	2.032543e-09	2.349374e-08	1.451937e+01	1.398706e+03
2.330000e-06	1.910793e-09	2.334756e-08	1.364965e+01	1.389316e+03
2.340000e-06	1.788423e-09	2.319277e-08	1.277551e+01	1.379669e+03
2.350000e-06	1.665436e-09	2.301315e-08	1.189696e+01	1.369749e+03
2.360000e-06	1.541829e-09	2.283285e-08	1.101398e+01	1.359544e+03
2.370000e-06	1.417650e-09	2.266171e-08	1.012692e+01	1.349048e+03
2.380000e-06	1.292972e-09	2.249020e-08	9.236288e+00	1.338262e+03
2.390000e-06	1.167838e-09	2.229734e-08	8.342400e+00	1.327189e+03
2.400000e-06	1.042288e-09	2.209985e-08	7.445540e+00	1.315829e+03
2.410000e-06	9.163459e-10	2.190995e-08	6.545877e+00	1.304174e+03
2.420000e-06	7.900251e-10	2.171593e-08	5.643511e+00	1.292210e+03
2.430000e-06	6.633926e-10	2.150311e-08	4.738917e+00	1.279911e+03
2.440000e-06	5.365178e-10	2.127785e-08	3.832594e+00	1.267246e+03
2.450000e-06	4.094454e-10	2.106018e-08	2.924858e+00	1.254181e+03
2.460000e-06	2.822065e-10	2.084057e-08	2.015933e+00	1.240678e+03
2.470000e-06	1.548369e-10	2.060229e-08	1.106074e+00	1.226693e+03
2.480000e-06	2.739483e-11	2.034946e-08	1.956980e-01	1.212175e+03
2.490000e-06	-1.000475e-10	2.009459e-08	-7.146802e-01	1.197063e+03
2.500000e-06	-2.274271e-10	1.983783e-08	-1.624611e+00	1.181287e+03
2.510000e-06	-3.547275e-10	1.956062e-08	-2.533974e+00	1.164772e+03
2.520000e-06	-4.818819e-10	1.926247e-08	-3.442296e+00	1.147445e+03
2.530000e-06	-6.088145e-10	1.895547e-08	-4.349033e+00	1.129243e+03
2.540000e-06	-7.355019e-10	1.863774e-08	-5.254018e+00	1.110115e+03
2.550000e-06	-8.618938e-10	1.829794e-08	-6.156892e+00	1.090014e+03
2.560000e-06	-9.879109e-10	1.793339e-08	-7.057088e+00	1.068883e+03
2.570000e-06	-1.113540e-09	1.755760e-08	-7.954514e+00	1.046634e+03
2.580000e-06	-1.238783e-09	1.717093e-08	-8.849182e+00	1.023131e+03
2.590000e-06	-1.363598e-09	1.675779e-08	-9.740788e+00	9.981671e+02
2.600000e-06	-1.487903e-09	1.630637e-08	-1.062875e+01	9.714586e+02
2.610000e-06	-1.611590e-09	1.582101e-08	-1.151230e+01	9.426384e+02
2.620000e-06	-1.734623e-09	1.529955e-08	-1.239119e+01	9.112476e+02
2.630000e-06	-1.857024e-09	1.472139e-08	-1.326555e+01	8.767197e+02
2.640000e-06	-1.978779e-09	1.407180e-08	-1.413530e+01	8.383518e+02
2.650000e-06	-2.099867e-09	1.334702e-08	-1.500029e+01	7.952688e+02
2.660000e-06	-2.220290e-09	1.253676e-08	-1.586052e+01	7.463954e+02
2.670000e-06	-2.339966e-09	1.161123e-08	-1.671543e+01	6.904591e+02
2.680000e-06	-2.458727e-09	1.053930e-08	-1.756379e+01	6.260486e+02
2.690000e-06	-2.576485e-09	9.303347e-09	-1.840499e+01	5.517440e+02
2.700000e-06	-2.693214e-09	7.885386e-09	-1.923883e+01	4.663188e+02
2.710000e-06	-2.808846e-09	6.261382e-09	-2.006484e+01	3.689906e+02
2.720000e-06	-2.923327e-09	4.425548e-09	-2.088264e+01	2.596744e+02
2.730000e-06	-3.036594e-09	2.407644e-09	-2.169175e+01	1.391816e+02
2.740000e-06	-3.148599e-09	2.515499e-10	-2.249185e+01	9.306197e+00
2.750000e-06	-3.259330e-09	-2.002648e-09	-2.328285e+01	-1.272387e+02
2.760000e-06	-3.368817e-09	-4.317584e-09	-2.406497e+01	-2.670440e+02
2.770000e-06	-3.477170e-09	-6.653712e-09	-2.483898e+01	-4.063565e+02
2.780000e-06	-3.584446e-09	-8.942879e-09	-2.560530e+01	-5.414974e+02
2.790000e-06	-3.690595e-09	-1.110683e-08	-2.636357e+01	-6.692691e+02
2.800000e-06	-3.795500e-09	-1.310164e-08	-2.711296e+01	-7.872686e+02
2.810000e-06	-3.898997e-09	-1.490586e-08	-2.785228e+01	-8.940541e+02
2.820000e-06	-4.000994e-09	-1.650981e-08	-2.858089e+01	-9.891425e+02
2.830000e-06	-4.101481e-09	-1.792254e-08	-2.929872e+01	-1.072857e+03
2.840000e-06	-4.200529e-09	-1.916731e-08	-3.000626e+01	-1.146076e+03
2.850000e-06	-4.298197e-09	-2.026093e-08	-3.070395e+01	-1.209958e+03
2.860000e-06	-4.394449e-09	-2.121256e-08	-3.139152e+01	-1.265695e+03
2.870000e-06	-4.489148e-09	-2.203862e-08	-3.206800e+01	-1.314354e+03
2.880000e-06	-4.582156e-09	-2.276114e-08	-3.273239e+01	-1.356808e+03
2.890000e-06	-4.673525e-09	-2.339255e-08	-3.338508e+01	-1.393758e+03
2.900000e-06	-4.763303e-09	-2.393604e-08	-3.402641e+01	-1.425791e+03
2.910000e-06	-4.851410e-09	-2.440079e-08	-3.465580e+01	-1.453455e+03
2.920000e-06	-4.937711e-09	-2.480361e-08	-3.527228e+01	-1.477303e+03
2.930000e-06	-5.022151e-09	-2.515736e-08	-3.587548e+01	-1.497899e+03
2.940000e-06	-5.104865e-09	-2.546498e-08	-3.646634e+01	-1.515794e+03
2.950000e-06	-5.185900e-09	-2.573254e-08	-3.704521e+01	-1.531473e+03
2.960000e-06	-5.265082e-09	-2.597061e-08	-3.761084e+01	-1.545325e+03
2.970000e-06	-5.342145e-09	-2.618521e-08	-3.816134e+01	-1.557624e+03
2.980000e-06	-5.417072e-09	-2.637340e-08	-3.869657e+01	-1.568550e+03
2.990000e-06	-5.490057e-09	-2.653363e-08	-3.921794e+01	-1.578221e+03
3.000000e-06	-5.561103e-09	-2.667552e-08	-3.972546e+01	-1.586742e+03
3.010000e-06	-5.630049e-09	-2.680638e-08	-4.021796e+01	-1.594239e+03
3.020000e-06	-5.696941e-09	-2.692299e-08	-4.069580e+01	-1.600867e+03
3.030000e-06	-5.761943e-09	-2.702417e-08	-4.116014e+01	-1.606795e+03
3.040000e-06	-5.824972e-09	-2.711749e-08	-4.161039e+01	-1.612185e+03
3.050000e-06	-5.885832e-09	-2.720762e-08	-4.204514e+01	-1.617158e+03
3.060000e-06	-5.944512e-09	-2.729065e-08	-4.246432e+01	-1.621776e+03
3.070000e-06	-6.001148e-09	-2.736164e-08	-4.286890e+01	-1.626053e+03
3.080000e-06	-6.055677e-09	-2.742431e-08	-4.325842e+01	-1.629969e+03
3.090000e-06	-6.107808e-09	-2.748416e-08	-4.363082e+01	-1.633505e+03
3.100000e-06	-6.157380e-09	-2.754012e-08	-4.398493e+01	-1.636663e+03
3.110000e-06	-6.204442e-09	-2.758709e-08	-4.432111e+01	-1.639482e+03
3.120000e-06	-6.249320e-09	-2.762880e-08	-4.464170e+01	-1.642032e+03
3.130000e-06	-6.292281e-09	-2.767068e-08	-4.494859e+01	-1.644387e+03
3.140000e-06	-6.333231e-09	-2.771219e-08	-4.524111e+01	-1.646605e+03
3.150000e-06	-6.372001e-09	-2.774776e-08	-4.551806e+01	-1.648712e+03
3.160000e-06	-6.408451e-09	-2.777791e-08	-4.577845e+01	-1.650694e+03
3.170000e-06	-6.442633e-09	-2.780736e-08	-4.602262e+01	-1.652512e+03
3.180000e-06	-6.474626e-09	-2.783614e-08	-4.625116e+01	-1.654128e+03
3.190000e-06	-6.504240e-09	-2.786121e-08	-4.646271e+01	-1.655520e+03
3.200000e-06	-6.531448e-09	-2.788168e-08	-4.665706e+01	-1.656703e+03
3.210000e-06	-6.556432e-09	-2.790105e-08	-4.683554e+01	-1.657719e+03
3.220000e-06	-6.579094e-09	-2.791984e-08	-4.699743e+01	-1.658625e+03
3.230000e-06	-6.599349e-09	-2.793686e-08	-4.714212e+01	-1.659470e+03
3.240000e-06	-6.617346e-09	-2.794972e-08	-4.727067e+01	-1.660274e+03
3.250000e-06	-6.633054e-09	-2.796186e-08	-4.738288e+01	-1.661019e+03
3.260000e-06	-6.646145e-09	-2.797403e-08	-4.747640e+01	-1.661663e+03
3.270000e-06	-6.656636e-09	-2.798305e-08	-4.755134e+01	-1.662153e+03
3.280000e-06	-6.664822e-09	-2.798758e-08	-4.760982e+01	-1.662451e+03
3.290000e-06	-6.670614e-09	-2.799112e-08	-4.765120e+01	-1.662552e+03
3.300000e-06	-6.673999e-09	-2.799465e-08	-4.767538e+01	-1.662489e+03
3.310000e-06	-6.675180e-09	-2.799770e-08	-4.768381e+01	-1.662317e+03
