# Temperatura_=_54.811
# Concentracion g/m^3_=_20000.0
# C_Vs_to_Am_M_A/Vsm_=_59384043850.047264
# pendiente_HvsI_1/m_=_3716.3
# ordenada_HvsI_A/m_=_1297.0
# frecuencia_Hz_=_301224.92315266834
# Promedio de 20 ciclos

Tiempo_(s)	Campo_(V.s)	Magnetizacion_(V.s)	Campo_(kA/m)	Magnetizacion_(A/m)
0.000000e+00	-5.398915e-09	-2.462027e-08	-3.822526e+01	-1.461575e+03
1.000000e-08	-5.397424e-09	-2.461515e-08	-3.821471e+01	-1.461536e+03
2.000000e-08	-5.393967e-09	-2.461264e-08	-3.819023e+01	-1.461411e+03
3.000000e-08	-5.388760e-09	-2.460958e-08	-3.815336e+01	-1.461215e+03
4.000000e-08	-5.381956e-09	-2.460275e-08	-3.810519e+01	-1.460935e+03
5.000000e-08	-5.373516e-09	-2.459597e-08	-3.804543e+01	-1.460532e+03
6.000000e-08	-5.363127e-09	-2.459046e-08	-3.797187e+01	-1.459961e+03
7.000000e-08	-5.350648e-09	-2.459233e-08	-3.788352e+01	-1.459185e+03
8.000000e-08	-5.336278e-09	-2.458896e-08	-3.778178e+01	-1.458195e+03
9.000000e-08	-5.319637e-09	-2.450640e-08	-3.766396e+01	-1.457016e+03
1.000000e-07	-5.300589e-09	-2.445014e-08	-3.752910e+01	-1.455702e+03
1.100000e-07	-5.279548e-09	-2.447885e-08	-3.738012e+01	-1.454319e+03
1.200000e-07	-5.256763e-09	-2.447608e-08	-3.721880e+01	-1.452923e+03
1.300000e-07	-5.232556e-09	-2.451612e-08	-3.704741e+01	-1.451542e+03
1.400000e-07	-5.207045e-09	-2.450255e-08	-3.686679e+01	-1.450164e+03
1.500000e-07	-5.179740e-09	-2.430752e-08	-3.667347e+01	-1.448740e+03
1.600000e-07	-5.150548e-09	-2.437757e-08	-3.646678e+01	-1.447201e+03
1.700000e-07	-5.119878e-09	-2.441920e-08	-3.624963e+01	-1.445480e+03
1.800000e-07	-5.087461e-09	-2.421897e-08	-3.602011e+01	-1.443535e+03
1.900000e-07	-5.052882e-09	-2.425540e-08	-3.577529e+01	-1.441358e+03
2.000000e-07	-5.016641e-09	-2.421205e-08	-3.551870e+01	-1.438979e+03
2.100000e-07	-4.978838e-09	-2.417135e-08	-3.525104e+01	-1.436452e+03
2.200000e-07	-4.939225e-09	-2.423943e-08	-3.497057e+01	-1.433831e+03
2.300000e-07	-4.897901e-09	-2.408575e-08	-3.467799e+01	-1.431155e+03
2.400000e-07	-4.854601e-09	-2.398313e-08	-3.437142e+01	-1.428435e+03
2.500000e-07	-4.809395e-09	-2.401587e-08	-3.405136e+01	-1.425648e+03
2.600000e-07	-4.762458e-09	-2.397040e-08	-3.371904e+01	-1.422758e+03
2.700000e-07	-4.713659e-09	-2.393199e-08	-3.337353e+01	-1.419726e+03
2.800000e-07	-4.662864e-09	-2.383424e-08	-3.301389e+01	-1.416528e+03
2.900000e-07	-4.610005e-09	-2.378435e-08	-3.263965e+01	-1.413168e+03
3.000000e-07	-4.555333e-09	-2.379941e-08	-3.225256e+01	-1.409676e+03
3.100000e-07	-4.499142e-09	-2.371123e-08	-3.185472e+01	-1.406092e+03
3.200000e-07	-4.441345e-09	-2.359945e-08	-3.144550e+01	-1.402454e+03
3.300000e-07	-4.381789e-09	-2.353666e-08	-3.102383e+01	-1.398779e+03
3.400000e-07	-4.320673e-09	-2.355762e-08	-3.059112e+01	-1.395056e+03
3.500000e-07	-4.258171e-09	-2.347897e-08	-3.014860e+01	-1.391252e+03
3.600000e-07	-4.194279e-09	-2.335110e-08	-2.969623e+01	-1.387322e+03
3.700000e-07	-4.128861e-09	-2.330817e-08	-2.923306e+01	-1.383224e+03
3.800000e-07	-4.061700e-09	-2.325461e-08	-2.875755e+01	-1.378939e+03
3.900000e-07	-3.992924e-09	-2.318347e-08	-2.827060e+01	-1.374472e+03
4.000000e-07	-3.922841e-09	-2.307335e-08	-2.777440e+01	-1.369851e+03
4.100000e-07	-3.851517e-09	-2.298370e-08	-2.726941e+01	-1.365116e+03
4.200000e-07	-3.778843e-09	-2.294303e-08	-2.675487e+01	-1.360298e+03
4.300000e-07	-3.704568e-09	-2.287159e-08	-2.622899e+01	-1.355409e+03
4.400000e-07	-3.628659e-09	-2.275958e-08	-2.569154e+01	-1.350438e+03
4.500000e-07	-3.551358e-09	-2.265151e-08	-2.514424e+01	-1.345354e+03
4.600000e-07	-3.472713e-09	-2.259163e-08	-2.458742e+01	-1.340120e+03
4.700000e-07	-3.392629e-09	-2.251645e-08	-2.402041e+01	-1.334705e+03
4.800000e-07	-3.311222e-09	-2.239425e-08	-2.344403e+01	-1.329101e+03
4.900000e-07	-3.228667e-09	-2.228754e-08	-2.285953e+01	-1.323322e+03
5.000000e-07	-3.145028e-09	-2.220320e-08	-2.226735e+01	-1.317398e+03
5.100000e-07	-3.060405e-09	-2.211880e-08	-2.166821e+01	-1.311366e+03
5.200000e-07	-2.974884e-09	-2.200226e-08	-2.106270e+01	-1.305248e+03
5.300000e-07	-2.888432e-09	-2.187908e-08	-2.045061e+01	-1.299051e+03
5.400000e-07	-2.801010e-09	-2.178661e-08	-1.983164e+01	-1.292756e+03
5.500000e-07	-2.712618e-09	-2.169407e-08	-1.920581e+01	-1.286331e+03
5.600000e-07	-2.623254e-09	-2.157353e-08	-1.857310e+01	-1.279738e+03
5.700000e-07	-2.532798e-09	-2.143983e-08	-1.793265e+01	-1.272952e+03
5.800000e-07	-2.441228e-09	-2.133393e-08	-1.728432e+01	-1.265966e+03
5.900000e-07	-2.348771e-09	-2.123080e-08	-1.662971e+01	-1.258795e+03
6.000000e-07	-2.255603e-09	-2.109833e-08	-1.597007e+01	-1.251462e+03
6.100000e-07	-2.161715e-09	-2.095667e-08	-1.530532e+01	-1.243995e+03
6.200000e-07	-2.067079e-09	-2.083308e-08	-1.463528e+01	-1.236409e+03
6.300000e-07	-1.971682e-09	-2.072131e-08	-1.395986e+01	-1.228698e+03
6.400000e-07	-1.875604e-09	-2.058534e-08	-1.327961e+01	-1.220842e+03
6.500000e-07	-1.778935e-09	-2.043610e-08	-1.259518e+01	-1.212808e+03
6.600000e-07	-1.681600e-09	-2.030083e-08	-1.190603e+01	-1.204566e+03
6.700000e-07	-1.583492e-09	-2.017286e-08	-1.121140e+01	-1.196096e+03
6.800000e-07	-1.484647e-09	-2.002145e-08	-1.051157e+01	-1.187399e+03
6.900000e-07	-1.385193e-09	-1.985591e-08	-9.807411e+00	-1.178487e+03
7.000000e-07	-1.285238e-09	-1.970701e-08	-9.099712e+00	-1.169382e+03
7.100000e-07	-1.184883e-09	-1.956615e-08	-8.389180e+00	-1.160100e+03
7.200000e-07	-1.084192e-09	-1.940836e-08	-7.676274e+00	-1.150643e+03
7.300000e-07	-9.831895e-10	-1.923293e-08	-6.961158e+00	-1.140997e+03
7.400000e-07	-8.818764e-10	-1.906630e-08	-6.243844e+00	-1.131132e+03
7.500000e-07	-7.802468e-10	-1.890572e-08	-5.524288e+00	-1.121012e+03
7.600000e-07	-6.783126e-10	-1.872972e-08	-4.802577e+00	-1.110609e+03
7.700000e-07	-5.761451e-10	-1.854041e-08	-4.079212e+00	-1.099905e+03
7.800000e-07	-4.737890e-10	-1.835714e-08	-3.354513e+00	-1.088901e+03
7.900000e-07	-3.712667e-10	-1.818098e-08	-2.628638e+00	-1.077604e+03
8.000000e-07	-2.686143e-10	-1.798962e-08	-1.901840e+00	-1.066022e+03
8.100000e-07	-1.658753e-10	-1.777813e-08	-1.174430e+00	-1.054148e+03
8.200000e-07	-6.308149e-11	-1.756550e-08	-4.466318e-01	-1.041954e+03
8.300000e-07	3.974302e-11	-1.736021e-08	2.813837e-01	-1.029387e+03
8.400000e-07	1.425637e-10	-1.714551e-08	1.009372e+00	-1.016374e+03
8.500000e-07	2.453393e-10	-1.691327e-08	1.737041e+00	-1.002835e+03
8.600000e-07	3.480058e-10	-1.667440e-08	2.463938e+00	-9.886951e+02
8.700000e-07	4.505513e-10	-1.643517e-08	3.189978e+00	-9.738991e+02
8.800000e-07	5.529789e-10	-1.618047e-08	3.915184e+00	-9.584158e+02
8.900000e-07	6.552108e-10	-1.590026e-08	4.639004e+00	-9.422388e+02
9.000000e-07	7.571898e-10	-1.560810e-08	5.361033e+00	-9.253784e+02
9.100000e-07	8.588922e-10	-1.531562e-08	6.081104e+00	-9.078511e+02
9.200000e-07	9.602975e-10	-1.501639e-08	6.799071e+00	-8.896659e+02
9.300000e-07	1.061397e-09	-1.469666e-08	7.514876e+00	-8.708138e+02
9.400000e-07	1.162174e-09	-1.436360e-08	8.228393e+00	-8.512591e+02
9.500000e-07	1.262628e-09	-1.402561e-08	8.939623e+00	-8.309347e+02
9.600000e-07	1.362696e-09	-1.367441e-08	9.648123e+00	-8.097406e+02
9.700000e-07	1.462261e-09	-1.329750e-08	1.035306e+01	-7.875435e+02
9.800000e-07	1.561217e-09	-1.289773e-08	1.105369e+01	-7.641782e+02
9.900000e-07	1.659475e-09	-1.248400e-08	1.174937e+01	-7.394505e+02
1.000000e-06	1.757014e-09	-1.204609e-08	1.243996e+01	-7.131394e+02
1.010000e-06	1.853865e-09	-1.156816e-08	1.312569e+01	-6.850011e+02
1.020000e-06	1.950018e-09	-1.104873e-08	1.380647e+01	-6.547718e+02
1.030000e-06	2.045454e-09	-1.049635e-08	1.448217e+01	-6.221696e+02
1.040000e-06	2.140191e-09	-9.904775e-09	1.515292e+01	-5.868944e+02
1.050000e-06	2.234221e-09	-9.256754e-09	1.581867e+01	-5.486253e+02
1.060000e-06	2.327537e-09	-8.548526e-09	1.647936e+01	-5.070181e+02
1.070000e-06	2.420169e-09	-7.781766e-09	1.713522e+01	-4.617071e+02
1.080000e-06	2.512085e-09	-6.949044e-09	1.778600e+01	-4.123136e+02
1.090000e-06	2.603070e-09	-6.034096e-09	1.843019e+01	-3.584676e+02
1.100000e-06	2.692931e-09	-5.034052e-09	1.906642e+01	-2.998443e+02
1.110000e-06	2.781685e-09	-3.953165e-09	1.969481e+01	-2.362135e+02
1.120000e-06	2.869436e-09	-2.790227e-09	2.031610e+01	-1.674971e+02
1.130000e-06	2.956245e-09	-1.541213e-09	2.093073e+01	-9.382474e+01
1.140000e-06	3.042101e-09	-2.111207e-10	2.153860e+01	-1.557636e+01
1.150000e-06	3.127003e-09	1.181109e-09	2.213973e+01	6.659943e+01
1.160000e-06	3.210955e-09	2.619866e-09	2.273412e+01	1.517984e+02
1.170000e-06	3.293790e-09	4.092816e-09	2.332060e+01	2.389071e+02
1.180000e-06	3.375327e-09	5.580466e-09	2.389790e+01	3.266782e+02
1.190000e-06	3.455581e-09	7.054531e-09	2.446612e+01	4.138242e+02
1.200000e-06	3.534620e-09	8.491963e-09	2.502572e+01	4.991149e+02
1.210000e-06	3.612429e-09	9.878878e-09	2.557663e+01	5.814653e+02
1.220000e-06	3.688989e-09	1.120357e-08	2.611868e+01	6.599988e+02
1.230000e-06	3.764112e-09	1.244926e-08	2.665057e+01	7.340817e+02
1.240000e-06	3.837618e-09	1.360959e-08	2.717100e+01	8.033243e+02
1.250000e-06	3.909648e-09	1.468597e-08	2.768099e+01	8.675560e+02
1.260000e-06	3.980344e-09	1.568184e-08	2.818153e+01	9.267804e+02
1.270000e-06	4.049707e-09	1.659540e-08	2.867263e+01	9.811248e+02
1.280000e-06	4.117740e-09	1.742667e-08	2.915432e+01	1.030792e+03
1.290000e-06	4.184234e-09	1.818335e-08	2.962511e+01	1.076021e+03
1.300000e-06	4.249066e-09	1.887180e-08	3.008412e+01	1.117067e+03
1.310000e-06	4.312416e-09	1.949437e-08	3.053266e+01	1.154189e+03
1.320000e-06	4.374356e-09	2.005219e-08	3.097120e+01	1.187653e+03
1.330000e-06	4.434946e-09	2.055275e-08	3.140019e+01	1.217734e+03
1.340000e-06	4.494076e-09	2.100417e-08	3.181884e+01	1.244721e+03
1.350000e-06	4.551428e-09	2.140908e-08	3.222490e+01	1.268913e+03
1.360000e-06	4.607032e-09	2.177037e-08	3.261859e+01	1.290614e+03
1.370000e-06	4.661010e-09	2.209551e-08	3.300076e+01	1.310110e+03
1.380000e-06	4.713170e-09	2.239035e-08	3.337007e+01	1.327662e+03
1.390000e-06	4.763240e-09	2.265561e-08	3.372457e+01	1.343492e+03
1.400000e-06	4.811357e-09	2.289087e-08	3.406525e+01	1.357775e+03
1.410000e-06	4.857827e-09	2.310148e-08	3.439426e+01	1.370645e+03
1.420000e-06	4.902752e-09	2.329390e-08	3.471234e+01	1.382209e+03
1.430000e-06	4.945990e-09	2.346756e-08	3.501847e+01	1.392562e+03
1.440000e-06	4.987292e-09	2.362047e-08	3.531090e+01	1.401797e+03
1.450000e-06	5.026805e-09	2.375687e-08	3.559066e+01	1.410020e+03
1.460000e-06	5.064674e-09	2.387997e-08	3.585878e+01	1.417350e+03
1.470000e-06	5.100902e-09	2.398942e-08	3.611527e+01	1.423906e+03
1.480000e-06	5.135248e-09	2.408477e-08	3.635845e+01	1.429801e+03
1.490000e-06	5.167624e-09	2.417019e-08	3.658768e+01	1.435129e+03
1.500000e-06	5.198287e-09	2.424897e-08	3.680478e+01	1.439954e+03
1.510000e-06	5.227301e-09	2.432149e-08	3.701020e+01	1.444312e+03
1.520000e-06	5.254473e-09	2.438692e-08	3.720258e+01	1.448220e+03
1.530000e-06	5.279540e-09	2.444521e-08	3.738006e+01	1.451688e+03
1.540000e-06	5.302671e-09	2.449787e-08	3.754384e+01	1.454732e+03
1.550000e-06	5.324104e-09	2.454469e-08	3.769559e+01	1.457382e+03
1.560000e-06	5.343814e-09	2.458331e-08	3.783514e+01	1.459684e+03
1.570000e-06	5.361584e-09	2.461501e-08	3.796095e+01	1.461692e+03
1.580000e-06	5.377346e-09	2.464399e-08	3.807255e+01	1.463456e+03
1.590000e-06	5.391203e-09	2.467040e-08	3.817066e+01	1.465013e+03
1.600000e-06	5.403001e-09	2.469321e-08	3.825419e+01	1.466374e+03
1.610000e-06	5.412558e-09	2.471195e-08	3.832185e+01	1.467533e+03
1.620000e-06	5.420113e-09	2.472851e-08	3.837535e+01	1.468473e+03
1.630000e-06	5.425897e-09	2.474210e-08	3.841630e+01	1.469178e+03
1.640000e-06	5.429913e-09	2.475031e-08	3.844473e+01	1.469649e+03
1.650000e-06	5.431924e-09	2.475035e-08	3.845897e+01	1.469908e+03
1.660000e-06	5.431928e-09	2.474870e-08	3.845899e+01	1.469996e+03
1.670000e-06	5.430219e-09	2.475317e-08	3.844690e+01	1.469959e+03
1.680000e-06	5.426904e-09	2.475097e-08	3.842343e+01	1.469836e+03
1.690000e-06	5.421805e-09	2.474519e-08	3.838733e+01	1.469642e+03
1.700000e-06	5.414765e-09	2.473939e-08	3.833748e+01	1.469364e+03
1.710000e-06	5.406027e-09	2.473113e-08	3.827561e+01	1.468964e+03
1.720000e-06	5.395691e-09	2.471511e-08	3.820243e+01	1.468397e+03
1.730000e-06	5.383540e-09	2.467359e-08	3.811640e+01	1.467626e+03
1.740000e-06	5.369358e-09	2.469849e-08	3.801599e+01	1.466640e+03
1.750000e-06	5.353132e-09	2.475680e-08	3.790111e+01	1.465465e+03
1.760000e-06	5.334560e-09	2.470862e-08	3.776962e+01	1.464152e+03
1.770000e-06	5.313293e-09	2.464066e-08	3.761904e+01	1.462770e+03
1.780000e-06	5.289844e-09	2.450601e-08	3.745302e+01	1.461374e+03
1.790000e-06	5.265116e-09	2.447257e-08	3.727794e+01	1.459993e+03
1.800000e-06	5.239481e-09	2.469977e-08	3.709644e+01	1.458616e+03
1.810000e-06	5.212248e-09	2.453448e-08	3.690363e+01	1.457194e+03
1.820000e-06	5.182805e-09	2.438328e-08	3.669517e+01	1.455659e+03
1.830000e-06	5.151714e-09	2.458672e-08	3.647504e+01	1.453943e+03
1.840000e-06	5.118893e-09	2.445785e-08	3.624265e+01	1.452002e+03
1.850000e-06	5.084141e-09	2.443480e-08	3.599661e+01	1.449830e+03
1.860000e-06	5.047857e-09	2.444655e-08	3.573971e+01	1.447456e+03
1.870000e-06	5.009611e-09	2.419203e-08	3.546892e+01	1.444931e+03
1.880000e-06	4.969479e-09	2.430179e-08	3.518478e+01	1.442311e+03
1.890000e-06	4.927766e-09	2.434022e-08	3.488944e+01	1.439637e+03
1.900000e-06	4.884319e-09	2.415536e-08	3.458183e+01	1.436917e+03
1.910000e-06	4.839277e-09	2.416808e-08	3.426293e+01	1.434133e+03
1.920000e-06	4.792294e-09	2.405399e-08	3.393028e+01	1.431246e+03
1.930000e-06	4.743357e-09	2.409946e-08	3.358380e+01	1.428216e+03
1.940000e-06	4.692879e-09	2.404625e-08	3.322640e+01	1.425022e+03
1.950000e-06	4.640517e-09	2.381120e-08	3.285567e+01	1.421666e+03
1.960000e-06	4.586178e-09	2.388335e-08	3.247094e+01	1.418176e+03
1.970000e-06	4.530046e-09	2.385044e-08	3.207352e+01	1.414594e+03
1.980000e-06	4.472288e-09	2.378145e-08	3.166458e+01	1.410956e+03
1.990000e-06	4.413164e-09	2.364398e-08	3.124597e+01	1.407282e+03
2.000000e-06	4.352411e-09	2.354779e-08	3.081583e+01	1.403561e+03
2.010000e-06	4.289936e-09	2.363274e-08	3.037350e+01	1.399759e+03
2.020000e-06	4.225902e-09	2.347898e-08	2.992013e+01	1.395832e+03
2.030000e-06	4.160440e-09	2.338879e-08	2.945665e+01	1.391738e+03
2.040000e-06	4.093616e-09	2.333025e-08	2.898352e+01	1.387457e+03
2.050000e-06	4.025234e-09	2.327842e-08	2.849936e+01	1.382994e+03
2.060000e-06	3.955237e-09	2.324912e-08	2.800377e+01	1.378377e+03
2.070000e-06	3.883734e-09	2.305751e-08	2.749752e+01	1.373644e+03
2.080000e-06	3.810902e-09	2.301365e-08	2.698185e+01	1.368827e+03
2.090000e-06	3.736707e-09	2.296560e-08	2.645654e+01	1.363940e+03
2.100000e-06	3.661019e-09	2.288958e-08	2.592065e+01	1.358971e+03
2.110000e-06	3.583781e-09	2.277449e-08	2.537380e+01	1.353890e+03
2.120000e-06	3.505015e-09	2.264686e-08	2.481612e+01	1.348659e+03
2.130000e-06	3.425013e-09	2.263062e-08	2.424970e+01	1.343248e+03
2.140000e-06	3.343874e-09	2.252196e-08	2.367521e+01	1.337648e+03
2.150000e-06	3.261661e-09	2.240481e-08	2.309313e+01	1.331873e+03
2.160000e-06	3.178452e-09	2.227884e-08	2.250400e+01	1.325952e+03
2.170000e-06	3.094103e-09	2.221020e-08	2.190679e+01	1.319921e+03
2.180000e-06	3.008471e-09	2.214090e-08	2.130051e+01	1.313806e+03
2.190000e-06	2.921609e-09	2.198919e-08	2.068551e+01	1.307611e+03
2.200000e-06	2.833782e-09	2.187445e-08	2.006368e+01	1.301318e+03
2.210000e-06	2.745006e-09	2.178296e-08	1.943512e+01	1.294896e+03
2.220000e-06	2.655307e-09	2.170517e-08	1.880004e+01	1.288307e+03
2.230000e-06	2.564827e-09	2.155647e-08	1.815943e+01	1.281525e+03
2.240000e-06	2.473552e-09	2.141485e-08	1.751318e+01	1.274544e+03
2.250000e-06	2.381366e-09	2.132274e-08	1.686049e+01	1.267376e+03
2.260000e-06	2.288205e-09	2.122182e-08	1.620089e+01	1.260047e+03
2.270000e-06	2.194159e-09	2.108146e-08	1.553503e+01	1.252583e+03
2.280000e-06	2.099251e-09	2.092093e-08	1.486307e+01	1.244999e+03
2.290000e-06	2.003546e-09	2.081085e-08	1.418546e+01	1.237291e+03
2.300000e-06	1.907144e-09	2.070048e-08	1.350292e+01	1.229438e+03
2.310000e-06	1.810188e-09	2.055078e-08	1.281645e+01	1.221409e+03
2.320000e-06	1.712721e-09	2.038498e-08	1.212636e+01	1.213171e+03
2.330000e-06	1.614668e-09	2.025712e-08	1.143213e+01	1.204706e+03
2.340000e-06	1.516085e-09	2.013769e-08	1.073415e+01	1.196014e+03
2.350000e-06	1.417019e-09	1.997599e-08	1.003274e+01	1.187106e+03
2.360000e-06	1.317510e-09	1.979680e-08	9.328200e+00	1.178005e+03
2.370000e-06	1.217578e-09	1.964425e-08	8.620663e+00	1.168727e+03
2.380000e-06	1.117265e-09	1.950928e-08	7.910431e+00	1.159274e+03
2.390000e-06	1.016577e-09	1.934093e-08	7.197548e+00	1.149632e+03
2.400000e-06	9.154499e-10	1.915407e-08	6.481547e+00	1.139772e+03
2.410000e-06	8.138807e-10	1.898843e-08	5.762420e+00	1.129658e+03
2.420000e-06	7.118915e-10	1.883601e-08	5.040319e+00	1.119261e+03
2.430000e-06	6.095664e-10	1.865182e-08	4.315840e+00	1.108564e+03
2.440000e-06	5.070418e-10	1.844286e-08	3.589948e+00	1.097566e+03
2.450000e-06	4.043480e-10	1.825012e-08	2.862858e+00	1.086276e+03
2.460000e-06	3.014729e-10	1.807664e-08	2.134484e+00	1.074699e+03
2.470000e-06	1.984570e-10	1.788113e-08	1.405114e+00	1.062832e+03
2.480000e-06	9.536790e-11	1.765674e-08	6.752249e-01	1.050646e+03
2.490000e-06	-7.731825e-12	1.744171e-08	-5.473921e-02	1.038087e+03
2.500000e-06	-1.108130e-10	1.723771e-08	-7.845718e-01	1.025084e+03
2.510000e-06	-2.138469e-10	1.701464e-08	-1.514070e+00	1.011557e+03
2.520000e-06	-3.167545e-10	1.675941e-08	-2.242674e+00	9.974306e+02
2.530000e-06	-4.194980e-10	1.650606e-08	-2.970116e+00	9.826490e+02
2.540000e-06	-5.220730e-10	1.626261e-08	-3.696364e+00	9.671806e+02
2.550000e-06	-6.244465e-10	1.599747e-08	-4.421186e+00	9.510185e+02
2.560000e-06	-7.265380e-10	1.569859e-08	-5.144011e+00	9.341727e+02
2.570000e-06	-8.282202e-10	1.539127e-08	-5.863939e+00	9.166597e+02
2.580000e-06	-9.294555e-10	1.509655e-08	-6.580702e+00	8.984887e+02
2.590000e-06	-1.030291e-09	1.478819e-08	-7.294634e+00	8.796510e+02
2.600000e-06	-1.130726e-09	1.445093e-08	-8.005735e+00	8.601117e+02
2.610000e-06	-1.230721e-09	1.410384e-08	-8.713716e+00	8.398044e+02
2.620000e-06	-1.330267e-09	1.375791e-08	-9.418514e+00	8.186297e+02
2.630000e-06	-1.429366e-09	1.339280e-08	-1.012015e+01	7.964550e+02
2.640000e-06	-1.527967e-09	1.298892e-08	-1.081827e+01	7.731160e+02
2.650000e-06	-1.626026e-09	1.256184e-08	-1.151254e+01	7.484188e+02
2.660000e-06	-1.723562e-09	1.212677e-08	-1.220311e+01	7.221432e+02
2.670000e-06	-1.820541e-09	1.166517e-08	-1.288974e+01	6.940456e+02
2.680000e-06	-1.916920e-09	1.115636e-08	-1.357212e+01	6.638627e+02
2.690000e-06	-2.012720e-09	1.060428e-08	-1.425041e+01	6.313129e+02
2.700000e-06	-2.107928e-09	1.002107e-08	-1.492450e+01	5.960965e+02
2.710000e-06	-2.202403e-09	9.392203e-09	-1.559340e+01	5.578929e+02
2.720000e-06	-2.295957e-09	8.694226e-09	-1.625577e+01	5.163587e+02
2.730000e-06	-2.388522e-09	7.928000e-09	-1.691115e+01	4.711285e+02
2.740000e-06	-2.480151e-09	7.105208e-09	-1.755990e+01	4.218236e+02
2.750000e-06	-2.570892e-09	6.215522e-09	-1.820236e+01	3.680737e+02
2.760000e-06	-2.660728e-09	5.236153e-09	-1.883841e+01	3.095528e+02
2.770000e-06	-2.749598e-09	4.167795e-09	-1.946763e+01	2.460282e+02
2.780000e-06	-2.837575e-09	3.023435e-09	-2.009052e+01	1.774183e+02
2.790000e-06	-2.924722e-09	1.802340e-09	-2.070754e+01	1.038481e+02
2.800000e-06	-3.010817e-09	4.940613e-10	-2.131710e+01	2.569217e+01
2.810000e-06	-3.095624e-09	-8.889233e-10	-2.191756e+01	-5.640649e+01
2.820000e-06	-3.179225e-09	-2.315738e-09	-2.250946e+01	-1.415486e+02
2.830000e-06	-3.261779e-09	-3.768649e-09	-2.309396e+01	-2.286248e+02
2.840000e-06	-3.343277e-09	-5.241560e-09	-2.367098e+01	-3.163898e+02
2.850000e-06	-3.423642e-09	-6.714681e-09	-2.423998e+01	-4.035564e+02
2.860000e-06	-3.502812e-09	-8.152083e-09	-2.480052e+01	-4.888929e+02
2.870000e-06	-3.580587e-09	-9.533430e-09	-2.535118e+01	-5.713104e+02
2.880000e-06	-3.656835e-09	-1.085673e-08	-2.589103e+01	-6.499281e+02
2.890000e-06	-3.731643e-09	-1.211389e-08	-2.642068e+01	-7.241070e+02
2.900000e-06	-3.805066e-09	-1.328705e-08	-2.694053e+01	-7.934527e+02
2.910000e-06	-3.877179e-09	-1.436772e-08	-2.745110e+01	-8.577897e+02
2.920000e-06	-3.947964e-09	-1.536685e-08	-2.795227e+01	-9.171188e+02
2.930000e-06	-4.017152e-09	-1.629367e-08	-2.844214e+01	-9.715649e+02
2.940000e-06	-4.084760e-09	-1.714068e-08	-2.892081e+01	-1.021329e+03
2.950000e-06	-4.151007e-09	-1.790452e-08	-2.938985e+01	-1.066651e+03
2.960000e-06	-4.215882e-09	-1.859855e-08	-2.984918e+01	-1.107784e+03
2.970000e-06	-4.279376e-09	-1.923259e-08	-3.029873e+01	-1.144988e+03
2.980000e-06	-4.341292e-09	-1.980391e-08	-3.073710e+01	-1.178527e+03
2.990000e-06	-4.401441e-09	-2.031055e-08	-3.116297e+01	-1.208678e+03
3.000000e-06	-4.460035e-09	-2.076475e-08	-3.157782e+01	-1.235729e+03
3.010000e-06	-4.517175e-09	-2.118031e-08	-3.198239e+01	-1.259979e+03
3.020000e-06	-4.572797e-09	-2.155535e-08	-3.237620e+01	-1.281731e+03
3.030000e-06	-4.626634e-09	-2.188650e-08	-3.275737e+01	-1.301272e+03
3.040000e-06	-4.678478e-09	-2.218278e-08	-3.312444e+01	-1.318865e+03
3.050000e-06	-4.728492e-09	-2.245420e-08	-3.347854e+01	-1.334730e+03
3.060000e-06	-4.776593e-09	-2.269987e-08	-3.381911e+01	-1.349045e+03
3.070000e-06	-4.822783e-09	-2.291625e-08	-3.414614e+01	-1.361945e+03
3.080000e-06	-4.867348e-09	-2.310808e-08	-3.446167e+01	-1.373536e+03
3.090000e-06	-4.910399e-09	-2.328628e-08	-3.476648e+01	-1.383914e+03
3.100000e-06	-4.951920e-09	-2.344935e-08	-3.506046e+01	-1.393172e+03
3.110000e-06	-4.991883e-09	-2.359228e-08	-3.534340e+01	-1.401417e+03
3.120000e-06	-5.030074e-09	-2.371704e-08	-3.561380e+01	-1.408765e+03
3.130000e-06	-5.066304e-09	-2.383056e-08	-3.587032e+01	-1.415336e+03
3.140000e-06	-5.100712e-09	-2.393341e-08	-3.611393e+01	-1.421246e+03
3.150000e-06	-5.133418e-09	-2.402288e-08	-3.634549e+01	-1.426585e+03
3.160000e-06	-5.164345e-09	-2.410122e-08	-3.656446e+01	-1.431421e+03
3.170000e-06	-5.193262e-09	-2.417494e-08	-3.676920e+01	-1.435789e+03
3.180000e-06	-5.220289e-09	-2.424371e-08	-3.696056e+01	-1.439707e+03
3.190000e-06	-5.245568e-09	-2.430308e-08	-3.713953e+01	-1.443184e+03
3.200000e-06	-5.269046e-09	-2.435316e-08	-3.730577e+01	-1.446236e+03
3.210000e-06	-5.290544e-09	-2.439866e-08	-3.745797e+01	-1.448895e+03
3.220000e-06	-5.310070e-09	-2.444105e-08	-3.759622e+01	-1.451204e+03
3.230000e-06	-5.327859e-09	-2.447452e-08	-3.772217e+01	-1.453217e+03
3.240000e-06	-5.343858e-09	-2.450066e-08	-3.783545e+01	-1.454987e+03
3.250000e-06	-5.357736e-09	-2.452482e-08	-3.793370e+01	-1.456548e+03
3.260000e-06	-5.369384e-09	-2.454918e-08	-3.801618e+01	-1.457913e+03
3.270000e-06	-5.379104e-09	-2.456807e-08	-3.808500e+01	-1.459077e+03
3.280000e-06	-5.387029e-09	-2.458306e-08	-3.814111e+01	-1.460022e+03
3.290000e-06	-5.392969e-09	-2.459639e-08	-3.818316e+01	-1.460732e+03
3.300000e-06	-5.396886e-09	-2.460837e-08	-3.821089e+01	-1.461208e+03
3.310000e-06	-5.399033e-09	-2.461735e-08	-3.822609e+01	-1.461471e+03
