# Temperatura_=_62.91647058823529
# Concentracion g/m^3_=_20000.0
# C_Vs_to_Am_M_A/Vsm_=_59384043850.047264
# pendiente_HvsI_1/m_=_3716.3
# ordenada_HvsI_A/m_=_1297.0
# frecuencia_Hz_=_301400.7543211457
# Promedio de 17 ciclos

Tiempo_(s)	Campo_(V.s)	Magnetizacion_(V.s)	Campo_(kA/m)	Magnetizacion_(A/m)
0.000000e+00	-6.710301e-09	-2.844882e-08	-4.767994e+01	-1.689935e+03
1.000000e-08	-6.707277e-09	-2.844241e-08	-4.765845e+01	-1.689650e+03
2.000000e-08	-6.701996e-09	-2.843920e-08	-4.762093e+01	-1.689358e+03
3.000000e-08	-6.694672e-09	-2.843705e-08	-4.756888e+01	-1.689066e+03
4.000000e-08	-6.685121e-09	-2.843378e-08	-4.750103e+01	-1.688744e+03
5.000000e-08	-6.673128e-09	-2.842427e-08	-4.741581e+01	-1.688333e+03
6.000000e-08	-6.658694e-09	-2.841850e-08	-4.731325e+01	-1.687773e+03
7.000000e-08	-6.641822e-09	-2.842236e-08	-4.719337e+01	-1.687023e+03
8.000000e-08	-6.622650e-09	-2.838685e-08	-4.705714e+01	-1.686084e+03
9.000000e-08	-6.601110e-09	-2.832160e-08	-4.690409e+01	-1.684997e+03
1.000000e-07	-6.576899e-09	-2.831820e-08	-4.673206e+01	-1.683831e+03
1.100000e-07	-6.550026e-09	-2.834472e-08	-4.654111e+01	-1.682652e+03
1.200000e-07	-6.520908e-09	-2.833107e-08	-4.633422e+01	-1.681500e+03
1.300000e-07	-6.490033e-09	-2.833108e-08	-4.611483e+01	-1.680370e+03
1.400000e-07	-6.457522e-09	-2.833509e-08	-4.588383e+01	-1.679216e+03
1.500000e-07	-6.422931e-09	-2.823737e-08	-4.563805e+01	-1.677967e+03
1.600000e-07	-6.386066e-09	-2.825377e-08	-4.537610e+01	-1.676555e+03
1.700000e-07	-6.347229e-09	-2.824819e-08	-4.510015e+01	-1.674945e+03
1.800000e-07	-6.306079e-09	-2.812145e-08	-4.480775e+01	-1.673143e+03
1.900000e-07	-6.262440e-09	-2.814630e-08	-4.449768e+01	-1.671197e+03
2.000000e-07	-6.216630e-09	-2.812052e-08	-4.417218e+01	-1.669174e+03
2.100000e-07	-6.168482e-09	-2.810428e-08	-4.383006e+01	-1.667133e+03
2.200000e-07	-6.117743e-09	-2.810717e-08	-4.346954e+01	-1.665101e+03
2.300000e-07	-6.064463e-09	-2.802244e-08	-4.309096e+01	-1.663061e+03
2.400000e-07	-6.008861e-09	-2.799511e-08	-4.269589e+01	-1.660959e+03
2.500000e-07	-5.951031e-09	-2.795573e-08	-4.228497e+01	-1.658728e+03
2.600000e-07	-5.890991e-09	-2.790231e-08	-4.185836e+01	-1.656312e+03
2.700000e-07	-5.828912e-09	-2.786709e-08	-4.141726e+01	-1.653690e+03
2.800000e-07	-5.764849e-09	-2.782803e-08	-4.096206e+01	-1.650880e+03
2.900000e-07	-5.698620e-09	-2.779977e-08	-4.049147e+01	-1.647934e+03
3.000000e-07	-5.630211e-09	-2.774445e-08	-4.000539e+01	-1.644911e+03
3.100000e-07	-5.559760e-09	-2.769683e-08	-3.950480e+01	-1.641854e+03
3.200000e-07	-5.487351e-09	-2.762304e-08	-3.899031e+01	-1.638772e+03
3.300000e-07	-5.412857e-09	-2.755895e-08	-3.846099e+01	-1.635637e+03
3.400000e-07	-5.336174e-09	-2.753383e-08	-3.791612e+01	-1.632397e+03
3.500000e-07	-5.257351e-09	-2.746778e-08	-3.735605e+01	-1.628996e+03
3.600000e-07	-5.176391e-09	-2.741160e-08	-3.678079e+01	-1.625399e+03
3.700000e-07	-5.093543e-09	-2.735122e-08	-3.619211e+01	-1.621604e+03
3.800000e-07	-5.009071e-09	-2.729046e-08	-3.559189e+01	-1.617641e+03
3.900000e-07	-4.923022e-09	-2.721981e-08	-3.498048e+01	-1.613557e+03
4.000000e-07	-4.835379e-09	-2.714208e-08	-3.435773e+01	-1.609395e+03
4.100000e-07	-4.746060e-09	-2.707792e-08	-3.372308e+01	-1.605173e+03
4.200000e-07	-4.654938e-09	-2.700716e-08	-3.307561e+01	-1.600877e+03
4.300000e-07	-4.562087e-09	-2.694123e-08	-3.241586e+01	-1.596466e+03
4.400000e-07	-4.467649e-09	-2.685793e-08	-3.174484e+01	-1.591892e+03
4.500000e-07	-4.371622e-09	-2.677639e-08	-3.106252e+01	-1.587116e+03
4.600000e-07	-4.273987e-09	-2.669806e-08	-3.036877e+01	-1.582129e+03
4.700000e-07	-4.174751e-09	-2.661481e-08	-2.966366e+01	-1.576952e+03
4.800000e-07	-4.073982e-09	-2.652546e-08	-2.894764e+01	-1.571625e+03
4.900000e-07	-3.971815e-09	-2.643209e-08	-2.822169e+01	-1.566193e+03
5.000000e-07	-3.868306e-09	-2.634380e-08	-2.748621e+01	-1.560677e+03
5.100000e-07	-3.763423e-09	-2.624978e-08	-2.674097e+01	-1.555071e+03
5.200000e-07	-3.657098e-09	-2.614937e-08	-2.598548e+01	-1.549336e+03
5.300000e-07	-3.549358e-09	-2.604511e-08	-2.521993e+01	-1.543419e+03
5.400000e-07	-3.440351e-09	-2.594284e-08	-2.444539e+01	-1.537273e+03
5.500000e-07	-3.330175e-09	-2.583858e-08	-2.366253e+01	-1.530872e+03
5.600000e-07	-3.218873e-09	-2.572942e-08	-2.287168e+01	-1.524226e+03
5.700000e-07	-3.106411e-09	-2.561496e-08	-2.207258e+01	-1.517370e+03
5.800000e-07	-2.992748e-09	-2.549925e-08	-2.126495e+01	-1.510350e+03
5.900000e-07	-2.877868e-09	-2.538172e-08	-2.044868e+01	-1.503200e+03
6.000000e-07	-2.761770e-09	-2.525882e-08	-1.962374e+01	-1.495923e+03
6.100000e-07	-2.644584e-09	-2.513065e-08	-1.879108e+01	-1.488492e+03
6.200000e-07	-2.526459e-09	-2.499901e-08	-1.795174e+01	-1.480855e+03
6.300000e-07	-2.407471e-09	-2.486729e-08	-1.710628e+01	-1.472956e+03
6.400000e-07	-2.287651e-09	-2.473055e-08	-1.625490e+01	-1.464757e+03
6.500000e-07	-2.166997e-09	-2.458903e-08	-1.539760e+01	-1.456252e+03
6.600000e-07	-2.045538e-09	-2.444426e-08	-1.453457e+01	-1.447465e+03
6.700000e-07	-1.923339e-09	-2.429569e-08	-1.366629e+01	-1.438439e+03
6.800000e-07	-1.800420e-09	-2.414086e-08	-1.279289e+01	-1.429216e+03
6.900000e-07	-1.676785e-09	-2.398075e-08	-1.191440e+01	-1.419808e+03
7.000000e-07	-1.552497e-09	-2.381772e-08	-1.103128e+01	-1.410196e+03
7.100000e-07	-1.427657e-09	-2.365100e-08	-1.014423e+01	-1.400326e+03
7.200000e-07	-1.302376e-09	-2.348000e-08	-9.254047e+00	-1.390129e+03
7.300000e-07	-1.176695e-09	-2.330238e-08	-8.361020e+00	-1.379546e+03
7.400000e-07	-1.050615e-09	-2.311887e-08	-7.465158e+00	-1.368548e+03
7.500000e-07	-9.241902e-10	-2.292904e-08	-6.566851e+00	-1.357141e+03
7.600000e-07	-7.974707e-10	-2.273094e-08	-5.666448e+00	-1.345363e+03
7.700000e-07	-6.704763e-10	-2.252609e-08	-4.764091e+00	-1.333259e+03
7.800000e-07	-5.432621e-10	-2.231761e-08	-3.860172e+00	-1.320853e+03
7.900000e-07	-4.158797e-10	-2.210432e-08	-2.955059e+00	-1.308134e+03
8.000000e-07	-2.883555e-10	-2.188216e-08	-2.048938e+00	-1.295037e+03
8.100000e-07	-1.607245e-10	-2.165085e-08	-1.142058e+00	-1.281461e+03
8.200000e-07	-3.303541e-11	-2.141138e-08	-2.347643e-01	-1.267284e+03
8.300000e-07	9.465795e-11	-2.116297e-08	6.725589e-01	-1.252396e+03
8.400000e-07	2.223063e-10	-2.090272e-08	1.579562e+00	-1.236712e+03
8.500000e-07	3.498580e-10	-2.062963e-08	2.485879e+00	-1.220188e+03
8.600000e-07	4.772747e-10	-2.034110e-08	3.391236e+00	-1.202806e+03
8.700000e-07	6.045309e-10	-2.003372e-08	4.295453e+00	-1.184561e+03
8.800000e-07	7.315839e-10	-1.970517e-08	5.198227e+00	-1.165429e+03
8.900000e-07	8.583834e-10	-1.935785e-08	6.099199e+00	-1.145356e+03
9.000000e-07	9.848938e-10	-1.899769e-08	6.998117e+00	-1.124244e+03
9.100000e-07	1.111072e-09	-1.862402e-08	7.894678e+00	-1.101953e+03
9.200000e-07	1.236895e-09	-1.823071e-08	8.788705e+00	-1.078313e+03
9.300000e-07	1.362331e-09	-1.781256e-08	9.679991e+00	-1.053125e+03
9.400000e-07	1.487336e-09	-1.736320e-08	1.056822e+01	-1.026155e+03
9.500000e-07	1.611858e-09	-1.687316e-08	1.145300e+01	-9.971027e+02
9.600000e-07	1.735794e-09	-1.633390e-08	1.233363e+01	-9.655598e+02
9.700000e-07	1.859053e-09	-1.573870e-08	1.320944e+01	-9.309536e+02
9.800000e-07	1.981598e-09	-1.507851e-08	1.408018e+01	-8.924979e+02
9.900000e-07	2.103389e-09	-1.433825e-08	1.494557e+01	-8.491650e+02
1.000000e-06	2.224399e-09	-1.349828e-08	1.580541e+01	-7.996954e+02
1.010000e-06	2.344600e-09	-1.253561e-08	1.665949e+01	-7.426566e+02
1.020000e-06	2.463950e-09	-1.142355e-08	1.750753e+01	-6.765550e+02
1.030000e-06	2.582422e-09	-1.013168e-08	1.834933e+01	-5.999946e+02
1.040000e-06	2.699959e-09	-8.631044e-09	1.918449e+01	-5.118692e+02
1.050000e-06	2.816455e-09	-6.907351e-09	2.001225e+01	-4.115643e+02
1.060000e-06	2.931803e-09	-4.970048e-09	2.083186e+01	-2.991397e+02
1.070000e-06	3.045956e-09	-2.847794e-09	2.164296e+01	-1.754611e+02
1.080000e-06	3.158909e-09	-5.837205e-10	2.244555e+01	-4.224997e+01
1.090000e-06	3.270690e-09	1.778561e-09	2.323981e+01	9.796868e+01
1.100000e-06	3.381340e-09	4.202326e-09	2.402603e+01	2.420287e+02
1.110000e-06	3.490884e-09	6.654027e-09	2.480439e+01	3.863831e+02
1.120000e-06	3.599282e-09	9.075464e-09	2.557462e+01	5.274315e+02
1.130000e-06	3.706404e-09	1.137397e-08	2.633577e+01	6.618667e+02
1.140000e-06	3.812105e-09	1.348013e-08	2.708682e+01	7.869844e+02
1.150000e-06	3.916321e-09	1.537411e-08	2.782734e+01	9.009047e+02
1.160000e-06	4.019106e-09	1.705765e-08	2.855767e+01	1.002668e+03
1.170000e-06	4.120546e-09	1.854109e-08	2.927845e+01	1.092196e+03
1.180000e-06	4.220581e-09	1.983989e-08	2.998925e+01	1.170129e+03
1.190000e-06	4.319030e-09	2.097173e-08	3.068878e+01	1.237589e+03
1.200000e-06	4.415820e-09	2.195512e-08	3.137651e+01	1.295916e+03
1.210000e-06	4.511003e-09	2.280659e-08	3.205284e+01	1.346440e+03
1.220000e-06	4.604679e-09	2.354212e-08	3.271845e+01	1.390318e+03
1.230000e-06	4.696857e-09	2.417678e-08	3.337342e+01	1.428472e+03
1.240000e-06	4.787360e-09	2.472321e-08	3.401649e+01	1.461603e+03
1.250000e-06	4.876046e-09	2.519299e-08	3.464664e+01	1.490254e+03
1.260000e-06	4.962957e-09	2.559845e-08	3.526419e+01	1.514905e+03
1.270000e-06	5.048226e-09	2.594912e-08	3.587007e+01	1.536029e+03
1.280000e-06	5.131821e-09	2.625253e-08	3.646405e+01	1.554127e+03
1.290000e-06	5.213543e-09	2.651516e-08	3.704473e+01	1.569710e+03
1.300000e-06	5.293314e-09	2.674310e-08	3.761154e+01	1.583258e+03
1.310000e-06	5.371167e-09	2.694270e-08	3.816473e+01	1.595174e+03
1.320000e-06	5.447022e-09	2.711702e-08	3.870371e+01	1.605749e+03
1.330000e-06	5.520741e-09	2.726882e-08	3.922752e+01	1.615170e+03
1.340000e-06	5.592391e-09	2.740189e-08	3.973663e+01	1.623537e+03
1.350000e-06	5.662093e-09	2.752154e-08	4.023190e+01	1.630918e+03
1.360000e-06	5.729817e-09	2.762983e-08	4.071311e+01	1.637385e+03
1.370000e-06	5.795416e-09	2.772584e-08	4.117922e+01	1.643044e+03
1.380000e-06	5.858916e-09	2.781084e-08	4.163042e+01	1.648034e+03
1.390000e-06	5.920496e-09	2.788753e-08	4.206798e+01	1.652508e+03
1.400000e-06	5.980096e-09	2.795650e-08	4.249146e+01	1.656598e+03
1.410000e-06	6.037507e-09	2.801676e-08	4.289940e+01	1.660395e+03
1.420000e-06	6.092706e-09	2.807099e-08	4.329161e+01	1.663931e+03
1.430000e-06	6.145605e-09	2.812191e-08	4.366749e+01	1.667193e+03
1.440000e-06	6.195907e-09	2.816944e-08	4.402491e+01	1.670150e+03
1.450000e-06	6.243698e-09	2.821374e-08	4.436449e+01	1.672779e+03
1.460000e-06	6.289343e-09	2.825490e-08	4.468882e+01	1.675089e+03
1.470000e-06	6.332855e-09	2.829210e-08	4.499799e+01	1.677129e+03
1.480000e-06	6.374000e-09	2.832420e-08	4.529034e+01	1.678966e+03
1.490000e-06	6.412841e-09	2.835076e-08	4.556633e+01	1.680673e+03
1.500000e-06	6.449596e-09	2.837429e-08	4.582750e+01	1.682295e+03
1.510000e-06	6.484085e-09	2.839607e-08	4.607256e+01	1.683841e+03
1.520000e-06	6.516168e-09	2.841625e-08	4.630052e+01	1.685287e+03
1.530000e-06	6.546062e-09	2.843486e-08	4.651294e+01	1.686591e+03
1.540000e-06	6.573780e-09	2.845200e-08	4.670989e+01	1.687716e+03
1.550000e-06	6.599053e-09	2.846789e-08	4.688946e+01	1.688651e+03
1.560000e-06	6.621892e-09	2.848091e-08	4.705175e+01	1.689417e+03
1.570000e-06	6.642566e-09	2.849062e-08	4.719865e+01	1.690060e+03
1.580000e-06	6.660983e-09	2.849779e-08	4.732951e+01	1.690628e+03
1.590000e-06	6.676913e-09	2.850362e-08	4.744270e+01	1.691153e+03
1.600000e-06	6.690366e-09	2.850889e-08	4.753829e+01	1.691639e+03
1.610000e-06	6.701212e-09	2.851287e-08	4.761535e+01	1.692057e+03
1.620000e-06	6.709447e-09	2.851555e-08	4.767387e+01	1.692363e+03
1.630000e-06	6.715372e-09	2.851679e-08	4.771597e+01	1.692519e+03
1.640000e-06	6.719030e-09	2.851637e-08	4.774196e+01	1.692512e+03
1.650000e-06	6.720267e-09	2.851162e-08	4.775075e+01	1.692362e+03
1.660000e-06	6.719180e-09	2.850869e-08	4.774303e+01	1.692116e+03
1.670000e-06	6.716014e-09	2.850583e-08	4.772053e+01	1.691828e+03
1.680000e-06	6.710614e-09	2.849867e-08	4.768216e+01	1.691537e+03
1.690000e-06	6.702914e-09	2.848938e-08	4.762745e+01	1.691243e+03
1.700000e-06	6.693100e-09	2.847791e-08	4.755772e+01	1.690914e+03
1.710000e-06	6.681043e-09	2.846590e-08	4.747205e+01	1.690490e+03
1.720000e-06	6.666594e-09	2.843904e-08	4.736938e+01	1.689910e+03
1.730000e-06	6.650000e-09	2.843089e-08	4.725147e+01	1.689139e+03
1.740000e-06	6.631329e-09	2.848222e-08	4.711881e+01	1.688181e+03
1.750000e-06	6.609819e-09	2.846964e-08	4.696597e+01	1.687082e+03
1.760000e-06	6.585060e-09	2.840074e-08	4.679005e+01	1.685911e+03
1.770000e-06	6.557673e-09	2.836806e-08	4.659545e+01	1.684734e+03
1.780000e-06	6.528070e-09	2.828697e-08	4.638511e+01	1.683584e+03
1.790000e-06	6.496669e-09	2.828393e-08	4.616198e+01	1.682455e+03
1.800000e-06	6.463763e-09	2.837321e-08	4.592817e+01	1.681294e+03
1.810000e-06	6.428819e-09	2.823544e-08	4.567988e+01	1.680029e+03
1.820000e-06	6.391554e-09	2.822376e-08	4.541510e+01	1.678597e+03
1.830000e-06	6.352090e-09	2.829346e-08	4.513469e+01	1.676965e+03
1.840000e-06	6.310318e-09	2.819025e-08	4.483787e+01	1.675144e+03
1.850000e-06	6.266446e-09	2.821952e-08	4.452614e+01	1.673186e+03
1.860000e-06	6.220351e-09	2.809224e-08	4.419862e+01	1.671159e+03
1.870000e-06	6.171841e-09	2.802292e-08	4.385393e+01	1.669118e+03
1.880000e-06	6.121150e-09	2.809142e-08	4.349374e+01	1.667087e+03
1.890000e-06	6.067897e-09	2.800372e-08	4.311536e+01	1.665043e+03
1.900000e-06	6.012225e-09	2.801027e-08	4.271978e+01	1.662930e+03
1.910000e-06	5.954454e-09	2.794073e-08	4.230929e+01	1.660681e+03
1.920000e-06	5.894489e-09	2.788958e-08	4.188321e+01	1.658243e+03
1.930000e-06	5.832362e-09	2.789538e-08	4.144177e+01	1.655598e+03
1.940000e-06	5.768056e-09	2.775976e-08	4.098484e+01	1.652771e+03
1.950000e-06	5.701790e-09	2.773008e-08	4.051399e+01	1.649814e+03
1.960000e-06	5.633400e-09	2.768353e-08	4.002805e+01	1.646785e+03
1.970000e-06	5.562691e-09	2.768399e-08	3.952563e+01	1.643725e+03
1.980000e-06	5.489979e-09	2.763330e-08	3.900898e+01	1.640639e+03
1.990000e-06	5.415263e-09	2.750427e-08	3.847809e+01	1.637496e+03
2.000000e-06	5.338427e-09	2.749572e-08	3.793212e+01	1.634240e+03
2.010000e-06	5.259458e-09	2.741522e-08	3.737101e+01	1.630819e+03
2.020000e-06	5.178602e-09	2.736732e-08	3.679650e+01	1.627200e+03
2.030000e-06	5.096051e-09	2.727765e-08	3.620993e+01	1.623385e+03
2.040000e-06	5.011668e-09	2.721573e-08	3.561035e+01	1.619406e+03
2.050000e-06	4.925360e-09	2.719141e-08	3.499709e+01	1.615312e+03
2.060000e-06	4.837211e-09	2.709703e-08	3.437075e+01	1.611142e+03
2.070000e-06	4.747497e-09	2.701566e-08	3.373329e+01	1.606913e+03
2.080000e-06	4.656191e-09	2.691249e-08	3.308452e+01	1.602607e+03
2.090000e-06	4.563165e-09	2.686792e-08	3.242352e+01	1.598181e+03
2.100000e-06	4.468411e-09	2.679287e-08	3.175025e+01	1.593586e+03
2.110000e-06	4.372064e-09	2.669551e-08	3.106565e+01	1.588787e+03
2.120000e-06	4.274287e-09	2.660996e-08	3.037090e+01	1.583778e+03
2.130000e-06	4.175044e-09	2.653071e-08	2.966573e+01	1.578582e+03
2.140000e-06	4.074273e-09	2.645343e-08	2.894970e+01	1.573242e+03
2.150000e-06	3.971859e-09	2.633870e-08	2.822201e+01	1.567800e+03
2.160000e-06	3.867925e-09	2.623918e-08	2.748351e+01	1.562275e+03
2.170000e-06	3.762666e-09	2.615254e-08	2.673559e+01	1.556657e+03
2.180000e-06	3.656198e-09	2.607068e-08	2.597909e+01	1.550905e+03
2.190000e-06	3.548560e-09	2.595866e-08	2.521426e+01	1.544965e+03
2.200000e-06	3.439691e-09	2.584286e-08	2.444070e+01	1.538792e+03
2.210000e-06	3.329514e-09	2.574068e-08	2.365783e+01	1.532363e+03
2.220000e-06	3.218006e-09	2.564106e-08	2.286552e+01	1.525692e+03
2.230000e-06	3.105340e-09	2.551897e-08	2.206497e+01	1.518817e+03
2.240000e-06	2.991528e-09	2.538724e-08	2.125628e+01	1.511781e+03
2.250000e-06	2.876535e-09	2.527101e-08	2.043920e+01	1.504617e+03
2.260000e-06	2.760368e-09	2.515610e-08	1.961378e+01	1.497326e+03
2.270000e-06	2.643063e-09	2.502786e-08	1.878027e+01	1.489875e+03
2.280000e-06	2.524682e-09	2.488310e-08	1.793912e+01	1.482212e+03
2.290000e-06	2.405297e-09	2.475407e-08	1.709083e+01	1.474282e+03
2.300000e-06	2.285054e-09	2.462476e-08	1.623645e+01	1.466050e+03
2.310000e-06	2.164078e-09	2.448084e-08	1.537685e+01	1.457512e+03
2.320000e-06	2.042405e-09	2.432151e-08	1.451231e+01	1.448697e+03
2.330000e-06	1.920047e-09	2.416997e-08	1.364289e+01	1.439648e+03
2.340000e-06	1.797038e-09	2.402517e-08	1.276885e+01	1.430404e+03
2.350000e-06	1.673376e-09	2.386362e-08	1.189018e+01	1.420976e+03
2.360000e-06	1.549094e-09	2.368983e-08	1.100710e+01	1.411339e+03
2.370000e-06	1.424252e-09	2.351776e-08	1.012003e+01	1.401437e+03
2.380000e-06	1.298907e-09	2.335231e-08	9.229391e+00	1.391201e+03
2.390000e-06	1.173104e-09	2.317419e-08	8.335504e+00	1.380574e+03
2.400000e-06	1.046869e-09	2.298354e-08	7.438542e+00	1.369531e+03
2.410000e-06	9.202175e-10	2.279293e-08	6.538622e+00	1.358082e+03
2.420000e-06	7.931969e-10	2.260427e-08	5.636079e+00	1.346267e+03
2.430000e-06	6.658734e-10	2.240372e-08	4.731384e+00	1.334129e+03
2.440000e-06	5.383059e-10	2.218479e-08	3.824956e+00	1.321691e+03
2.450000e-06	4.105480e-10	2.196174e-08	2.917174e+00	1.308934e+03
2.460000e-06	2.826303e-10	2.174185e-08	2.008257e+00	1.295791e+03
2.470000e-06	1.545944e-10	2.151484e-08	1.098500e+00	1.282156e+03
2.480000e-06	2.649517e-11	2.127205e-08	1.882929e-01	1.267908e+03
2.490000e-06	-1.016002e-10	2.101778e-08	-7.218870e-01	1.252938e+03
2.500000e-06	-2.296420e-10	2.075817e-08	-1.631685e+00	1.237165e+03
2.510000e-06	-3.575986e-10	2.048477e-08	-2.540879e+00	1.220549e+03
2.520000e-06	-4.854169e-10	2.018795e-08	-3.449090e+00	1.203075e+03
2.530000e-06	-6.130377e-10	1.987258e-08	-4.355898e+00	1.184735e+03
2.540000e-06	-7.404112e-10	1.954650e-08	-5.260948e+00	1.165506e+03
2.550000e-06	-8.674992e-10	1.920922e-08	-6.163970e+00	1.145327e+03
2.560000e-06	-9.942353e-10	1.884918e-08	-7.064492e+00	1.124095e+03
2.570000e-06	-1.120556e-09	1.846766e-08	-7.962064e+00	1.101668e+03
2.580000e-06	-1.246449e-09	1.807104e-08	-8.856590e+00	1.077872e+03
2.590000e-06	-1.371889e-09	1.765382e-08	-9.747907e+00	1.052505e+03
2.600000e-06	-1.496840e-09	1.720239e-08	-1.063574e+01	1.025327e+03
2.610000e-06	-1.621244e-09	1.670941e-08	-1.151969e+01	9.960297e+02
2.620000e-06	-1.745017e-09	1.617445e-08	-1.239916e+01	9.641890e+02
2.630000e-06	-1.868108e-09	1.558762e-08	-1.327378e+01	9.292118e+02
2.640000e-06	-1.990494e-09	1.493033e-08	-1.414340e+01	8.902868e+02
2.650000e-06	-2.112164e-09	1.418715e-08	-1.500792e+01	8.463600e+02
2.660000e-06	-2.233134e-09	1.334869e-08	-1.586747e+01	7.961498e+02
2.670000e-06	-2.353380e-09	1.239350e-08	-1.672187e+01	7.382108e+02
2.680000e-06	-2.472764e-09	1.128926e-08	-1.757016e+01	6.710517e+02
2.690000e-06	-2.591160e-09	1.000471e-08	-1.841142e+01	5.932978e+02
2.700000e-06	-2.708523e-09	8.516302e-09	-1.924534e+01	5.038860e+02
2.710000e-06	-2.824813e-09	6.811642e-09	-2.007164e+01	4.022659e+02
2.720000e-06	-2.939964e-09	4.896794e-09	-2.088983e+01	2.885788e+02
2.730000e-06	-3.053902e-09	2.802849e-09	-2.169942e+01	1.637812e+02
2.740000e-06	-3.166579e-09	5.742501e-10	-2.250005e+01	2.968509e+01
2.750000e-06	-3.277980e-09	-1.742708e-09	-2.329160e+01	-1.111061e+02
2.760000e-06	-3.388096e-09	-4.108358e-09	-2.407403e+01	-2.553715e+02
2.770000e-06	-3.496990e-09	-6.500601e-09	-2.484778e+01	-3.995419e+02
2.780000e-06	-3.604762e-09	-8.881365e-09	-2.561355e+01	-5.400320e+02
2.790000e-06	-3.711402e-09	-1.116364e-08	-2.637128e+01	-6.735855e+02
2.800000e-06	-3.816823e-09	-1.326704e-08	-2.712035e+01	-7.975778e+02
2.810000e-06	-3.920879e-09	-1.516433e-08	-2.785972e+01	-9.102254e+02
2.820000e-06	-4.023421e-09	-1.685100e-08	-2.858833e+01	-1.010668e+03
2.830000e-06	-4.124446e-09	-1.833357e-08	-2.930616e+01	-1.098912e+03
2.840000e-06	-4.224010e-09	-1.963188e-08	-3.001361e+01	-1.175663e+03
2.850000e-06	-4.322150e-09	-2.076697e-08	-3.071094e+01	-1.242080e+03
2.860000e-06	-4.418876e-09	-2.175452e-08	-3.139823e+01	-1.299510e+03
2.870000e-06	-4.514062e-09	-2.260703e-08	-3.207457e+01	-1.349270e+03
2.880000e-06	-4.607574e-09	-2.334308e-08	-3.273902e+01	-1.392495e+03
2.890000e-06	-4.699419e-09	-2.398187e-08	-3.339163e+01	-1.430082e+03
2.900000e-06	-4.789643e-09	-2.453393e-08	-3.403271e+01	-1.462709e+03
2.910000e-06	-4.878206e-09	-2.500772e-08	-3.466200e+01	-1.490910e+03
2.920000e-06	-4.964970e-09	-2.541543e-08	-3.527849e+01	-1.515159e+03
2.930000e-06	-5.049854e-09	-2.576991e-08	-3.588164e+01	-1.535935e+03
2.940000e-06	-5.132959e-09	-2.607853e-08	-3.647214e+01	-1.553740e+03
2.950000e-06	-5.214371e-09	-2.634487e-08	-3.705061e+01	-1.569083e+03
2.960000e-06	-5.293968e-09	-2.657622e-08	-3.761618e+01	-1.582440e+03
2.970000e-06	-5.371480e-09	-2.678004e-08	-3.816695e+01	-1.594200e+03
2.980000e-06	-5.446831e-09	-2.696085e-08	-3.870235e+01	-1.604645e+03
2.990000e-06	-5.520171e-09	-2.711817e-08	-3.922347e+01	-1.613949e+03
3.000000e-06	-5.591566e-09	-2.725364e-08	-3.973077e+01	-1.622208e+03
3.010000e-06	-5.660887e-09	-2.737473e-08	-4.022332e+01	-1.629488e+03
3.020000e-06	-5.728122e-09	-2.748484e-08	-4.070106e+01	-1.635863e+03
3.030000e-06	-5.793429e-09	-2.758316e-08	-4.116510e+01	-1.641443e+03
3.040000e-06	-5.856778e-09	-2.766948e-08	-4.161522e+01	-1.646371e+03
3.050000e-06	-5.917969e-09	-2.774793e-08	-4.205002e+01	-1.650798e+03
3.060000e-06	-5.976965e-09	-2.782180e-08	-4.246922e+01	-1.654854e+03
3.070000e-06	-6.033890e-09	-2.788822e-08	-4.287370e+01	-1.658622e+03
3.080000e-06	-6.088695e-09	-2.794527e-08	-4.326311e+01	-1.662130e+03
3.090000e-06	-6.141109e-09	-2.799586e-08	-4.363554e+01	-1.665362e+03
3.100000e-06	-6.190979e-09	-2.804433e-08	-4.398989e+01	-1.668284e+03
3.110000e-06	-6.238314e-09	-2.808869e-08	-4.432623e+01	-1.670878e+03
3.120000e-06	-6.283408e-09	-2.812813e-08	-4.464665e+01	-1.673158e+03
3.130000e-06	-6.326573e-09	-2.816454e-08	-4.495336e+01	-1.675172e+03
3.140000e-06	-6.367716e-09	-2.819966e-08	-4.524570e+01	-1.676993e+03
3.150000e-06	-6.406656e-09	-2.823179e-08	-4.552238e+01	-1.678689e+03
3.160000e-06	-6.443268e-09	-2.825905e-08	-4.578253e+01	-1.680303e+03
3.170000e-06	-6.477614e-09	-2.828325e-08	-4.602657e+01	-1.681841e+03
3.180000e-06	-6.509749e-09	-2.830778e-08	-4.625491e+01	-1.683274e+03
3.190000e-06	-6.539469e-09	-2.833128e-08	-4.646609e+01	-1.684561e+03
3.200000e-06	-6.566790e-09	-2.835149e-08	-4.666021e+01	-1.685666e+03
3.210000e-06	-6.591900e-09	-2.836972e-08	-4.683863e+01	-1.686581e+03
3.220000e-06	-6.614676e-09	-2.838651e-08	-4.700047e+01	-1.687332e+03
3.230000e-06	-6.635018e-09	-2.840113e-08	-4.714501e+01	-1.687965e+03
3.240000e-06	-6.653083e-09	-2.841132e-08	-4.727337e+01	-1.688527e+03
3.250000e-06	-6.668861e-09	-2.841946e-08	-4.738548e+01	-1.689050e+03
3.260000e-06	-6.682016e-09	-2.842850e-08	-4.747896e+01	-1.689530e+03
3.270000e-06	-6.692557e-09	-2.843752e-08	-4.755385e+01	-1.689939e+03
3.280000e-06	-6.700776e-09	-2.844375e-08	-4.761226e+01	-1.690230e+03
3.290000e-06	-6.706578e-09	-2.844758e-08	-4.765348e+01	-1.690369e+03
3.300000e-06	-6.709966e-09	-2.845113e-08	-4.767756e+01	-1.690345e+03
3.310000e-06	-6.711150e-09	-2.845367e-08	-4.768597e+01	-1.690183e+03
