# Configuracion:
# Concentracion g/m^3_=_20000.0
# C_Vs_to_Am_M_A/Vsm_=_59384043850.047264
# pendiente_HvsI_1/m_=_3716.3
# ordenada_HvsI_A/m_=_1297.0
# frecuencia_ref_Hz_=_301407.0828650707
# 
Resultados:
# tau_ns_=_(2.26+/-0.10)e+02
# dphi_rad_=_6.69+/-0.02
# SAR_W/g_=_2188.29+/-71.07
# Hc_kA/m_=_22.62+/-0.77
# Mr_A/m_=_1208.25+/-17.75
# Magnetizacion_max_=_1664.68+/-12.19
# Suceptibilidad_a_M=0_=_(1.678+/-0.096)e-01

Nombre_archivo	Time_m_(s)	Temperatura_(ºC)	Mr_(A/m)	Hc_(kA/m)	Campo_max_(A/m)	Mag_max_(A/m)	f0	mag0	dphi0	SAR_(W/g)	Tau_(ns)	N	xi_M_0
300kHz_125dA_100Mss_bobN1M20-0006.txt	4.48	24.03	1149.61	23.68	47750.75	1621.61	3.013994e+05	1.396143e+02	6.707845e+00	2206.39	238.772596	4645	1.428e-01
300kHz_125dA_100Mss_bobN1M20-0007.txt	4.93	26.69	1188.25	23.61	47750.75	1662.75	3.013994e+05	1.435132e+02	6.706767e+00	2262.60	238.088502	4645	1.524e-01
300kHz_125dA_100Mss_bobN1M20-0008.txt	5.4	30.70	1197.14	23.51	47750.75	1665.67	3.013994e+05	1.440496e+02	6.705677e+00	2265.56	237.396384	4645	1.573e-01
300kHz_125dA_100Mss_bobN1M20-0009.txt	5.89	35.11	1203.36	23.32	47750.75	1670.52	3.013994e+05	1.447260e+02	6.701569e+00	2255.38	234.793922	4645	1.615e-01
300kHz_125dA_100Mss_bobN1M20-0010.txt	6.34	39.16	1208.27	23.24	47750.75	1670.55	3.013994e+05	1.449322e+02	6.700554e+00	2253.44	234.152165	4645	1.617e-01
300kHz_125dA_100Mss_bobN1M20-0011.txt	6.81	43.39	1212.32	23.15	47750.75	1669.08	3.013994e+05	1.450135e+02	6.699212e+00	2247.88	233.304631	4645	1.647e-01
300kHz_125dA_100Mss_bobN1M20-0012.txt	7.26	47.39	1216.20	22.94	47750.75	1670.20	3.013994e+05	1.453566e+02	6.695342e+00	2233.45	230.866725	4645	1.676e-01
300kHz_125dA_100Mss_bobN1M20-0013.txt	7.72	51.44	1217.96	22.82	47750.75	1672.66	3.013994e+05	1.456446e+02	6.692521e+00	2223.42	229.094768	4645	1.711e-01
300kHz_125dA_100Mss_bobN1M20-0014.txt	8.16	55.26	1220.07	22.74	47750.75	1671.18	3.013994e+05	1.456773e+02	6.691391e+00	2218.12	228.385213	4645	1.723e-01
300kHz_125dA_100Mss_bobN1M20-0015.txt	8.61	59.08	1220.95	22.62	47750.75	1669.19	3.013994e+05	1.456449e+02	6.688886e+00	2204.78	226.817038	4645	1.723e-01
300kHz_125dA_100Mss_bobN1M20-0016.txt	9.08	63.07	1220.59	22.42	47750.75	1668.01	3.013994e+05	1.456904e+02	6.684769e+00	2184.31	224.245752	4645	1.730e-01
300kHz_125dA_100Mss_bobN1M20-0017.txt	9.54	66.94	1221.34	22.30	47750.75	1669.41	3.013994e+05	1.458945e+02	6.682003e+00	2173.12	222.525274	4645	1.715e-01
300kHz_125dA_100Mss_bobN1M20-0018.txt	9.99	70.72	1222.96	22.24	47750.75	1669.86	3.013994e+05	1.460007e+02	6.681081e+00	2169.94	221.952492	4645	1.754e-01
300kHz_125dA_100Mss_bobN1M20-0019.txt	10.94	78.41	1220.13	21.78	47750.75	1671.62	3.013994e+05	1.463268e+02	6.670780e+00	2121.37	215.580598	4645	1.791e-01
300kHz_125dA_100Mss_bobN1M20-0020.txt	11.39	82.02	1217.52	21.63	47750.75	1669.55	3.013994e+05	1.462052e+02	6.667594e+00	2103.06	213.621337	4645	1.765e-01
300kHz_125dA_100Mss_bobN1M20-0021.txt	11.84	85.62	1206.50	21.31	47750.75	1659.01	3.013994e+05	1.453778e+02	6.660379e+00	2053.80	209.200128	4645	1.758e-01
300kHz_125dA_100Mss_bobN1M20-0022.txt	12.29	89.02	1197.15	21.17	47750.75	1648.65	3.013994e+05	1.445158e+02	6.657018e+00	2024.29	207.149422	4645	1.770e-01
