# Configuracion:
# Concentracion g/m^3_=_20000.0
# C_Vs_to_Am_M_A/Vsm_=_59384043850.047264
# pendiente_HvsI_1/m_=_3716.3
# ordenada_HvsI_A/m_=_1297.0
# frecuencia_ref_Hz_=_301224.92315266834
# 
Resultados:
# tau_ns_=_(2.85+/-0.04)e+02
# dphi_rad_=_6.78+/-0.01
# SAR_W/g_=_1814.93+/-49.80
# Hc_kA/m_=_21.62+/-0.32
# Mr_A/m_=_1036.65+/-49.30
# Magnetizacion_max_=_1470.03+/-35.01
# Suceptibilidad_a_M=0_=_(1.334+/-0.158)e-01

Nombre_archivo	Time_m_(s)	Temperatura_(ºC)	Mr_(A/m)	Hc_(kA/m)	Campo_max_(A/m)	Mag_max_(A/m)	f0	mag0	dphi0	SAR_(W/g)	Tau_(ns)	N	xi_M_0
300kHz_100dA_100Mss_bobN1M20-0006.txt	1.89	23.78	927.06	21.88	38460.00	1393.54	3.011400e+05	1.148929e+02	6.776207e+00	1678.49	283.899621	4649	1.051e-01
300kHz_100dA_100Mss_bobN1M20-0007.txt	2.34	26.45	955.77	21.90	38460.00	1416.24	3.011400e+05	1.173814e+02	6.779058e+00	1723.94	285.844251	4649	1.081e-01
300kHz_100dA_100Mss_bobN1M20-0008.txt	2.79	29.55	971.17	21.97	38460.00	1423.32	3.011400e+05	1.183293e+02	6.782706e+00	1749.57	288.341212	4649	1.140e-01
300kHz_100dA_100Mss_bobN1M20-0009.txt	3.23	32.63	983.67	21.94	38460.00	1433.76	3.012048e+05	1.193979e+02	6.782916e+00	1766.43	288.483924	4648	1.153e-01
300kHz_100dA_100Mss_bobN1M20-0010.txt	3.72	36.11	996.41	21.91	38460.00	1442.05	3.012048e+05	1.204240e+02	6.783100e+00	1782.21	288.612300	4648	1.205e-01
300kHz_100dA_100Mss_bobN1M20-0011.txt	4.16	39.27	1006.99	21.93	38460.00	1445.15	3.011400e+05	1.209866e+02	6.785220e+00	1797.10	290.067578	4649	1.228e-01
300kHz_100dA_100Mss_bobN1M20-0012.txt	4.6	42.48	1014.03	21.87	38460.00	1453.40	3.012048e+05	1.217244e+02	6.783423e+00	1802.52	288.833649	4648	1.236e-01
300kHz_100dA_100Mss_bobN1M20-0013.txt	5.05	45.76	1024.49	21.85	38460.00	1459.27	3.011400e+05	1.225373e+02	6.784445e+00	1817.56	289.536865	4649	1.254e-01
300kHz_100dA_100Mss_bobN1M20-0014.txt	5.52	49.09	1032.99	21.84	38460.00	1464.74	3.011400e+05	1.231937e+02	6.784672e+00	1828.05	289.692720	4649	1.280e-01
300kHz_100dA_100Mss_bobN1M20-0015.txt	6.02	52.64	1039.46	21.83	38460.00	1470.47	3.012048e+05	1.237086e+02	6.784598e+00	1835.84	289.641763	4648	1.312e-01
300kHz_100dA_100Mss_bobN1M20-0016.txt	6.54	56.17	1049.08	21.71	38460.00	1478.17	3.011400e+05	1.246188e+02	6.781904e+00	1839.86	287.794439	4649	1.357e-01
300kHz_100dA_100Mss_bobN1M20-0017.txt	6.99	59.23	1056.34	21.67	38460.00	1481.66	3.011400e+05	1.251609e+02	6.781485e+00	1846.44	287.507116	4649	1.389e-01
300kHz_100dA_100Mss_bobN1M20-0018.txt	7.44	62.25	1062.48	21.60	38460.00	1489.55	3.012048e+05	1.258632e+02	6.779383e+00	1850.02	286.069112	4648	1.428e-01
300kHz_100dA_100Mss_bobN1M20-0019.txt	8.35	68.31	1074.95	21.40	38460.00	1497.90	3.011400e+05	1.270238e+02	6.774888e+00	1851.16	283.005857	4649	1.452e-01
300kHz_100dA_100Mss_bobN1M20-0020.txt	8.8	71.28	1080.97	21.40	38460.00	1500.57	3.011400e+05	1.274557e+02	6.776096e+00	1861.64	283.827974	4649	1.465e-01
300kHz_100dA_100Mss_bobN1M20-0021.txt	9.26	74.26	1083.78	21.35	38460.00	1503.58	3.012048e+05	1.277751e+02	6.774390e+00	1860.78	282.666937	4648	1.519e-01
300kHz_100dA_100Mss_bobN1M20-0022.txt	9.72	77.21	1087.36	21.27	38460.00	1506.99	3.012048e+05	1.280838e+02	6.772136e+00	1857.41	281.137304	4648	1.487e-01
300kHz_100dA_100Mss_bobN1M20-0023.txt	10.23	80.40	1093.45	21.09	38460.00	1511.39	3.011400e+05	1.287821e+02	6.767798e+00	1851.89	278.202812	4649	1.519e-01
300kHz_100dA_100Mss_bobN1M20-0024.txt	10.69	83.21	1095.27	21.03	38460.00	1511.52	3.012048e+05	1.288605e+02	6.766613e+00	1849.24	277.403079	4648	1.558e-01
300kHz_100dA_100Mss_bobN1M20-0025.txt	11.17	86.14	1097.35	20.98	38460.00	1517.24	3.011400e+05	1.293606e+02	6.764480e+00	1848.48	275.968501	4649	1.567e-01
