# Temperatura_=_59.05466666666667
# Concentracion g/m^3_=_20000.0
# C_Vs_to_Am_M_A/Vsm_=_59384043850.047264
# pendiente_HvsI_1/m_=_3716.3
# ordenada_HvsI_A/m_=_1297.0
# frecuencia_Hz_=_301404.7962498652
# Promedio de 15 ciclos

Tiempo_(s)	Campo_(V.s)	Magnetizacion_(V.s)	Campo_(kA/m)	Magnetizacion_(A/m)
0.000000e+00	-6.683767e-09	-2.780119e-08	-4.767468e+01	-1.651214e+03
1.000000e-08	-6.681040e-09	-2.779701e-08	-4.765522e+01	-1.651017e+03
2.000000e-08	-6.676039e-09	-2.779658e-08	-4.761955e+01	-1.650804e+03
3.000000e-08	-6.668979e-09	-2.779377e-08	-4.756920e+01	-1.650553e+03
4.000000e-08	-6.659747e-09	-2.778782e-08	-4.750334e+01	-1.650224e+03
5.000000e-08	-6.648126e-09	-2.777939e-08	-4.742045e+01	-1.649771e+03
6.000000e-08	-6.634075e-09	-2.777247e-08	-4.732023e+01	-1.649165e+03
7.000000e-08	-6.617588e-09	-2.777038e-08	-4.720263e+01	-1.648396e+03
8.000000e-08	-6.598781e-09	-2.774804e-08	-4.706848e+01	-1.647484e+03
9.000000e-08	-6.577660e-09	-2.768391e-08	-4.691782e+01	-1.646468e+03
1.000000e-07	-6.553934e-09	-2.766292e-08	-4.674858e+01	-1.645387e+03
1.100000e-07	-6.527525e-09	-2.769297e-08	-4.656021e+01	-1.644269e+03
1.200000e-07	-6.498781e-09	-2.769153e-08	-4.635518e+01	-1.643119e+03
1.300000e-07	-6.468199e-09	-2.767399e-08	-4.613704e+01	-1.641919e+03
1.400000e-07	-6.436006e-09	-2.767772e-08	-4.590741e+01	-1.640635e+03
1.500000e-07	-6.401862e-09	-2.761310e-08	-4.566387e+01	-1.639228e+03
1.600000e-07	-6.365450e-09	-2.757524e-08	-4.540414e+01	-1.637675e+03
1.700000e-07	-6.326994e-09	-2.759860e-08	-4.512984e+01	-1.635971e+03
1.800000e-07	-6.286352e-09	-2.751241e-08	-4.483994e+01	-1.634133e+03
1.900000e-07	-6.243236e-09	-2.748895e-08	-4.453240e+01	-1.632191e+03
2.000000e-07	-6.197887e-09	-2.749120e-08	-4.420893e+01	-1.630179e+03
2.100000e-07	-6.150268e-09	-2.744854e-08	-4.386927e+01	-1.628119e+03
2.200000e-07	-6.100088e-09	-2.743255e-08	-4.351134e+01	-1.626019e+03
2.300000e-07	-6.047369e-09	-2.736886e-08	-4.313530e+01	-1.623871e+03
2.400000e-07	-5.992279e-09	-2.732640e-08	-4.274235e+01	-1.621653e+03
2.500000e-07	-5.934965e-09	-2.729194e-08	-4.233353e+01	-1.619340e+03
2.600000e-07	-5.875459e-09	-2.724573e-08	-4.190908e+01	-1.616912e+03
2.700000e-07	-5.813860e-09	-2.722181e-08	-4.146970e+01	-1.614360e+03
2.800000e-07	-5.750293e-09	-2.717134e-08	-4.101628e+01	-1.611683e+03
2.900000e-07	-5.684625e-09	-2.713027e-08	-4.054788e+01	-1.608886e+03
3.000000e-07	-5.616766e-09	-2.708483e-08	-4.006385e+01	-1.605979e+03
3.100000e-07	-5.546841e-09	-2.702885e-08	-3.956507e+01	-1.602967e+03
3.200000e-07	-5.474985e-09	-2.697191e-08	-3.905253e+01	-1.599855e+03
3.300000e-07	-5.401127e-09	-2.690719e-08	-3.852571e+01	-1.596639e+03
3.400000e-07	-5.325094e-09	-2.687085e-08	-3.798338e+01	-1.593316e+03
3.500000e-07	-5.246902e-09	-2.681212e-08	-3.742564e+01	-1.589882e+03
3.600000e-07	-5.166585e-09	-2.675134e-08	-3.685275e+01	-1.586334e+03
3.700000e-07	-5.084312e-09	-2.669113e-08	-3.626590e+01	-1.582667e+03
3.800000e-07	-5.000348e-09	-2.662393e-08	-3.566699e+01	-1.578876e+03
3.900000e-07	-4.914794e-09	-2.656132e-08	-3.505674e+01	-1.574956e+03
4.000000e-07	-4.827664e-09	-2.648863e-08	-3.443525e+01	-1.570901e+03
4.100000e-07	-4.738896e-09	-2.642303e-08	-3.380208e+01	-1.566705e+03
4.200000e-07	-4.648377e-09	-2.635020e-08	-3.315642e+01	-1.562368e+03
4.300000e-07	-4.556101e-09	-2.627867e-08	-3.249821e+01	-1.557893e+03
4.400000e-07	-4.462198e-09	-2.619877e-08	-3.182841e+01	-1.553289e+03
4.500000e-07	-4.366725e-09	-2.611216e-08	-3.114741e+01	-1.548564e+03
4.600000e-07	-4.269645e-09	-2.603259e-08	-3.045495e+01	-1.543724e+03
4.700000e-07	-4.170994e-09	-2.595437e-08	-2.975129e+01	-1.538769e+03
4.800000e-07	-4.070799e-09	-2.587228e-08	-2.903660e+01	-1.533689e+03
4.900000e-07	-3.969165e-09	-2.578280e-08	-2.831166e+01	-1.528469e+03
5.000000e-07	-3.866222e-09	-2.569373e-08	-2.757738e+01	-1.523092e+03
5.100000e-07	-3.761939e-09	-2.560035e-08	-2.683353e+01	-1.517542e+03
5.200000e-07	-3.656231e-09	-2.550233e-08	-2.607952e+01	-1.511812e+03
5.300000e-07	-3.549117e-09	-2.540194e-08	-2.531549e+01	-1.505905e+03
5.400000e-07	-3.440678e-09	-2.529952e-08	-2.454201e+01	-1.499826e+03
5.500000e-07	-3.331031e-09	-2.519794e-08	-2.375990e+01	-1.493586e+03
5.600000e-07	-3.220284e-09	-2.509329e-08	-2.296996e+01	-1.487190e+03
5.700000e-07	-3.108400e-09	-2.498318e-08	-2.217190e+01	-1.480635e+03
5.800000e-07	-2.995325e-09	-2.486954e-08	-2.136535e+01	-1.473911e+03
5.900000e-07	-2.881072e-09	-2.475400e-08	-2.055039e+01	-1.467001e+03
6.000000e-07	-2.765655e-09	-2.463466e-08	-1.972713e+01	-1.459885e+03
6.100000e-07	-2.649103e-09	-2.451031e-08	-1.889578e+01	-1.452550e+03
6.200000e-07	-2.531520e-09	-2.438371e-08	-1.805707e+01	-1.444989e+03
6.300000e-07	-2.413046e-09	-2.425537e-08	-1.721201e+01	-1.437199e+03
6.400000e-07	-2.293772e-09	-2.412246e-08	-1.636123e+01	-1.429181e+03
6.500000e-07	-2.173690e-09	-2.398329e-08	-1.550470e+01	-1.420936e+03
6.600000e-07	-2.052792e-09	-2.384081e-08	-1.464235e+01	-1.412459e+03
6.700000e-07	-1.931114e-09	-2.369561e-08	-1.377443e+01	-1.403742e+03
6.800000e-07	-1.808729e-09	-2.354494e-08	-1.290148e+01	-1.394772e+03
6.900000e-07	-1.685712e-09	-2.338888e-08	-1.202401e+01	-1.385538e+03
7.000000e-07	-1.562059e-09	-2.322999e-08	-1.114200e+01	-1.376032e+03
7.100000e-07	-1.437795e-09	-2.306792e-08	-1.025564e+01	-1.366247e+03
7.200000e-07	-1.313011e-09	-2.290073e-08	-9.365566e+00	-1.356180e+03
7.300000e-07	-1.187780e-09	-2.272682e-08	-8.472301e+00	-1.345825e+03
7.400000e-07	-1.062161e-09	-2.254740e-08	-7.576269e+00	-1.335167e+03
7.500000e-07	-9.361987e-10	-2.236358e-08	-6.677794e+00	-1.324189e+03
7.600000e-07	-8.099210e-10	-2.217342e-08	-5.777067e+00	-1.312865e+03
7.700000e-07	-6.833965e-10	-2.197588e-08	-4.874578e+00	-1.301172e+03
7.800000e-07	-5.566887e-10	-2.177105e-08	-3.970783e+00	-1.289089e+03
7.900000e-07	-4.298103e-10	-2.156089e-08	-3.065771e+00	-1.276601e+03
8.000000e-07	-3.027936e-10	-2.134512e-08	-2.159772e+00	-1.263693e+03
8.100000e-07	-1.756805e-10	-2.112038e-08	-1.253085e+00	-1.250343e+03
8.200000e-07	-4.850649e-11	-2.088717e-08	-3.459633e-01	-1.236513e+03
8.300000e-07	7.869835e-11	-2.064585e-08	5.613784e-01	-1.222143e+03
8.400000e-07	2.058772e-10	-2.039425e-08	1.468534e+00	-1.207148e+03
8.500000e-07	3.329600e-10	-2.012955e-08	2.375005e+00	-1.191434e+03
8.600000e-07	4.599199e-10	-1.985021e-08	3.280599e+00	-1.174904e+03
8.700000e-07	5.867362e-10	-1.955628e-08	4.185168e+00	-1.157481e+03
8.800000e-07	7.133646e-10	-1.924675e-08	5.088397e+00	-1.139110e+03
8.900000e-07	8.397567e-10	-1.892120e-08	5.989941e+00	-1.119756e+03
9.000000e-07	9.658777e-10	-1.857716e-08	6.889551e+00	-1.099386e+03
9.100000e-07	1.091693e-09	-1.821493e-08	7.786979e+00	-1.077942e+03
9.200000e-07	1.217164e-09	-1.783345e-08	8.681951e+00	-1.055310e+03
9.300000e-07	1.342258e-09	-1.742776e-08	9.574241e+00	-1.031303e+03
9.400000e-07	1.466894e-09	-1.699363e-08	1.046326e+01	-1.005644e+03
9.500000e-07	1.590973e-09	-1.652622e-08	1.134830e+01	-9.779719e+02
9.600000e-07	1.714453e-09	-1.601835e-08	1.222907e+01	-9.478404e+02
9.700000e-07	1.837296e-09	-1.545701e-08	1.310530e+01	-9.147139e+02
9.800000e-07	1.959489e-09	-1.482992e-08	1.397689e+01	-8.779449e+02
9.900000e-07	2.080973e-09	-1.412619e-08	1.484342e+01	-8.367350e+02
1.000000e-06	2.201643e-09	-1.333221e-08	1.570414e+01	-7.900923e+02
1.010000e-06	2.321451e-09	-1.242881e-08	1.655872e+01	-7.368087e+02
1.020000e-06	2.440420e-09	-1.138978e-08	1.740732e+01	-6.754872e+02
1.030000e-06	2.558556e-09	-1.019013e-08	1.824998e+01	-6.046428e+02
1.040000e-06	2.675772e-09	-8.803526e-09	1.908606e+01	-5.228860e+02
1.050000e-06	2.791908e-09	-7.206496e-09	1.991445e+01	-4.291733e+02
1.060000e-06	2.906893e-09	-5.388460e-09	2.073463e+01	-3.230827e+02
1.070000e-06	3.020726e-09	-3.365225e-09	2.154658e+01	-2.050550e+02
1.080000e-06	3.133364e-09	-1.177707e-09	2.235002e+01	-7.653701e+01
1.090000e-06	3.244843e-09	1.130465e-09	2.314519e+01	6.002308e+01
1.100000e-06	3.355238e-09	3.516516e-09	2.393262e+01	2.013497e+02
1.110000e-06	3.464555e-09	5.933318e-09	2.471237e+01	3.436636e+02
1.120000e-06	3.572705e-09	8.310596e-09	2.548380e+01	4.831010e+02
1.130000e-06	3.679567e-09	1.056573e-08	2.624604e+01	6.161479e+02
1.140000e-06	3.785041e-09	1.264555e-08	2.699837e+01	7.400060e+02
1.150000e-06	3.889042e-09	1.452856e-08	2.774020e+01	8.528208e+02
1.160000e-06	3.991632e-09	1.620911e-08	2.847196e+01	9.537402e+02
1.170000e-06	4.092880e-09	1.769372e-08	2.919416e+01	1.042809e+03
1.180000e-06	4.192697e-09	1.899687e-08	2.990614e+01	1.120741e+03
1.190000e-06	4.290943e-09	2.013659e-08	3.060692e+01	1.188642e+03
1.200000e-06	4.387535e-09	2.112846e-08	3.129589e+01	1.247743e+03
1.210000e-06	4.482554e-09	2.198965e-08	3.197366e+01	1.299202e+03
1.220000e-06	4.576103e-09	2.273717e-08	3.264093e+01	1.344004e+03
1.230000e-06	4.668136e-09	2.338531e-08	3.329740e+01	1.382941e+03
1.240000e-06	4.758497e-09	2.394530e-08	3.394193e+01	1.416667e+03
1.250000e-06	4.847046e-09	2.442668e-08	3.457355e+01	1.445758e+03
1.260000e-06	4.933849e-09	2.484209e-08	3.519270e+01	1.470776e+03
1.270000e-06	5.019018e-09	2.520165e-08	3.580020e+01	1.492288e+03
1.280000e-06	5.102506e-09	2.551219e-08	3.639571e+01	1.510850e+03
1.290000e-06	5.184131e-09	2.578067e-08	3.697794e+01	1.526978e+03
1.300000e-06	5.263806e-09	2.601640e-08	3.754625e+01	1.541101e+03
1.310000e-06	5.341594e-09	2.622503e-08	3.810111e+01	1.553545e+03
1.320000e-06	5.417405e-09	2.640771e-08	3.864185e+01	1.564537e+03
1.330000e-06	5.491076e-09	2.656532e-08	3.916734e+01	1.574231e+03
1.340000e-06	5.562682e-09	2.670247e-08	3.967810e+01	1.582745e+03
1.350000e-06	5.632357e-09	2.682557e-08	4.017509e+01	1.590203e+03
1.360000e-06	5.700068e-09	2.693518e-08	4.065806e+01	1.596743e+03
1.370000e-06	5.765676e-09	2.703057e-08	4.112604e+01	1.602525e+03
1.380000e-06	5.829209e-09	2.711560e-08	4.157921e+01	1.607704e+03
1.390000e-06	5.890807e-09	2.719459e-08	4.201859e+01	1.612410e+03
1.400000e-06	5.950423e-09	2.726659e-08	4.244382e+01	1.616729e+03
1.410000e-06	6.007867e-09	2.732971e-08	4.285356e+01	1.620700e+03
1.420000e-06	6.063111e-09	2.738646e-08	4.324761e+01	1.624330e+03
1.430000e-06	6.116087e-09	2.743990e-08	4.362548e+01	1.627611e+03
1.440000e-06	6.166490e-09	2.748982e-08	4.398500e+01	1.630549e+03
1.450000e-06	6.214368e-09	2.753395e-08	4.432651e+01	1.633171e+03
1.460000e-06	6.260079e-09	2.757205e-08	4.465256e+01	1.635526e+03
1.470000e-06	6.303690e-09	2.760737e-08	4.496363e+01	1.637677e+03
1.480000e-06	6.344962e-09	2.764141e-08	4.525802e+01	1.639674e+03
1.490000e-06	6.383920e-09	2.767099e-08	4.553591e+01	1.641547e+03
1.500000e-06	6.420794e-09	2.769636e-08	4.579892e+01	1.643296e+03
1.510000e-06	6.455427e-09	2.772118e-08	4.604596e+01	1.644900e+03
1.520000e-06	6.487673e-09	2.774510e-08	4.627597e+01	1.646333e+03
1.530000e-06	6.517715e-09	2.776481e-08	4.649025e+01	1.647578e+03
1.540000e-06	6.545596e-09	2.777941e-08	4.668912e+01	1.648642e+03
1.550000e-06	6.571047e-09	2.779302e-08	4.687066e+01	1.649553e+03
1.560000e-06	6.594053e-09	2.780699e-08	4.703476e+01	1.650355e+03
1.570000e-06	6.614890e-09	2.781828e-08	4.718339e+01	1.651084e+03
1.580000e-06	6.633486e-09	2.782635e-08	4.731603e+01	1.651761e+03
1.590000e-06	6.649625e-09	2.783337e-08	4.743115e+01	1.652378e+03
1.600000e-06	6.663307e-09	2.783990e-08	4.752874e+01	1.652909e+03
1.610000e-06	6.674398e-09	2.784410e-08	4.760785e+01	1.653317e+03
1.620000e-06	6.682878e-09	2.784551e-08	4.766834e+01	1.653575e+03
1.630000e-06	6.689022e-09	2.784659e-08	4.771216e+01	1.653678e+03
1.640000e-06	6.692927e-09	2.784804e-08	4.774002e+01	1.653648e+03
1.650000e-06	6.694432e-09	2.784595e-08	4.775075e+01	1.653522e+03
1.660000e-06	6.693571e-09	2.784353e-08	4.774461e+01	1.653346e+03
1.670000e-06	6.690616e-09	2.784165e-08	4.772353e+01	1.653147e+03
1.680000e-06	6.685469e-09	2.783509e-08	4.768682e+01	1.652931e+03
1.690000e-06	6.678028e-09	2.782473e-08	4.763374e+01	1.652674e+03
1.700000e-06	6.668449e-09	2.781338e-08	4.756542e+01	1.652333e+03
1.710000e-06	6.656684e-09	2.780291e-08	4.748149e+01	1.651865e+03
1.720000e-06	6.642549e-09	2.778389e-08	4.738067e+01	1.651241e+03
1.730000e-06	6.626244e-09	2.776565e-08	4.726437e+01	1.650455e+03
1.740000e-06	6.607910e-09	2.780765e-08	4.713359e+01	1.649530e+03
1.750000e-06	6.586907e-09	2.781774e-08	4.698378e+01	1.648505e+03
1.760000e-06	6.562709e-09	2.775504e-08	4.681118e+01	1.647418e+03
1.770000e-06	6.535741e-09	2.771218e-08	4.661882e+01	1.646297e+03
1.780000e-06	6.506487e-09	2.765807e-08	4.641015e+01	1.645143e+03
1.790000e-06	6.475338e-09	2.761375e-08	4.618797e+01	1.643936e+03
1.800000e-06	6.442685e-09	2.769003e-08	4.595506e+01	1.642639e+03
1.810000e-06	6.408141e-09	2.762770e-08	4.570865e+01	1.641218e+03
1.820000e-06	6.371290e-09	2.753920e-08	4.544580e+01	1.639648e+03
1.830000e-06	6.332257e-09	2.761327e-08	4.516738e+01	1.637929e+03
1.840000e-06	6.290938e-09	2.753313e-08	4.487266e+01	1.636078e+03
1.850000e-06	6.247452e-09	2.751212e-08	4.456247e+01	1.634126e+03
1.860000e-06	6.201810e-09	2.746683e-08	4.423691e+01	1.632107e+03
1.870000e-06	6.153759e-09	2.736743e-08	4.389417e+01	1.630043e+03
1.880000e-06	6.103534e-09	2.742070e-08	4.353592e+01	1.627939e+03
1.890000e-06	6.050868e-09	2.735658e-08	4.316025e+01	1.625784e+03
1.900000e-06	5.995679e-09	2.731979e-08	4.276660e+01	1.623556e+03
1.910000e-06	5.938363e-09	2.729031e-08	4.235777e+01	1.621232e+03
1.920000e-06	5.878887e-09	2.721064e-08	4.193353e+01	1.618791e+03
1.930000e-06	5.817256e-09	2.722555e-08	4.149392e+01	1.616225e+03
1.940000e-06	5.753479e-09	2.712147e-08	4.103900e+01	1.613534e+03
1.950000e-06	5.687685e-09	2.707096e-08	4.056970e+01	1.610725e+03
1.960000e-06	5.619870e-09	2.704514e-08	4.008598e+01	1.607806e+03
1.970000e-06	5.549752e-09	2.699599e-08	3.958583e+01	1.604784e+03
1.980000e-06	5.477541e-09	2.697016e-08	3.907076e+01	1.601660e+03
1.990000e-06	5.403370e-09	2.685355e-08	3.854171e+01	1.598432e+03
2.000000e-06	5.327114e-09	2.683451e-08	3.799778e+01	1.595098e+03
2.010000e-06	5.248727e-09	2.677517e-08	3.743865e+01	1.591652e+03
2.020000e-06	5.168382e-09	2.670750e-08	3.686556e+01	1.588091e+03
2.030000e-06	5.086322e-09	2.664322e-08	3.628023e+01	1.584410e+03
2.040000e-06	5.002439e-09	2.656468e-08	3.568190e+01	1.580606e+03
2.050000e-06	4.916672e-09	2.653819e-08	3.507013e+01	1.576672e+03
2.060000e-06	4.829066e-09	2.644501e-08	3.444525e+01	1.572601e+03
2.070000e-06	4.739822e-09	2.636981e-08	3.380867e+01	1.568390e+03
2.080000e-06	4.649018e-09	2.628704e-08	3.316098e+01	1.564037e+03
2.090000e-06	4.556540e-09	2.623084e-08	3.250134e+01	1.559548e+03
2.100000e-06	4.462348e-09	2.616091e-08	3.182948e+01	1.554930e+03
2.110000e-06	4.366532e-09	2.605680e-08	3.114603e+01	1.550192e+03
2.120000e-06	4.269284e-09	2.597862e-08	3.045237e+01	1.545340e+03
2.130000e-06	4.170607e-09	2.589789e-08	2.974852e+01	1.540372e+03
2.140000e-06	4.070416e-09	2.582004e-08	2.903386e+01	1.535278e+03
2.150000e-06	3.968622e-09	2.571434e-08	2.830778e+01	1.530042e+03
2.160000e-06	3.865261e-09	2.562433e-08	2.757051e+01	1.524646e+03
2.170000e-06	3.760516e-09	2.554188e-08	2.682338e+01	1.519077e+03
2.180000e-06	3.654553e-09	2.544918e-08	2.606755e+01	1.513328e+03
2.190000e-06	3.547440e-09	2.533741e-08	2.530353e+01	1.507401e+03
2.200000e-06	3.439099e-09	2.522399e-08	2.453073e+01	1.501305e+03
2.210000e-06	3.329487e-09	2.512635e-08	2.374889e+01	1.495047e+03
2.220000e-06	3.218568e-09	2.502384e-08	2.295771e+01	1.488635e+03
2.230000e-06	3.106451e-09	2.490809e-08	2.215799e+01	1.482062e+03
2.240000e-06	2.993218e-09	2.478797e-08	2.135030e+01	1.475319e+03
2.250000e-06	2.878837e-09	2.467986e-08	2.053444e+01	1.468387e+03
2.260000e-06	2.763291e-09	2.456219e-08	1.971026e+01	1.461248e+03
2.270000e-06	2.646598e-09	2.443102e-08	1.887790e+01	1.453889e+03
2.280000e-06	2.528855e-09	2.429235e-08	1.803805e+01	1.446303e+03
2.290000e-06	2.410102e-09	2.416591e-08	1.719100e+01	1.438488e+03
2.300000e-06	2.290427e-09	2.403662e-08	1.633737e+01	1.430446e+03
2.310000e-06	2.169939e-09	2.389281e-08	1.547794e+01	1.422176e+03
2.320000e-06	2.048747e-09	2.374322e-08	1.461349e+01	1.413673e+03
2.330000e-06	1.926902e-09	2.359988e-08	1.374438e+01	1.404930e+03
2.340000e-06	1.804428e-09	2.345662e-08	1.287078e+01	1.395932e+03
2.350000e-06	1.681336e-09	2.329428e-08	1.199278e+01	1.386669e+03
2.360000e-06	1.557617e-09	2.312551e-08	1.111030e+01	1.377133e+03
2.370000e-06	1.433283e-09	2.296133e-08	1.022344e+01	1.367318e+03
2.380000e-06	1.308408e-09	2.279781e-08	9.332720e+00	1.357220e+03
2.390000e-06	1.183090e-09	2.261958e-08	8.438839e+00	1.346833e+03
2.400000e-06	1.057378e-09	2.243200e-08	7.542147e+00	1.336141e+03
2.410000e-06	9.313001e-10	2.224853e-08	6.642844e+00	1.325127e+03
2.420000e-06	8.048694e-10	2.206455e-08	5.741027e+00	1.313765e+03
2.430000e-06	6.781209e-10	2.186790e-08	4.836941e+00	1.302031e+03
2.440000e-06	5.511297e-10	2.165828e-08	3.931125e+00	1.289905e+03
2.450000e-06	4.239294e-10	2.144685e-08	3.023817e+00	1.277372e+03
2.460000e-06	2.965353e-10	2.123397e-08	2.115127e+00	1.264418e+03
2.470000e-06	1.690122e-10	2.100599e-08	1.205516e+00	1.251018e+03
2.480000e-06	4.142112e-11	2.076567e-08	2.954207e-01	1.237134e+03
2.490000e-06	-8.618008e-11	2.052175e-08	-6.147469e-01	1.222700e+03
2.500000e-06	-2.137353e-10	2.027439e-08	-1.524586e+00	1.207633e+03
2.510000e-06	-3.412128e-10	2.001193e-08	-2.433871e+00	1.191836e+03
2.520000e-06	-4.685353e-10	1.972912e-08	-3.342051e+00	1.175213e+03
2.530000e-06	-5.956205e-10	1.943395e-08	-4.248537e+00	1.157691e+03
2.540000e-06	-7.224603e-10	1.912524e-08	-5.153274e+00	1.139215e+03
2.550000e-06	-8.490350e-10	1.879655e-08	-6.056118e+00	1.119754e+03
2.560000e-06	-9.752784e-10	1.844553e-08	-6.956600e+00	1.099272e+03
2.570000e-06	-1.101154e-09	1.808122e-08	-7.854458e+00	1.077707e+03
2.580000e-06	-1.226658e-09	1.770432e-08	-8.749664e+00	1.054939e+03
2.590000e-06	-1.351764e-09	1.730397e-08	-9.642034e+00	1.030769e+03
2.600000e-06	-1.476362e-09	1.686943e-08	-1.053077e+01	1.004913e+03
2.610000e-06	-1.600339e-09	1.639866e-08	-1.141509e+01	9.769999e+02
2.620000e-06	-1.723654e-09	1.589071e-08	-1.229469e+01	9.465746e+02
2.630000e-06	-1.846307e-09	1.533235e-08	-1.316956e+01	9.130909e+02
2.640000e-06	-1.968311e-09	1.470655e-08	-1.403980e+01	8.758871e+02
2.650000e-06	-2.089664e-09	1.400492e-08	-1.490540e+01	8.341461e+02
2.660000e-06	-2.210331e-09	1.321740e-08	-1.576611e+01	7.868531e+02
2.670000e-06	-2.330221e-09	1.231974e-08	-1.662127e+01	7.327776e+02
2.680000e-06	-2.449211e-09	1.128391e-08	-1.747002e+01	6.705067e+02
2.690000e-06	-2.567235e-09	1.008789e-08	-1.831187e+01	5.985555e+02
2.700000e-06	-2.684268e-09	8.710958e-09	-1.914666e+01	5.155588e+02
2.710000e-06	-2.800213e-09	7.127365e-09	-1.997368e+01	4.205264e+02
2.720000e-06	-2.914998e-09	5.326016e-09	-2.079243e+01	3.131185e+02
2.730000e-06	-3.028583e-09	3.327704e-09	-2.160262e+01	1.938790e+02
2.740000e-06	-3.140938e-09	1.173101e-09	-2.240403e+01	6.436543e+01
2.750000e-06	-3.252032e-09	-1.097084e-09	-2.319646e+01	-7.287431e+01
2.760000e-06	-3.361844e-09	-3.440161e-09	-2.397974e+01	-2.144929e+02
2.770000e-06	-3.470491e-09	-5.812346e-09	-2.475470e+01	-3.566810e+02
2.780000e-06	-3.578038e-09	-8.158163e-09	-2.552182e+01	-4.955920e+02
2.790000e-06	-3.684442e-09	-1.040151e-08	-2.628080e+01	-6.277732e+02
2.800000e-06	-3.789638e-09	-1.247933e-08	-2.703115e+01	-7.505192e+02
2.810000e-06	-3.893455e-09	-1.436179e-08	-2.777167e+01	-8.620833e+02
2.820000e-06	-3.995778e-09	-1.603938e-08	-2.850153e+01	-9.617170e+02
2.830000e-06	-4.096598e-09	-1.751905e-08	-2.922067e+01	-1.049549e+03
2.840000e-06	-4.195944e-09	-1.882047e-08	-2.992929e+01	-1.126349e+03
2.850000e-06	-4.293892e-09	-1.996166e-08	-3.062795e+01	-1.193249e+03
2.860000e-06	-4.390436e-09	-2.095634e-08	-3.131658e+01	-1.251478e+03
2.870000e-06	-4.485438e-09	-2.182005e-08	-3.199422e+01	-1.302181e+03
2.880000e-06	-4.578795e-09	-2.257146e-08	-3.266013e+01	-1.346320e+03
2.890000e-06	-4.670493e-09	-2.322408e-08	-3.331420e+01	-1.384670e+03
2.900000e-06	-4.760547e-09	-2.378631e-08	-3.395655e+01	-1.417872e+03
2.910000e-06	-4.848947e-09	-2.426883e-08	-3.458710e+01	-1.446500e+03
2.920000e-06	-4.935581e-09	-2.468476e-08	-3.520505e+01	-1.471116e+03
2.930000e-06	-5.020370e-09	-2.504539e-08	-3.580984e+01	-1.492286e+03
2.940000e-06	-5.103393e-09	-2.535778e-08	-3.640204e+01	-1.510564e+03
2.950000e-06	-5.184716e-09	-2.562972e-08	-3.698210e+01	-1.526458e+03
2.960000e-06	-5.264206e-09	-2.587026e-08	-3.754910e+01	-1.540388e+03
2.970000e-06	-5.341631e-09	-2.608323e-08	-3.810137e+01	-1.552668e+03
2.980000e-06	-5.416913e-09	-2.626920e-08	-3.863834e+01	-1.563514e+03
2.990000e-06	-5.490191e-09	-2.642961e-08	-3.916102e+01	-1.573076e+03
3.000000e-06	-5.561529e-09	-2.656946e-08	-3.966987e+01	-1.581472e+03
3.010000e-06	-5.630805e-09	-2.669426e-08	-4.016401e+01	-1.588824e+03
3.020000e-06	-5.698014e-09	-2.680574e-08	-4.064341e+01	-1.595276e+03
3.030000e-06	-5.763305e-09	-2.690478e-08	-4.110912e+01	-1.600986e+03
3.040000e-06	-5.826648e-09	-2.699527e-08	-4.156094e+01	-1.606109e+03
3.050000e-06	-5.887829e-09	-2.707955e-08	-4.199734e+01	-1.610771e+03
3.060000e-06	-5.946819e-09	-2.715535e-08	-4.241811e+01	-1.615051e+03
3.070000e-06	-6.003753e-09	-2.722140e-08	-4.282421e+01	-1.618986e+03
3.080000e-06	-6.058580e-09	-2.728091e-08	-4.321529e+01	-1.622579e+03
3.090000e-06	-6.111039e-09	-2.733495e-08	-4.358948e+01	-1.625823e+03
3.100000e-06	-6.160965e-09	-2.738386e-08	-4.394559e+01	-1.628726e+03
3.110000e-06	-6.208361e-09	-2.742793e-08	-4.428366e+01	-1.631316e+03
3.120000e-06	-6.253514e-09	-2.746958e-08	-4.460574e+01	-1.633647e+03
3.130000e-06	-6.296736e-09	-2.751059e-08	-4.491403e+01	-1.635779e+03
3.140000e-06	-6.337948e-09	-2.754822e-08	-4.520799e+01	-1.637763e+03
3.150000e-06	-6.376997e-09	-2.757996e-08	-4.548652e+01	-1.639623e+03
3.160000e-06	-6.413732e-09	-2.760761e-08	-4.574855e+01	-1.641358e+03
3.170000e-06	-6.448195e-09	-2.763364e-08	-4.599437e+01	-1.642946e+03
3.180000e-06	-6.480462e-09	-2.765780e-08	-4.622453e+01	-1.644359e+03
3.190000e-06	-6.510337e-09	-2.768048e-08	-4.643762e+01	-1.645584e+03
3.200000e-06	-6.537813e-09	-2.770107e-08	-4.663360e+01	-1.646630e+03
3.210000e-06	-6.563054e-09	-2.772066e-08	-4.681365e+01	-1.647528e+03
3.220000e-06	-6.585985e-09	-2.773788e-08	-4.697721e+01	-1.648320e+03
3.230000e-06	-6.606496e-09	-2.775174e-08	-4.712351e+01	-1.649044e+03
3.240000e-06	-6.624720e-09	-2.776366e-08	-4.725351e+01	-1.649715e+03
3.250000e-06	-6.640692e-09	-2.777621e-08	-4.736743e+01	-1.650325e+03
3.260000e-06	-6.654074e-09	-2.778693e-08	-4.746288e+01	-1.650844e+03
3.270000e-06	-6.664832e-09	-2.779359e-08	-4.753962e+01	-1.651237e+03
3.280000e-06	-6.673263e-09	-2.779786e-08	-4.759976e+01	-1.651479e+03
3.290000e-06	-6.679309e-09	-2.780146e-08	-4.764288e+01	-1.651567e+03
3.300000e-06	-6.682940e-09	-2.780344e-08	-4.766878e+01	-1.651524e+03
3.310000e-06	-6.684347e-09	-2.780399e-08	-4.767882e+01	-1.651392e+03
