# Configuracion:
# Concentracion g/m^3_=_20000.0
# C_Vs_to_Am_M_A/Vsm_=_59384043850.047264
# pendiente_HvsI_1/m_=_3716.3
# ordenada_HvsI_A/m_=_1297.0
# frecuencia_ref_Hz_=_301204.92686876486
# 
Resultados:
# tau_ns_=_(2.87+/-0.04)e+02
# dphi_rad_=_6.78+/-0.01
# SAR_W/g_=_1864.50+/-45.35
# Hc_kA/m_=_21.68+/-0.33
# Mr_A/m_=_1064.30+/-47.33
# Magnetizacion_max_=_1500.37+/-33.68
# Suceptibilidad_a_M=0_=_(1.385+/-0.155)e-01

Nombre_archivo	Time_m_(s)	Temperatura_(ºC)	Mr_(A/m)	Hc_(kA/m)	Campo_max_(A/m)	Mag_max_(A/m)	f0	mag0	dphi0	SAR_(W/g)	Tau_(ns)	N	xi_M_0
300kHz_100dA_100Mss_bobN1M20-0011.txt	3.7	25.36	966.28	21.99	38460.00	1432.78	3.011400e+05	1.186617e+02	6.781504e+00	1750.62	287.540764	4649	1.094e-01
300kHz_100dA_100Mss_bobN1M20-0012.txt	4.17	28.31	985.51	22.03	38460.00	1445.82	3.011400e+05	1.200721e+02	6.784471e+00	1781.08	289.574266	4649	1.157e-01
300kHz_100dA_100Mss_bobN1M20-0013.txt	4.62	31.50	998.38	22.06	38460.00	1453.49	3.011400e+05	1.210004e+02	6.786234e+00	1800.62	290.787545	4649	1.157e-01
300kHz_100dA_100Mss_bobN1M20-0014.txt	5.07	34.70	1010.30	22.06	38460.00	1460.32	3.011400e+05	1.218195e+02	6.787500e+00	1816.98	291.661544	4649	1.216e-01
300kHz_100dA_100Mss_bobN1M20-0015.txt	5.53	37.96	1021.42	21.97	38460.00	1470.14	3.011400e+05	1.229300e+02	6.785485e+00	1826.85	290.274502	4649	1.223e-01
300kHz_100dA_100Mss_bobN1M20-0016.txt	6.0	41.30	1028.85	22.08	38460.00	1473.46	3.011400e+05	1.232723e+02	6.789761e+00	1846.18	293.222731	4649	1.286e-01
300kHz_100dA_100Mss_bobN1M20-0017.txt	6.44	44.51	1040.30	21.95	38460.00	1483.87	3.011400e+05	1.244472e+02	6.786402e+00	1852.48	290.904202	4649	1.274e-01
300kHz_100dA_100Mss_bobN1M20-0018.txt	6.92	48.02	1050.41	21.87	38460.00	1491.02	3.011400e+05	1.253209e+02	6.785104e+00	1861.08	290.012292	4649	1.309e-01
300kHz_100dA_100Mss_bobN1M20-0019.txt	7.87	54.69	1068.03	21.75	38460.00	1501.75	3.011400e+05	1.267047e+02	6.783463e+00	1876.00	288.885993	4649	1.400e-01
300kHz_100dA_100Mss_bobN1M20-0020.txt	8.33	57.81	1075.67	21.69	38460.00	1508.00	3.011400e+05	1.273981e+02	6.782544e+00	1883.10	288.255651	4649	1.407e-01
300kHz_100dA_100Mss_bobN1M20-0021.txt	8.78	60.83	1080.45	21.74	38460.00	1509.82	3.011400e+05	1.276272e+02	6.784333e+00	1892.67	289.482769	4649	1.443e-01
300kHz_100dA_100Mss_bobN1M20-0022.txt	9.24	63.91	1086.51	21.68	38460.00	1515.31	3.011400e+05	1.282257e+02	6.783245e+00	1897.77	288.737149	4649	1.454e-01
300kHz_100dA_100Mss_bobN1M20-0023.txt	9.71	67.06	1092.92	21.64	38460.00	1517.44	3.011400e+05	1.286442e+02	6.782960e+00	1902.97	288.541059	4649	1.486e-01
300kHz_100dA_100Mss_bobN1M20-0024.txt	10.16	70.02	1098.70	21.51	38460.00	1525.91	3.011400e+05	1.294569e+02	6.778683e+00	1899.97	285.612345	4649	1.522e-01
300kHz_100dA_100Mss_bobN1M20-0025.txt	10.62	72.97	1103.12	21.47	38460.00	1527.32	3.011400e+05	1.297168e+02	6.778411e+00	1902.83	285.428538	4649	1.474e-01
300kHz_100dA_100Mss_bobN1M20-0026.txt	11.07	75.84	1107.33	21.41	38460.00	1531.62	3.011400e+05	1.301928e+02	6.776604e+00	1903.42	284.196689	4649	1.528e-01
300kHz_100dA_100Mss_bobN1M20-0027.txt	11.54	78.80	1111.94	21.35	38460.00	1534.11	3.011400e+05	1.305252e+02	6.775577e+00	1904.63	283.497443	4649	1.517e-01
300kHz_100dA_100Mss_bobN1M20-0028.txt	12.03	81.88	1116.09	21.27	38460.00	1536.68	3.011400e+05	1.309381e+02	6.773871e+00	1904.58	282.336835	4649	1.531e-01
300kHz_100dA_100Mss_bobN1M20-0029.txt	12.48	84.58	1120.62	21.08	38460.00	1541.60	3.011400e+05	1.315411e+02	6.768722e+00	1894.88	278.848950	4649	1.597e-01
300kHz_100dA_100Mss_bobN1M20-0030.txt	12.93	87.28	1123.25	20.98	38460.00	1546.85	3.011400e+05	1.320826e+02	6.765591e+00	1891.39	276.736752	4649	1.626e-01
