# Configuracion:
# Concentracion g/m^3_=_20000.0
# C_Vs_to_Am_M_A/Vsm_=_59384043850.047264
# pendiente_HvsI_1/m_=_3716.3
# ordenada_HvsI_A/m_=_1297.0
# frecuencia_ref_Hz_=_301170.09370720957
# 
Resultados:
# tau_ns_=_(2.89+/-0.06)e+02
# dphi_rad_=_6.78+/-0.01
# SAR_W/g_=_1874.99+/-47.38
# Hc_kA/m_=_21.72+/-0.41
# Mr_A/m_=_1071.71+/-51.30
# Magnetizacion_max_=_1499.21+/-38.67
# Suceptibilidad_a_M=0_=_(1.404+/-0.163)e-01

Nombre_archivo	Time_m_(s)	Temperatura_(ºC)	Mr_(A/m)	Hc_(kA/m)	Campo_max_(A/m)	Mag_max_(A/m)	f0	mag0	dphi0	SAR_(W/g)	Tau_(ns)	N	xi_M_0
300kHz_100dA_100Mss_bobN1M20-0011.txt	3.51	23.70	957.92	22.12	38460.00	1415.02	3.011400e+05	1.171621e+02	6.785946e+00	1742.59	290.607367	4649	1.117e-01
300kHz_100dA_100Mss_bobN1M20-0012.txt	3.97	26.24	982.36	22.14	38460.00	1436.16	3.011400e+05	1.193233e+02	6.787841e+00	1780.85	291.915585	4649	1.120e-01
300kHz_100dA_100Mss_bobN1M20-0013.txt	4.43	29.41	998.13	22.19	38460.00	1444.08	3.011400e+05	1.202979e+02	6.791277e+00	1806.55	294.290237	4649	1.207e-01
300kHz_100dA_100Mss_bobN1M20-0014.txt	4.91	32.77	1011.60	22.13	38460.00	1455.95	3.011400e+05	1.215772e+02	6.790284e+00	1822.50	293.603905	4649	1.218e-01
300kHz_100dA_100Mss_bobN1M20-0015.txt	5.36	36.03	1020.57	22.20	38460.00	1460.50	3.011400e+05	1.221083e+02	6.792980e+00	1839.34	295.470976	4649	1.238e-01
300kHz_100dA_100Mss_bobN1M20-0016.txt	5.81	39.31	1030.94	22.15	38460.00	1466.82	3.011400e+05	1.229080e+02	6.792735e+00	1850.58	295.300081	4649	1.267e-01
300kHz_100dA_100Mss_bobN1M20-0017.txt	6.28	42.69	1042.06	22.04	38460.00	1478.69	3.011400e+05	1.241188e+02	6.789857e+00	1859.18	293.308080	4649	1.279e-01
300kHz_100dA_100Mss_bobN1M20-0018.txt	6.73	45.88	1049.96	22.10	38460.00	1480.31	3.011400e+05	1.244450e+02	6.793001e+00	1874.61	295.485433	4649	1.290e-01
300kHz_100dA_100Mss_bobN1M20-0019.txt	7.7	52.63	1067.84	21.96	38460.00	1493.11	3.011400e+05	1.259909e+02	6.790564e+00	1889.62	293.798712	4649	1.362e-01
300kHz_100dA_100Mss_bobN1M20-0020.txt	8.17	55.86	1075.71	21.89	38460.00	1501.03	3.011400e+05	1.268100e+02	6.788884e+00	1896.16	292.638392	4649	1.400e-01
300kHz_100dA_100Mss_bobN1M20-0021.txt	8.64	59.05	1083.16	21.85	38460.00	1502.50	3.011400e+05	1.271896e+02	6.789053e+00	1902.41	292.753750	4649	1.434e-01
300kHz_100dA_100Mss_bobN1M20-0022.txt	9.09	62.09	1089.90	21.73	38460.00	1510.24	3.011400e+05	1.280134e+02	6.785649e+00	1902.96	290.408708	4649	1.448e-01
300kHz_100dA_100Mss_bobN1M20-0023.txt	9.55	65.13	1095.46	21.68	38460.00	1517.18	3.011400e+05	1.286679e+02	6.784018e+00	1907.01	289.288122	4649	1.469e-01
300kHz_100dA_100Mss_bobN1M20-0024.txt	10.01	68.16	1101.97	21.58	38460.00	1520.74	3.011400e+05	1.292007e+02	6.782015e+00	1907.89	287.914680	4649	1.468e-01
300kHz_100dA_100Mss_bobN1M20-0025.txt	10.47	71.16	1105.52	21.60	38460.00	1520.91	3.011400e+05	1.293086e+02	6.783286e+00	1913.94	288.786134	4649	1.472e-01
300kHz_100dA_100Mss_bobN1M20-0026.txt	10.92	74.08	1111.15	21.49	38460.00	1527.57	3.011400e+05	1.299909e+02	6.780606e+00	1914.60	286.948754	4649	1.495e-01
300kHz_100dA_100Mss_bobN1M20-0027.txt	11.4	77.08	1115.36	21.40	38460.00	1528.95	3.011400e+05	1.303216e+02	6.778223e+00	1911.03	285.320293	4649	1.525e-01
300kHz_100dA_100Mss_bobN1M20-0028.txt	11.85	79.87	1120.32	21.30	38460.00	1535.58	3.011400e+05	1.310000e+02	6.775627e+00	1911.74	283.552555	4649	1.558e-01
300kHz_100dA_100Mss_bobN1M20-0029.txt	12.31	82.69	1124.47	21.17	38460.00	1540.53	3.011400e+05	1.315330e+02	6.771954e+00	1906.36	281.055915	4649	1.613e-01
300kHz_100dA_100Mss_bobN1M20-0030.txt	12.77	85.50	1128.10	21.10	38460.00	1545.39	3.011400e+05	1.320034e+02	6.769882e+00	1905.72	279.654429	4649	1.644e-01
300kHz_100dA_100Mss_bobN1M20-0031.txt	13.21	88.18	1131.26	21.02	38460.00	1548.92	3.011400e+05	1.323954e+02	6.767518e+00	1902.84	278.055762	4649	1.664e-01
300kHz_100dA_100Mss_bobN1M20-0032.txt	13.66	90.93	1133.91	20.94	38460.00	1552.54	3.011400e+05	1.327899e+02	6.765520e+00	1901.26	276.708108	4649	1.603e-01
