# Configuracion:
# Concentracion g/m^3_=_20000.0
# C_Vs_to_Am_M_A/Vsm_=_59384043850.047264
# pendiente_HvsI_1/m_=_3716.3
# ordenada_HvsI_A/m_=_1297.0
# frecuencia_ref_Hz_=_301404.7962498652
# 
Resultados:
# tau_ns_=_(2.33+/-0.09)e+02
# dphi_rad_=_6.70+/-0.01
# SAR_W/g_=_2239.54+/-53.07
# Hc_kA/m_=_22.83+/-0.67
# Mr_A/m_=_1231.75+/-14.46
# Magnetizacion_max_=_1653.69+/-6.86
# Suceptibilidad_a_M=0_=_(1.715+/-0.090)e-01

Nombre_archivo	Time_m_(s)	Temperatura_(ºC)	Mr_(A/m)	Hc_(kA/m)	Campo_max_(A/m)	Mag_max_(A/m)	f0	mag0	dphi0	SAR_(W/g)	Tau_(ns)	N	xi_M_0
300kHz_125dA_100Mss_bobN1M20-0008.txt	3.4	29.04	1196.46	23.74	47750.75	1640.24	3.013994e+05	1.421966e+02	6.714628e+00	2280.86	243.088332	4645	1.507e-01
300kHz_125dA_100Mss_bobN1M20-0009.txt	3.87	33.32	1209.14	23.56	47750.75	1646.03	3.013994e+05	1.431046e+02	6.711736e+00	2281.00	241.240777	4645	1.582e-01
300kHz_125dA_100Mss_bobN1M20-0010.txt	4.34	37.63	1216.14	23.57	47750.75	1645.29	3.013994e+05	1.432532e+02	6.713338e+00	2291.37	242.265298	4645	1.612e-01
300kHz_125dA_100Mss_bobN1M20-0011.txt	4.81	41.95	1221.58	23.55	47750.75	1647.54	3.013994e+05	1.435757e+02	6.713523e+00	2297.45	242.382916	4645	1.641e-01
300kHz_125dA_100Mss_bobN1M20-0012.txt	5.3	46.40	1227.73	23.31	47750.75	1649.49	3.013994e+05	1.441004e+02	6.708757e+00	2281.88	239.342694	4645	1.691e-01
300kHz_125dA_100Mss_bobN1M20-0013.txt	5.78	50.72	1231.84	23.22	47750.75	1651.50	3.013994e+05	1.444219e+02	6.706857e+00	2277.38	238.135263	4645	1.696e-01
300kHz_125dA_100Mss_bobN1M20-0014.txt	6.23	54.68	1235.40	23.11	47750.75	1653.07	3.013994e+05	1.446921e+02	6.704831e+00	2271.39	236.848985	4645	1.758e-01
300kHz_125dA_100Mss_bobN1M20-0015.txt	6.69	58.63	1237.32	22.85	47750.75	1654.52	3.013994e+05	1.450214e+02	6.699387e+00	2248.89	233.404603	4645	1.725e-01
300kHz_125dA_100Mss_bobN1M20-0016.txt	7.16	62.66	1241.49	22.88	47750.75	1656.27	3.013994e+05	1.452255e+02	6.700223e+00	2256.32	233.932868	4645	1.751e-01
300kHz_125dA_100Mss_bobN1M20-0017.txt	7.62	66.57	1240.87	22.55	47750.75	1656.27	3.013994e+05	1.454405e+02	6.693213e+00	2223.85	229.517786	4645	1.803e-01
300kHz_125dA_100Mss_bobN1M20-0018.txt	8.08	70.46	1244.56	22.58	47750.75	1656.91	3.013994e+05	1.455614e+02	6.694311e+00	2231.32	230.208685	4645	1.795e-01
300kHz_125dA_100Mss_bobN1M20-0019.txt	9.0	78.10	1248.09	22.26	47750.75	1662.88	3.013994e+05	1.462237e+02	6.687419e+00	2205.98	225.890199	4645	1.753e-01
300kHz_125dA_100Mss_bobN1M20-0020.txt	9.45	81.70	1246.31	22.00	47750.75	1664.04	3.013994e+05	1.464234e+02	6.681374e+00	2177.74	222.124481	4645	1.800e-01
300kHz_125dA_100Mss_bobN1M20-0021.txt	9.91	85.38	1243.30	21.77	47750.75	1663.92	3.013994e+05	1.464524e+02	6.676109e+00	2150.88	218.859209	4645	1.822e-01
300kHz_125dA_100Mss_bobN1M20-0022.txt	10.37	88.58	1236.01	21.55	47750.75	1657.37	3.013994e+05	1.459571e+02	6.670937e+00	2116.82	215.665574	4645	1.790e-01
