# Configuracion:
# Concentracion g/m^3_=_20000.0
# C_Vs_to_Am_M_A/Vsm_=_59384043850.047264
# pendiente_HvsI_1/m_=_3716.3
# ordenada_HvsI_A/m_=_1297.0
# frecuencia_ref_Hz_=_301648.86655447487
# 
Resultados:
# tau_ns_=_(1.71+/-0.08)e+02
# dphi_rad_=_6.60+/-0.01
# SAR_W/g_=_2000.72+/-128.95
# Hc_kA/m_=_21.74+/-0.81
# Mr_A/m_=_1138.77+/-30.51
# Magnetizacion_max_=_1602.73+/-37.70
# Suceptibilidad_a_M=0_=_(1.451+/-0.014)e-01

Nombre_archivo	Time_m_(s)	Temperatura_(ºC)	Mr_(A/m)	Hc_(kA/m)	Campo_max_(A/m)	Mag_max_(A/m)	f0	mag0	dphi0	SAR_(W/g)	Tau_(ns)	N	xi_M_0
300kHz_150dA_100Mss_bobN1M20-0011.txt	3.52	26.12	1182.66	23.03	57041.50	1663.81	3.016591e+05	1.463199e+02	6.617708e+00	2203.06	183.384778	4641	1.447e-01
300kHz_150dA_100Mss_bobN1M20-0012.txt	3.98	30.03	1178.32	22.79	57041.50	1657.63	3.016591e+05	1.459053e+02	6.613531e+00	2170.41	180.918205	4641	1.443e-01
300kHz_150dA_100Mss_bobN1M20-0013.txt	4.43	34.37	1173.21	22.66	57041.50	1644.45	3.016591e+05	1.449214e+02	6.612315e+00	2148.13	180.201896	4641	1.463e-01
300kHz_150dA_100Mss_bobN1M20-0014.txt	4.88	38.74	1162.93	22.32	57041.50	1632.07	3.016591e+05	1.440098e+02	6.606581e+00	2098.74	176.828287	4641	1.479e-01
300kHz_150dA_100Mss_bobN1M20-0015.txt	5.38	43.51	1156.36	22.20	57041.50	1620.34	3.016591e+05	1.430632e+02	6.604718e+00	2073.35	175.735447	4641	1.451e-01
300kHz_150dA_100Mss_bobN1M20-0016.txt	5.86	48.07	1149.89	22.06	57041.50	1613.12	3.016591e+05	1.424165e+02	6.601835e+00	2046.11	174.048765	4641	1.434e-01
300kHz_150dA_100Mss_bobN1M20-0017.txt	6.31	52.19	1147.04	21.99	57041.50	1605.85	3.016591e+05	1.419025e+02	6.601182e+00	2034.69	173.667754	4641	1.466e-01
300kHz_150dA_100Mss_bobN1M20-0018.txt	6.77	56.33	1139.60	21.78	57041.50	1598.72	3.016591e+05	1.413584e+02	6.597340e+00	2003.21	171.423005	4641	1.438e-01
300kHz_150dA_100Mss_bobN1M20-0019.txt	7.69	64.61	1131.22	21.53	57041.50	1589.46	3.016591e+05	1.405663e+02	6.592718e+00	1963.63	168.731589	4641	1.458e-01
300kHz_150dA_100Mss_bobN1M20-0020.txt	8.15	68.74	1121.38	21.16	57041.50	1582.80	3.016591e+05	1.400352e+02	6.585961e+00	1914.83	164.810260	4641	1.470e-01
300kHz_150dA_100Mss_bobN1M20-0021.txt	8.62	72.92	1115.50	20.99	57041.50	1577.39	3.016591e+05	1.395977e+02	6.582595e+00	1888.27	162.862980	4641	1.426e-01
300kHz_150dA_100Mss_bobN1M20-0022.txt	9.07	76.87	1109.95	20.88	57041.50	1568.44	3.016591e+05	1.388556e+02	6.581081e+00	1869.02	161.988976	4641	1.450e-01
300kHz_150dA_100Mss_bobN1M20-0023.txt	9.53	80.59	1098.50	20.71	57041.50	1555.60	3.016591e+05	1.377666e+02	6.577721e+00	1834.06	160.052098	4641	1.441e-01
300kHz_150dA_100Mss_bobN1M20-0024.txt	9.99	84.32	1076.23	20.32	57041.50	1528.58	3.016591e+05	1.354586e+02	6.570874e+00	1762.59	156.113537	4641	1.453e-01
