# Temperatura_=_53.081136363636375
# Concentracion g/m^3_=_22000.0
# C_Vs_to_Am_M_A/Vsm_=_59384043850.047264
# pendiente_HvsI_1/m_=_3716.3
# ordenada_HvsI_A/m_=_1297.0
# frecuencia_Hz_=_301172.60795970657
# Promedio de 44 ciclos

Tiempo_(s)	Campo_(V.s)	Magnetizacion_(V.s)	Campo_(kA/m)	Magnetizacion_(A/m)
0.000000e+00	-5.338325e-09	-1.801716e-08	-3.825254e+01	-1.070350e+03
1.000000e-08	-5.336328e-09	-1.801783e-08	-3.823823e+01	-1.070462e+03
2.000000e-08	-5.332429e-09	-1.801666e-08	-3.821029e+01	-1.070349e+03
3.000000e-08	-5.326861e-09	-1.801202e-08	-3.817039e+01	-1.070015e+03
4.000000e-08	-5.319693e-09	-1.800164e-08	-3.811903e+01	-1.069452e+03
5.000000e-08	-5.310832e-09	-1.798484e-08	-3.805554e+01	-1.068651e+03
6.000000e-08	-5.299975e-09	-1.796951e-08	-3.797774e+01	-1.067602e+03
7.000000e-08	-5.287107e-09	-1.795738e-08	-3.788553e+01	-1.066305e+03
8.000000e-08	-5.272205e-09	-1.792307e-08	-3.777875e+01	-1.064768e+03
9.000000e-08	-5.254889e-09	-1.786530e-08	-3.765467e+01	-1.063013e+03
1.000000e-07	-5.235292e-09	-1.783130e-08	-3.751425e+01	-1.061068e+03
1.100000e-07	-5.213854e-09	-1.782130e-08	-3.736063e+01	-1.058962e+03
1.200000e-07	-5.190842e-09	-1.781685e-08	-3.719573e+01	-1.056724e+03
1.300000e-07	-5.166623e-09	-1.780461e-08	-3.702220e+01	-1.054372e+03
1.400000e-07	-5.141051e-09	-1.770797e-08	-3.683895e+01	-1.051914e+03
1.500000e-07	-5.113561e-09	-1.764417e-08	-3.664197e+01	-1.049350e+03
1.600000e-07	-5.084324e-09	-1.766259e-08	-3.643247e+01	-1.046666e+03
1.700000e-07	-5.053593e-09	-1.758584e-08	-3.621226e+01	-1.043849e+03
1.800000e-07	-5.020953e-09	-1.750363e-08	-3.597837e+01	-1.040882e+03
1.900000e-07	-4.986290e-09	-1.746277e-08	-3.572999e+01	-1.037755e+03
2.000000e-07	-4.949989e-09	-1.741077e-08	-3.546987e+01	-1.034461e+03
2.100000e-07	-4.912023e-09	-1.740591e-08	-3.519783e+01	-1.031001e+03
2.200000e-07	-4.872361e-09	-1.733413e-08	-3.491362e+01	-1.027381e+03
2.300000e-07	-4.830947e-09	-1.720060e-08	-3.461687e+01	-1.023609e+03
2.400000e-07	-4.787533e-09	-1.714800e-08	-3.430578e+01	-1.019692e+03
2.500000e-07	-4.742296e-09	-1.709810e-08	-3.398162e+01	-1.015635e+03
2.600000e-07	-4.695358e-09	-1.702318e-08	-3.364529e+01	-1.011436e+03
2.700000e-07	-4.646651e-09	-1.692946e-08	-3.329627e+01	-1.007091e+03
2.800000e-07	-4.595957e-09	-1.684750e-08	-3.293302e+01	-1.002591e+03
2.900000e-07	-4.543188e-09	-1.680626e-08	-3.255489e+01	-9.979283e+02
3.000000e-07	-4.488671e-09	-1.671472e-08	-3.216424e+01	-9.930973e+02
3.100000e-07	-4.432674e-09	-1.659062e-08	-3.176298e+01	-9.880983e+02
3.200000e-07	-4.375101e-09	-1.650536e-08	-3.135044e+01	-9.829378e+02
3.300000e-07	-4.315785e-09	-1.646067e-08	-3.092540e+01	-9.776275e+02
3.400000e-07	-4.254916e-09	-1.638487e-08	-3.048924e+01	-9.721813e+02
3.500000e-07	-4.192664e-09	-1.625864e-08	-3.004317e+01	-9.666115e+02
3.600000e-07	-4.129030e-09	-1.615714e-08	-2.958719e+01	-9.609252e+02
3.700000e-07	-4.063896e-09	-1.607408e-08	-2.912046e+01	-9.551216e+02
3.800000e-07	-3.997046e-09	-1.597177e-08	-2.864144e+01	-9.491928e+02
3.900000e-07	-3.928617e-09	-1.585968e-08	-2.815110e+01	-9.431249e+02
4.000000e-07	-3.858889e-09	-1.575521e-08	-2.765145e+01	-9.369026e+02
4.100000e-07	-3.787918e-09	-1.567228e-08	-2.714290e+01	-9.305132e+02
4.200000e-07	-3.715725e-09	-1.556870e-08	-2.662559e+01	-9.239499e+02
4.300000e-07	-3.642122e-09	-1.543937e-08	-2.609818e+01	-9.172136e+02
4.400000e-07	-3.566874e-09	-1.531595e-08	-2.555898e+01	-9.103116e+02
4.500000e-07	-3.490104e-09	-1.520385e-08	-2.500888e+01	-9.032545e+02
4.600000e-07	-3.412008e-09	-1.508748e-08	-2.444927e+01	-8.960523e+02
4.700000e-07	-3.332588e-09	-1.495618e-08	-2.388017e+01	-8.887109e+02
4.800000e-07	-3.251805e-09	-1.483735e-08	-2.330131e+01	-8.812300e+02
4.900000e-07	-3.169764e-09	-1.472264e-08	-2.271344e+01	-8.736031e+02
5.000000e-07	-3.086623e-09	-1.459240e-08	-2.211768e+01	-8.658201e+02
5.100000e-07	-3.002553e-09	-1.444501e-08	-2.151526e+01	-8.578703e+02
5.200000e-07	-2.917650e-09	-1.430142e-08	-2.090688e+01	-8.497457e+02
5.300000e-07	-2.831837e-09	-1.417193e-08	-2.029197e+01	-8.414424e+02
5.400000e-07	-2.745079e-09	-1.403449e-08	-1.967029e+01	-8.329614e+02
5.500000e-07	-2.657455e-09	-1.388387e-08	-1.904241e+01	-8.243061e+02
5.600000e-07	-2.568982e-09	-1.373418e-08	-1.840844e+01	-8.154802e+02
5.700000e-07	-2.479512e-09	-1.358997e-08	-1.776734e+01	-8.064847e+02
5.800000e-07	-2.388913e-09	-1.343329e-08	-1.711814e+01	-7.973170e+02
5.900000e-07	-2.297321e-09	-1.326373e-08	-1.646182e+01	-7.879703e+02
6.000000e-07	-2.204977e-09	-1.310175e-08	-1.580011e+01	-7.784357e+02
6.100000e-07	-2.111946e-09	-1.295117e-08	-1.513349e+01	-7.687040e+02
6.200000e-07	-2.018185e-09	-1.279147e-08	-1.446163e+01	-7.587681e+02
6.300000e-07	-1.923706e-09	-1.261394e-08	-1.378463e+01	-7.486236e+02
6.400000e-07	-1.828587e-09	-1.243498e-08	-1.310304e+01	-7.382693e+02
6.500000e-07	-1.732883e-09	-1.226006e-08	-1.241726e+01	-7.277053e+02
6.600000e-07	-1.636582e-09	-1.207592e-08	-1.172720e+01	-7.169313e+02
6.700000e-07	-1.539641e-09	-1.188220e-08	-1.103255e+01	-7.059450e+02
6.800000e-07	-1.442027e-09	-1.169607e-08	-1.033309e+01	-6.947411e+02
6.900000e-07	-1.343727e-09	-1.151767e-08	-9.628711e+00	-6.833112e+02
7.000000e-07	-1.244808e-09	-1.132825e-08	-8.919888e+00	-6.716447e+02
7.100000e-07	-1.145400e-09	-1.112131e-08	-8.207567e+00	-6.597302e+02
7.200000e-07	-1.045618e-09	-1.091090e-08	-7.492568e+00	-6.475566e+02
7.300000e-07	-9.455124e-10	-1.070198e-08	-6.775243e+00	-6.351136e+02
7.400000e-07	-8.451143e-10	-1.048621e-08	-6.055826e+00	-6.223923e+02
7.500000e-07	-7.444496e-10	-1.026317e-08	-5.334499e+00	-6.093848e+02
7.600000e-07	-6.435553e-10	-1.004093e-08	-4.611525e+00	-5.960843e+02
7.700000e-07	-5.424658e-10	-9.821037e-09	-3.887154e+00	-5.824836e+02
7.800000e-07	-4.412079e-10	-9.591035e-09	-3.161576e+00	-5.685752e+02
7.900000e-07	-3.398195e-10	-9.346813e-09	-2.435063e+00	-5.543492e+02
8.000000e-07	-2.383124e-10	-9.097988e-09	-1.707699e+00	-5.397920e+02
8.100000e-07	-1.367031e-10	-8.848803e-09	-9.796034e-01	-5.248838e+02
8.200000e-07	-3.503216e-11	-8.591169e-09	-2.510652e-01	-5.095974e+02
8.300000e-07	6.665202e-11	-8.321514e-09	4.775675e-01	-4.938972e+02
8.400000e-07	1.682964e-10	-8.049167e-09	1.205915e+00	-4.777414e+02
8.500000e-07	2.698788e-10	-7.775738e-09	1.933818e+00	-4.610853e+02
8.600000e-07	3.713726e-10	-7.490789e-09	2.661087e+00	-4.438878e+02
8.700000e-07	4.727369e-10	-7.188410e-09	3.387427e+00	-4.261177e+02
8.800000e-07	5.739531e-10	-6.875470e-09	4.112707e+00	-4.077594e+02
8.900000e-07	6.749968e-10	-6.556201e-09	4.836750e+00	-3.888154e+02
9.000000e-07	7.758262e-10	-6.227145e-09	5.559258e+00	-3.693048e+02
9.100000e-07	8.764075e-10	-5.885997e-09	6.279988e+00	-3.492575e+02
9.200000e-07	9.767293e-10	-5.539722e-09	6.998860e+00	-3.287049e+02
9.300000e-07	1.076770e-09	-5.192484e-09	7.715715e+00	-3.076703e+02
9.400000e-07	1.176465e-09	-4.836253e-09	8.430097e+00	-2.861611e+02
9.500000e-07	1.275723e-09	-4.465296e-09	9.141346e+00	-2.641645e+02
9.600000e-07	1.374440e-09	-4.083538e-09	9.848716e+00	-2.416491e+02
9.700000e-07	1.472504e-09	-3.695272e-09	1.055141e+01	-2.185705e+02
9.800000e-07	1.569873e-09	-3.294970e-09	1.124911e+01	-1.948799e+02
9.900000e-07	1.666581e-09	-2.878876e-09	1.194209e+01	-1.705325e+02
1.000000e-06	1.762669e-09	-2.452750e-09	1.263063e+01	-1.454934e+02
1.010000e-06	1.858162e-09	-2.022857e-09	1.331489e+01	-1.197405e+02
1.020000e-06	1.953042e-09	-1.584512e-09	1.399477e+01	-9.326265e+01
1.030000e-06	2.047267e-09	-1.128974e-09	1.466995e+01	-6.605617e+01
1.040000e-06	2.140810e-09	-6.557996e-10	1.534025e+01	-3.812112e+01
1.050000e-06	2.233690e-09	-1.716195e-10	1.600579e+01	-9.459656e+00
1.060000e-06	2.325921e-09	3.231663e-10	1.666669e+01	1.992236e+01
1.070000e-06	2.417401e-09	8.329286e-10	1.732221e+01	5.001084e+01
1.080000e-06	2.507883e-09	1.354164e-09	1.797057e+01	8.077747e+01
1.090000e-06	2.597231e-09	1.881668e-09	1.861080e+01	1.121746e+02
1.100000e-06	2.685548e-09	2.418464e-09	1.924365e+01	1.441330e+02
1.110000e-06	2.772965e-09	2.968041e-09	1.987005e+01	1.765634e+02
1.120000e-06	2.859476e-09	3.523684e-09	2.048996e+01	2.093619e+02
1.130000e-06	2.945045e-09	4.078658e-09	2.110312e+01	2.424175e+02
1.140000e-06	3.029706e-09	4.636677e-09	2.170977e+01	2.756185e+02
1.150000e-06	3.113454e-09	5.201378e-09	2.230987e+01	3.088578e+02
1.160000e-06	3.196109e-09	5.766829e-09	2.290215e+01	3.420336e+02
1.170000e-06	3.277510e-09	6.323968e-09	2.348545e+01	3.750474e+02
1.180000e-06	3.357683e-09	6.872705e-09	2.405994e+01	4.078003e+02
1.190000e-06	3.436659e-09	7.417873e-09	2.462585e+01	4.401897e+02
1.200000e-06	3.514431e-09	7.957222e-09	2.518314e+01	4.721086e+02
1.210000e-06	3.590990e-09	8.484883e-09	2.573173e+01	5.034483e+02
1.220000e-06	3.666188e-09	9.001112e-09	2.627057e+01	5.341038e+02
1.230000e-06	3.739809e-09	9.507665e-09	2.679812e+01	5.639812e+02
1.240000e-06	3.811939e-09	1.000078e-08	2.731498e+01	5.930038e+02
1.250000e-06	3.882735e-09	1.047411e-08	2.782227e+01	6.211159e+02
1.260000e-06	3.952206e-09	1.092840e-08	2.832008e+01	6.482821e+02
1.270000e-06	4.020408e-09	1.136854e-08	2.880879e+01	6.744841e+02
1.280000e-06	4.087185e-09	1.179379e-08	2.928729e+01	6.997143e+02
1.290000e-06	4.152318e-09	1.220200e-08	2.975402e+01	7.239703e+02
1.300000e-06	4.215942e-09	1.259409e-08	3.020992e+01	7.472500e+02
1.310000e-06	4.278198e-09	1.297241e-08	3.065602e+01	7.695503e+02
1.320000e-06	4.339117e-09	1.333483e-08	3.109255e+01	7.908683e+02
1.330000e-06	4.398674e-09	1.367620e-08	3.151932e+01	8.112039e+02
1.340000e-06	4.456552e-09	1.399824e-08	3.193405e+01	8.305627e+02
1.350000e-06	4.512669e-09	1.430706e-08	3.233616e+01	8.489578e+02
1.360000e-06	4.567201e-09	1.460201e-08	3.272692e+01	8.664097e+02
1.370000e-06	4.620057e-09	1.487979e-08	3.310567e+01	8.829445e+02
1.380000e-06	4.670960e-09	1.514196e-08	3.347042e+01	8.985909e+02
1.390000e-06	4.719848e-09	1.539181e-08	3.382074e+01	9.133776e+02
1.400000e-06	4.766972e-09	1.562980e-08	3.415841e+01	9.273320e+02
1.410000e-06	4.812516e-09	1.585286e-08	3.448477e+01	9.404798e+02
1.420000e-06	4.856510e-09	1.605977e-08	3.480001e+01	9.528458e+02
1.430000e-06	4.898682e-09	1.625383e-08	3.510220e+01	9.644548e+02
1.440000e-06	4.938959e-09	1.643699e-08	3.539081e+01	9.753326e+02
1.450000e-06	4.977566e-09	1.660765e-08	3.566745e+01	9.855050e+02
1.460000e-06	5.014569e-09	1.676578e-08	3.593261e+01	9.949970e+02
1.470000e-06	5.049855e-09	1.691419e-08	3.618545e+01	1.003832e+03
1.480000e-06	5.083202e-09	1.705269e-08	3.642441e+01	1.012029e+03
1.490000e-06	5.114712e-09	1.717874e-08	3.665019e+01	1.019609e+03
1.500000e-06	5.144582e-09	1.729356e-08	3.686423e+01	1.026589e+03
1.510000e-06	5.172798e-09	1.739997e-08	3.706642e+01	1.032993e+03
1.520000e-06	5.199073e-09	1.749834e-08	3.725470e+01	1.038845e+03
1.530000e-06	5.223284e-09	1.758695e-08	3.742819e+01	1.044179e+03
1.540000e-06	5.245679e-09	1.766695e-08	3.758866e+01	1.049028e+03
1.550000e-06	5.266408e-09	1.774200e-08	3.773720e+01	1.053426e+03
1.560000e-06	5.285363e-09	1.781175e-08	3.787303e+01	1.057402e+03
1.570000e-06	5.302344e-09	1.787340e-08	3.799471e+01	1.060977e+03
1.580000e-06	5.317375e-09	1.792665e-08	3.810242e+01	1.064161e+03
1.590000e-06	5.330490e-09	1.797381e-08	3.819639e+01	1.066956e+03
1.600000e-06	5.341484e-09	1.801502e-08	3.827517e+01	1.069362e+03
1.610000e-06	5.350322e-09	1.804758e-08	3.833850e+01	1.071378e+03
1.620000e-06	5.357268e-09	1.807226e-08	3.838827e+01	1.073013e+03
1.630000e-06	5.362480e-09	1.809339e-08	3.842562e+01	1.074285e+03
1.640000e-06	5.365876e-09	1.811131e-08	3.844996e+01	1.075220e+03
1.650000e-06	5.367273e-09	1.812322e-08	3.845997e+01	1.075853e+03
1.660000e-06	5.366795e-09	1.813001e-08	3.845655e+01	1.076217e+03
1.670000e-06	5.364676e-09	1.813289e-08	3.844136e+01	1.076340e+03
1.680000e-06	5.360961e-09	1.813140e-08	3.841474e+01	1.076236e+03
1.690000e-06	5.355427e-09	1.812333e-08	3.837509e+01	1.075910e+03
1.700000e-06	5.348011e-09	1.811006e-08	3.832195e+01	1.075357e+03
1.710000e-06	5.338974e-09	1.809458e-08	3.825719e+01	1.074566e+03
1.720000e-06	5.328325e-09	1.807111e-08	3.818089e+01	1.073527e+03
1.730000e-06	5.315863e-09	1.804481e-08	3.809159e+01	1.072240e+03
1.740000e-06	5.301428e-09	1.805716e-08	3.798815e+01	1.070713e+03
1.750000e-06	5.284877e-09	1.805302e-08	3.786955e+01	1.068967e+03
1.760000e-06	5.265937e-09	1.801016e-08	3.773384e+01	1.067029e+03
1.770000e-06	5.244481e-09	1.793361e-08	3.758010e+01	1.064930e+03
1.780000e-06	5.221035e-09	1.781110e-08	3.741209e+01	1.062697e+03
1.790000e-06	5.196402e-09	1.781453e-08	3.723557e+01	1.060350e+03
1.800000e-06	5.170637e-09	1.784289e-08	3.705096e+01	1.057898e+03
1.810000e-06	5.143117e-09	1.775489e-08	3.685375e+01	1.055339e+03
1.820000e-06	5.113710e-09	1.772715e-08	3.664304e+01	1.052661e+03
1.830000e-06	5.082596e-09	1.768990e-08	3.642009e+01	1.049850e+03
1.840000e-06	5.049575e-09	1.763408e-08	3.618347e+01	1.046891e+03
1.850000e-06	5.014815e-09	1.760068e-08	3.593439e+01	1.043771e+03
1.860000e-06	4.978433e-09	1.744570e-08	3.567370e+01	1.040484e+03
1.870000e-06	4.940119e-09	1.739036e-08	3.539915e+01	1.037031e+03
1.880000e-06	4.900044e-09	1.745739e-08	3.511199e+01	1.033418e+03
1.890000e-06	4.858282e-09	1.737769e-08	3.481274e+01	1.029653e+03
1.900000e-06	4.814899e-09	1.726559e-08	3.450187e+01	1.025742e+03
1.910000e-06	4.769938e-09	1.717718e-08	3.417969e+01	1.021691e+03
1.920000e-06	4.723022e-09	1.714292e-08	3.384351e+01	1.017499e+03
1.930000e-06	4.674290e-09	1.711723e-08	3.349432e+01	1.013160e+03
1.940000e-06	4.623975e-09	1.695535e-08	3.313377e+01	1.008667e+03
1.950000e-06	4.571887e-09	1.689147e-08	3.276054e+01	1.004012e+03
1.960000e-06	4.517863e-09	1.689741e-08	3.237342e+01	9.991882e+02
1.970000e-06	4.461962e-09	1.679363e-08	3.197285e+01	9.941964e+02
1.980000e-06	4.404513e-09	1.664811e-08	3.156119e+01	9.890428e+02
1.990000e-06	4.345664e-09	1.652598e-08	3.113950e+01	9.837390e+02
2.000000e-06	4.285289e-09	1.649614e-08	3.070688e+01	9.782987e+02
2.010000e-06	4.223254e-09	1.640570e-08	3.026236e+01	9.727345e+02
2.020000e-06	4.159593e-09	1.626010e-08	2.980619e+01	9.670536e+02
2.030000e-06	4.094506e-09	1.618993e-08	2.933980e+01	9.612557e+02
2.040000e-06	4.028017e-09	1.611974e-08	2.886336e+01	9.553328e+02
2.050000e-06	3.960138e-09	1.602124e-08	2.837697e+01	9.492715e+02
2.060000e-06	3.890757e-09	1.585656e-08	2.787980e+01	9.430563e+02
2.070000e-06	3.819768e-09	1.573438e-08	2.737113e+01	9.366743e+02
2.080000e-06	3.747381e-09	1.567502e-08	2.685242e+01	9.301186e+02
2.090000e-06	3.673668e-09	1.556397e-08	2.632422e+01	9.233897e+02
2.100000e-06	3.598636e-09	1.543112e-08	2.578657e+01	9.164947e+02
2.110000e-06	3.522120e-09	1.530258e-08	2.523829e+01	9.094443e+02
2.120000e-06	3.443997e-09	1.520425e-08	2.467848e+01	9.022485e+02
2.130000e-06	3.364553e-09	1.507354e-08	2.410922e+01	8.949134e+02
2.140000e-06	3.283994e-09	1.491153e-08	2.353196e+01	8.874388e+02
2.150000e-06	3.202366e-09	1.479000e-08	2.294705e+01	8.798186e+02
2.160000e-06	3.119692e-09	1.469034e-08	2.235463e+01	8.720427e+02
2.170000e-06	3.036034e-09	1.456788e-08	2.175517e+01	8.641004e+02
2.180000e-06	2.951281e-09	1.440172e-08	2.114786e+01	8.559834e+02
2.190000e-06	2.865259e-09	1.425088e-08	2.053146e+01	8.476878e+02
2.200000e-06	2.778087e-09	1.412691e-08	1.990681e+01	8.392144e+02
2.210000e-06	2.689960e-09	1.398305e-08	1.927532e+01	8.305666e+02
2.220000e-06	2.600977e-09	1.381573e-08	1.863771e+01	8.217480e+02
2.230000e-06	2.511133e-09	1.366421e-08	1.799392e+01	8.127600e+02
2.240000e-06	2.420522e-09	1.353657e-08	1.734463e+01	8.035998e+02
2.250000e-06	2.329224e-09	1.338445e-08	1.669042e+01	7.942610e+02
2.260000e-06	2.237137e-09	1.319998e-08	1.603056e+01	7.847346e+02
2.270000e-06	2.144118e-09	1.302553e-08	1.536402e+01	7.750114e+02
2.280000e-06	2.050127e-09	1.287672e-08	1.469051e+01	7.650842e+02
2.290000e-06	1.955331e-09	1.271425e-08	1.401124e+01	7.549485e+02
2.300000e-06	1.859885e-09	1.252382e-08	1.332730e+01	7.446030e+02
2.310000e-06	1.763849e-09	1.234177e-08	1.263914e+01	7.340478e+02
2.320000e-06	1.667250e-09	1.217828e-08	1.194695e+01	7.232826e+02
2.330000e-06	1.570086e-09	1.199745e-08	1.125071e+01	7.123053e+02
2.340000e-06	1.472382e-09	1.178796e-08	1.055060e+01	7.011106e+02
2.350000e-06	1.374202e-09	1.158779e-08	9.847075e+00	6.896903e+02
2.360000e-06	1.275597e-09	1.140848e-08	9.140507e+00	6.780338e+02
2.370000e-06	1.176597e-09	1.121738e-08	8.431105e+00	6.661297e+02
2.380000e-06	1.077271e-09	1.100011e-08	7.719370e+00	6.539668e+02
2.390000e-06	9.776758e-10	1.078434e-08	7.005705e+00	6.415349e+02
2.400000e-06	8.777888e-10	1.057947e-08	6.289950e+00	6.288250e+02
2.410000e-06	7.775451e-10	1.035927e-08	5.571640e+00	6.158292e+02
2.420000e-06	6.769528e-10	1.012076e-08	4.850832e+00	6.025406e+02
2.430000e-06	5.761070e-10	9.890093e-09	4.128209e+00	5.889521e+02
2.440000e-06	4.750457e-10	9.673218e-09	3.404041e+00	5.750561e+02
2.450000e-06	3.737437e-10	9.442325e-09	2.678148e+00	5.608430e+02
2.460000e-06	2.722307e-10	9.185589e-09	1.950743e+00	5.462992e+02
2.470000e-06	1.706113e-10	8.925955e-09	1.222575e+00	5.314053e+02
2.480000e-06	6.896000e-11	8.673729e-09	4.941792e-01	5.161343e+02
2.490000e-06	-3.272593e-11	8.410710e-09	-2.344652e-01	5.004509e+02
2.500000e-06	-1.344147e-10	8.129284e-09	-9.631297e-01	4.843134e+02
2.510000e-06	-2.360037e-10	7.848186e-09	-1.691079e+00	4.676773e+02
2.520000e-06	-3.374204e-10	7.573636e-09	-2.417794e+00	4.505011e+02
2.530000e-06	-4.386671e-10	7.283080e-09	-3.143292e+00	4.327531e+02
2.540000e-06	-5.397293e-10	6.965400e-09	-3.867466e+00	4.144172e+02
2.550000e-06	-6.405378e-10	6.637394e-09	-4.589824e+00	3.954952e+02
2.560000e-06	-7.410516e-10	6.311532e-09	-5.310069e+00	3.760057e+02
2.570000e-06	-8.412493e-10	5.976778e-09	-6.028050e+00	3.559783e+02
2.580000e-06	-9.411064e-10	5.625918e-09	-6.743590e+00	3.354445e+02
2.590000e-06	-1.040612e-09	5.270758e-09	-7.456617e+00	3.144283e+02
2.600000e-06	-1.139780e-09	4.917362e-09	-8.167216e+00	2.929374e+02
2.610000e-06	-1.238608e-09	4.552156e-09	-8.875381e+00	2.709600e+02
2.620000e-06	-1.337036e-09	4.165991e-09	-9.580683e+00	2.484652e+02
2.630000e-06	-1.434995e-09	3.771416e-09	-1.028262e+01	2.254089e+02
2.640000e-06	-1.532458e-09	3.376793e-09	-1.098101e+01	2.017423e+02
2.650000e-06	-1.629417e-09	2.971644e-09	-1.167578e+01	1.774202e+02
2.660000e-06	-1.725852e-09	2.547229e-09	-1.236680e+01	1.524076e+02
2.670000e-06	-1.821767e-09	2.111696e-09	-1.305410e+01	1.266818e+02
2.680000e-06	-1.917161e-09	1.672376e-09	-1.373766e+01	1.002313e+02
2.690000e-06	-2.011930e-09	1.220265e-09	-1.441674e+01	7.305215e+01
2.700000e-06	-2.105862e-09	7.455227e-10	-1.508982e+01	4.514441e+01
2.710000e-06	-2.198805e-09	2.568107e-10	-1.575582e+01	1.651014e+01
2.720000e-06	-2.290816e-09	-2.345907e-10	-1.641513e+01	-1.284500e+01
2.730000e-06	-2.382021e-09	-7.349941e-10	-1.706868e+01	-4.290731e+01
2.740000e-06	-2.472422e-09	-1.252392e-09	-1.771647e+01	-7.364910e+01
2.750000e-06	-2.561932e-09	-1.782314e-09	-1.835786e+01	-1.050235e+02
2.760000e-06	-2.650526e-09	-2.315709e-09	-1.899269e+01	-1.369619e+02
2.770000e-06	-2.738299e-09	-2.855338e-09	-1.962164e+01	-1.693758e+02
2.780000e-06	-2.825239e-09	-3.407464e-09	-2.024463e+01	-2.021618e+02
2.790000e-06	-2.911092e-09	-3.966208e-09	-2.085982e+01	-2.352088e+02
2.800000e-06	-2.995696e-09	-4.522303e-09	-2.146606e+01	-2.684052e+02
2.810000e-06	-3.079189e-09	-5.077562e-09	-2.206434e+01	-3.016436e+02
2.820000e-06	-3.161688e-09	-5.636602e-09	-2.265550e+01	-3.348221e+02
2.830000e-06	-3.243156e-09	-6.193765e-09	-2.323927e+01	-3.678420e+02
2.840000e-06	-3.323551e-09	-6.742017e-09	-2.381536e+01	-4.006046e+02
2.850000e-06	-3.402823e-09	-7.282747e-09	-2.438339e+01	-4.330075e+02
2.860000e-06	-3.480747e-09	-7.819615e-09	-2.494176e+01	-4.649438e+02
2.870000e-06	-3.557154e-09	-8.348648e-09	-2.548927e+01	-4.963047e+02
2.880000e-06	-3.632120e-09	-8.863362e-09	-2.602645e+01	-5.269850e+02
2.890000e-06	-3.705731e-09	-9.364051e-09	-2.655392e+01	-5.568903e+02
2.900000e-06	-3.778057e-09	-9.853642e-09	-2.707219e+01	-5.859433e+02
2.910000e-06	-3.849126e-09	-1.032973e-08	-2.758144e+01	-6.140872e+02
2.920000e-06	-3.918704e-09	-1.078712e-08	-2.808001e+01	-6.412863e+02
2.930000e-06	-3.986716e-09	-1.122642e-08	-2.856737e+01	-6.675215e+02
2.940000e-06	-4.053370e-09	-1.165115e-08	-2.904498e+01	-6.927853e+02
2.950000e-06	-4.118687e-09	-1.206032e-08	-2.951302e+01	-7.170747e+02
2.960000e-06	-4.182637e-09	-1.245228e-08	-2.997126e+01	-7.403880e+02
2.970000e-06	-4.245116e-09	-1.282801e-08	-3.041897e+01	-7.627221e+02
2.980000e-06	-4.305885e-09	-1.318885e-08	-3.085442e+01	-7.840739e+02
2.990000e-06	-4.365041e-09	-1.353376e-08	-3.127831e+01	-8.044432e+02
3.000000e-06	-4.422785e-09	-1.386060e-08	-3.169208e+01	-8.238353e+02
3.010000e-06	-4.479060e-09	-1.417035e-08	-3.209533e+01	-8.422632e+02
3.020000e-06	-4.533660e-09	-1.446572e-08	-3.248657e+01	-8.597471e+02
3.030000e-06	-4.586324e-09	-1.474582e-08	-3.286395e+01	-8.763128e+02
3.040000e-06	-4.637097e-09	-1.500848e-08	-3.322777e+01	-8.919891e+02
3.050000e-06	-4.686039e-09	-1.525611e-08	-3.357847e+01	-9.068047e+02
3.060000e-06	-4.733042e-09	-1.549332e-08	-3.391528e+01	-9.207871e+02
3.070000e-06	-4.778315e-09	-1.571773e-08	-3.423969e+01	-9.339620e+02
3.080000e-06	-4.822108e-09	-1.592597e-08	-3.455349e+01	-9.463541e+02
3.090000e-06	-4.864422e-09	-1.611994e-08	-3.485670e+01	-9.579884e+02
3.100000e-06	-4.905219e-09	-1.630355e-08	-3.514904e+01	-9.688905e+02
3.110000e-06	-4.944394e-09	-1.647717e-08	-3.542975e+01	-9.790863e+02
3.120000e-06	-4.981692e-09	-1.663891e-08	-3.569702e+01	-9.886009e+02
3.130000e-06	-5.017102e-09	-1.678892e-08	-3.595076e+01	-9.974573e+02
3.140000e-06	-5.050810e-09	-1.692861e-08	-3.619229e+01	-1.005676e+03
3.150000e-06	-5.082822e-09	-1.705861e-08	-3.642168e+01	-1.013276e+03
3.160000e-06	-5.112940e-09	-1.717647e-08	-3.663750e+01	-1.020276e+03
3.170000e-06	-5.141109e-09	-1.728377e-08	-3.683934e+01	-1.026699e+03
3.180000e-06	-5.167514e-09	-1.738333e-08	-3.702855e+01	-1.032569e+03
3.190000e-06	-5.192182e-09	-1.747516e-08	-3.720532e+01	-1.037919e+03
3.200000e-06	-5.214997e-09	-1.755775e-08	-3.736880e+01	-1.042783e+03
3.210000e-06	-5.235814e-09	-1.763158e-08	-3.751797e+01	-1.047196e+03
3.220000e-06	-5.254775e-09	-1.769910e-08	-3.765384e+01	-1.051185e+03
3.230000e-06	-5.272041e-09	-1.775964e-08	-3.777756e+01	-1.054773e+03
3.240000e-06	-5.287435e-09	-1.781159e-08	-3.788787e+01	-1.057969e+03
3.250000e-06	-5.300646e-09	-1.785668e-08	-3.798254e+01	-1.060777e+03
3.260000e-06	-5.311736e-09	-1.789648e-08	-3.806201e+01	-1.063196e+03
3.270000e-06	-5.320997e-09	-1.793104e-08	-3.812837e+01	-1.065224e+03
3.280000e-06	-5.328450e-09	-1.795946e-08	-3.818178e+01	-1.066872e+03
3.290000e-06	-5.333909e-09	-1.798240e-08	-3.822089e+01	-1.068154e+03
3.300000e-06	-5.337424e-09	-1.800102e-08	-3.824608e+01	-1.069100e+03
3.310000e-06	-5.339205e-09	-1.801342e-08	-3.825885e+01	-1.069742e+03
3.320000e-06	-5.339233e-09	-1.801759e-08	-3.825905e+01	-1.070114e+03
