# Configuracion:
# Concentracion g/m^3_=_22000.0
# C_Vs_to_Am_M_A/Vsm_=_59384043850.047264
# pendiente_HvsI_1/m_=_3716.3
# ordenada_HvsI_A/m_=_1297.0
# frecuencia_ref_Hz_=_301172.60795970657
# 
Resultados:
# tau_ns_=_(1.89+/-0.02)e+02
# dphi_rad_=_6.63+/-0.00
# SAR_W/g_=_797.77+/-42.50
# Hc_kA/m_=_16.18+/-0.13
# Mr_A/m_=_504.89+/-34.28
# Magnetizacion_max_=_1076.34+/-50.44
# Suceptibilidad_a_M=0_=_(4.443+/-0.405)e-02

Nombre_archivo	Time_m_(s)	Temperatura_(ºC)	Mr_(A/m)	Hc_(kA/m)	Campo_max_(A/m)	Mag_max_(A/m)	f0	mag0	dphi0	SAR_(W/g)	Tau_(ns)	N	xi_M_0
300kHz_100dA_100Mss_bobN1M19-0006.txt	2.36	21.80	420.08	15.61	38460.00	975.31	3.011400e+05	7.527044e+01	6.612878e+00	683.82	180.836840	4649	3.552e-02
300kHz_100dA_100Mss_bobN1M19-0007.txt	2.82	22.45	439.69	15.88	38460.00	995.04	3.011400e+05	7.707214e+01	6.619662e+00	714.06	184.850255	4649	3.743e-02
300kHz_100dA_100Mss_bobN1M19-0008.txt	3.31	23.69	447.89	16.00	38460.00	1000.68	3.011400e+05	7.765817e+01	6.622830e+00	726.00	186.733200	4649	3.814e-02
300kHz_100dA_100Mss_bobN1M19-0009.txt	3.76	25.13	451.74	16.08	38460.00	1002.75	3.011400e+05	7.790240e+01	6.624307e+00	731.33	187.610224	4649	3.837e-02
300kHz_100dA_100Mss_bobN1M19-0010.txt	4.21	26.57	456.30	16.12	38460.00	1007.02	3.011400e+05	7.830951e+01	6.625265e+00	737.13	188.182879	4649	3.900e-02
300kHz_100dA_100Mss_bobN1M19-0011.txt	4.66	28.01	460.80	16.13	38460.00	1014.86	3.011400e+05	7.895277e+01	6.625091e+00	742.82	188.078068	4649	3.972e-02
300kHz_100dA_100Mss_bobN1M19-0012.txt	5.12	29.69	465.32	16.16	38460.00	1019.52	3.011400e+05	7.937418e+01	6.625976e+00	748.65	188.605140	4649	3.974e-02
300kHz_100dA_100Mss_bobN1M19-0013.txt	5.58	31.94	472.53	16.30	38460.00	1019.69	3.011400e+05	7.959368e+01	6.630490e+00	760.20	191.297825	4649	4.022e-02
300kHz_100dA_100Mss_bobN1M19-0014.txt	6.03	34.10	474.85	16.28	38460.00	1025.86	3.011400e+05	8.005496e+01	6.630163e+00	763.92	191.103254	4649	4.041e-02
300kHz_100dA_100Mss_bobN1M19-0015.txt	6.49	35.57	474.79	16.22	38460.00	1030.23	3.011400e+05	8.040938e+01	6.627502e+00	761.65	189.516651	4649	4.101e-02
300kHz_100dA_100Mss_bobN1M19-0016.txt	6.94	37.01	476.35	16.24	38460.00	1030.96	3.011400e+05	8.051705e+01	6.628112e+00	763.97	189.878481	4649	4.084e-02
300kHz_100dA_100Mss_bobN1M19-0017.txt	7.4	38.48	478.26	16.22	38460.00	1035.81	3.011400e+05	8.088807e+01	6.627480e+00	766.14	189.502327	4649	4.084e-02
300kHz_100dA_100Mss_bobN1M19-0018.txt	7.88	40.02	482.54	16.26	38460.00	1039.34	3.011400e+05	8.125842e+01	6.628485e+00	771.80	190.102155	4649	4.142e-02
300kHz_100dA_100Mss_bobN1M19-0019.txt	8.8	42.80	488.75	16.28	38460.00	1046.75	3.011400e+05	8.196494e+01	6.628991e+00	779.61	190.404673	4649	4.215e-02
300kHz_100dA_100Mss_bobN1M19-0020.txt	9.24	44.14	489.35	16.26	38460.00	1049.09	3.011400e+05	8.211574e+01	6.628466e+00	779.90	190.090370	4649	4.232e-02
300kHz_100dA_100Mss_bobN1M19-0021.txt	9.73	45.66	493.25	16.29	38460.00	1052.35	3.011400e+05	8.244731e+01	6.629310e+00	784.89	190.594891	4649	4.297e-02
300kHz_100dA_100Mss_bobN1M19-0022.txt	10.21	47.11	498.18	16.28	38460.00	1059.20	3.011400e+05	8.306615e+01	6.629388e+00	790.95	190.642549	4649	4.314e-02
300kHz_100dA_100Mss_bobN1M19-0023.txt	10.67	48.44	499.00	16.27	38460.00	1062.02	3.011400e+05	8.327801e+01	6.628586e+00	791.21	190.163393	4649	4.350e-02
300kHz_100dA_100Mss_bobN1M19-0024.txt	11.13	49.76	497.72	16.31	38460.00	1057.33	3.011400e+05	8.293203e+01	6.629870e+00	790.73	190.929822	4649	4.303e-02
300kHz_100dA_100Mss_bobN1M19-0025.txt	11.58	51.02	502.08	16.28	38460.00	1066.02	3.011400e+05	8.363073e+01	6.629146e+00	795.79	190.498448	4649	4.340e-02
300kHz_100dA_100Mss_bobN1M19-0026.txt	12.03	52.28	504.02	16.26	38460.00	1071.42	3.011400e+05	8.406235e+01	6.628230e+00	797.87	189.951877	4649	4.416e-02
300kHz_100dA_100Mss_bobN1M19-0027.txt	12.48	53.54	506.13	16.28	38460.00	1072.24	3.011400e+05	8.419353e+01	6.629042e+00	800.92	190.435807	4649	4.431e-02
300kHz_100dA_100Mss_bobN1M19-0028.txt	12.93	54.80	510.77	16.26	38460.00	1079.93	3.011400e+05	8.485755e+01	6.628690e+00	806.45	190.225230	4649	4.487e-02
300kHz_100dA_100Mss_bobN1M19-0029.txt	13.38	56.03	513.24	16.27	38460.00	1082.97	3.011400e+05	8.513606e+01	6.628750e+00	809.23	190.262453	4649	4.524e-02
300kHz_100dA_100Mss_bobN1M19-0030.txt	13.86	57.32	513.38	16.25	38460.00	1083.99	3.011400e+05	8.520319e+01	6.628412e+00	809.11	190.060439	4649	4.563e-02
300kHz_100dA_100Mss_bobN1M19-0031.txt	14.32	58.56	514.72	16.26	38460.00	1086.08	3.011400e+05	8.539805e+01	6.628387e+00	810.90	190.044395	4649	4.541e-02
300kHz_100dA_100Mss_bobN1M19-0032.txt	14.81	59.89	514.50	16.25	38460.00	1087.16	3.011400e+05	8.546496e+01	6.628083e+00	810.85	189.862990	4649	4.525e-02
300kHz_100dA_100Mss_bobN1M19-0033.txt	15.27	61.13	520.56	16.24	38460.00	1095.79	3.011400e+05	8.622689e+01	6.628005e+00	817.90	189.816285	4649	4.618e-02
300kHz_100dA_100Mss_bobN1M19-0034.txt	15.73	62.37	520.54	16.26	38460.00	1093.28	3.011400e+05	8.601482e+01	6.628969e+00	818.08	190.392405	4649	4.602e-02
300kHz_100dA_100Mss_bobN1M19-0035.txt	16.19	63.61	527.72	16.20	38460.00	1108.09	3.011400e+05	8.729258e+01	6.627124e+00	825.98	189.291181	4649	4.691e-02
300kHz_100dA_100Mss_bobN1M19-0036.txt	16.65	64.85	529.29	16.19	38460.00	1111.11	3.011400e+05	8.753623e+01	6.626849e+00	827.65	189.127800	4649	4.734e-02
300kHz_100dA_100Mss_bobN1M19-0037.txt	17.1	66.07	528.93	16.18	38460.00	1110.88	3.011400e+05	8.752614e+01	6.626704e+00	827.22	189.042384	4649	4.721e-02
300kHz_100dA_100Mss_bobN1M19-0038.txt	18.04	68.60	533.02	16.18	38460.00	1118.00	3.011400e+05	8.812961e+01	6.626376e+00	832.16	188.846720	4649	4.775e-02
300kHz_100dA_100Mss_bobN1M19-0039.txt	18.49	69.77	537.26	16.14	38460.00	1126.50	3.011400e+05	8.883858e+01	6.625462e+00	836.70	188.301582	4649	4.849e-02
300kHz_100dA_100Mss_bobN1M19-0040.txt	18.94	70.94	539.73	16.14	38460.00	1129.77	3.011400e+05	8.916526e+01	6.625556e+00	840.00	188.359073	4649	4.875e-02
300kHz_100dA_100Mss_bobN1M19-0041.txt	19.42	72.23	538.50	16.15	38460.00	1128.80	3.011400e+05	8.904216e+01	6.625827e+00	839.48	188.518911	4649	4.833e-02
300kHz_100dA_100Mss_bobN1M19-0042.txt	19.89	73.50	541.91	16.14	38460.00	1133.75	3.011400e+05	8.948175e+01	6.625304e+00	842.39	188.209040	4649	4.917e-02
300kHz_100dA_100Mss_bobN1M19-0043.txt	20.33	74.62	543.07	16.10	38460.00	1138.04	3.011400e+05	8.979902e+01	6.624403e+00	843.24	187.671732	4649	4.908e-02
300kHz_100dA_100Mss_bobN1M19-0044.txt	20.78	75.75	545.58	16.12	38460.00	1140.88	3.011400e+05	9.008975e+01	6.624682e+00	846.63	187.836842	4649	4.961e-02
300kHz_100dA_100Mss_bobN1M19-0045.txt	21.24	76.90	548.20	16.09	38460.00	1146.82	3.011400e+05	9.058004e+01	6.624184e+00	850.05	187.540876	4649	4.985e-02
300kHz_100dA_100Mss_bobN1M19-0046.txt	21.74	78.15	550.17	16.08	38460.00	1149.71	3.011400e+05	9.085001e+01	6.623869e+00	851.82	187.354700	4649	5.012e-02
300kHz_100dA_100Mss_bobN1M19-0047.txt	22.2	79.30	550.79	16.09	38460.00	1151.11	3.011400e+05	9.095732e+01	6.624078e+00	853.33	187.478657	4649	4.974e-02
300kHz_100dA_100Mss_bobN1M19-0048.txt	22.65	80.42	554.09	16.07	38460.00	1157.11	3.011400e+05	9.148427e+01	6.623609e+00	857.14	187.200764	4649	5.082e-02
300kHz_100dA_100Mss_bobN1M19-0049.txt	23.1	81.55	559.56	16.03	38460.00	1165.79	3.011400e+05	9.221303e+01	6.622906e+00	862.25	186.783169	4649	5.146e-02
