# Configuracion:
# Concentracion g/m^3_=_22000.0
# C_Vs_to_Am_M_A/Vsm_=_59384043850.047264
# pendiente_HvsI_1/m_=_3716.3
# ordenada_HvsI_A/m_=_1297.0
# frecuencia_ref_Hz_=_301612.63762739196
# 
Resultados:
# tau_ns_=_(1.63+/-0.06)e+02
# dphi_rad_=_6.58+/-0.01
# SAR_W/g_=_1568.12+/-54.13
# Hc_kA/m_=_20.94+/-0.55
# Mr_A/m_=_917.18+/-11.51
# Magnetizacion_max_=_1480.81+/-14.74
# Suceptibilidad_a_M=0_=_(8.568+/-0.220)e-02

Nombre_archivo	Time_m_(s)	Temperatura_(ºC)	Mr_(A/m)	Hc_(kA/m)	Campo_max_(A/m)	Mag_max_(A/m)	f0	mag0	dphi0	SAR_(W/g)	Tau_(ns)	N	xi_M_0
300kHz_150dA_100Mss_bobN1M19-0008.txt	5.65	26.15	909.40	21.78	57041.50	1472.73	3.016591e+05	1.259051e+02	6.597918e+00	1624.91	171.760729	4641	7.983e-02
300kHz_150dA_100Mss_bobN1M19-0009.txt	6.12	28.91	914.91	21.65	57041.50	1475.76	3.016591e+05	1.263656e+02	6.595962e+00	1621.04	170.619519	4641	8.215e-02
300kHz_150dA_100Mss_bobN1M19-0010.txt	6.58	32.41	917.48	21.53	57041.50	1478.37	3.016591e+05	1.267217e+02	6.593669e+00	1614.08	169.284240	4641	8.343e-02
300kHz_150dA_100Mss_bobN1M19-0011.txt	7.04	35.91	920.49	21.40	57041.50	1480.53	3.016591e+05	1.270141e+02	6.591948e+00	1609.13	168.283876	4641	8.446e-02
300kHz_150dA_100Mss_bobN1M19-0012.txt	7.5	39.45	922.04	21.42	57041.50	1482.99	3.016591e+05	1.272221e+02	6.591969e+00	1611.87	168.296015	4641	8.522e-02
300kHz_150dA_100Mss_bobN1M19-0013.txt	7.97	43.07	925.58	21.40	57041.50	1486.35	3.016591e+05	1.275604e+02	6.591670e+00	1614.64	168.122627	4641	8.543e-02
300kHz_150dA_100Mss_bobN1M19-0014.txt	8.41	49.37	928.09	21.17	57041.50	1492.44	3.016591e+05	1.282003e+02	6.587693e+00	1602.47	165.814276	4641	8.597e-02
300kHz_150dA_100Mss_bobN1M19-0015.txt	8.88	56.32	929.92	21.05	57041.50	1495.97	3.016591e+05	1.286056e+02	6.585414e+00	1595.88	164.493150	4641	8.636e-02
300kHz_150dA_100Mss_bobN1M19-0016.txt	9.34	60.51	930.41	20.88	57041.50	1502.22	3.016591e+05	1.291290e+02	6.582035e+00	1585.00	162.539043	4641	8.644e-02
300kHz_150dA_100Mss_bobN1M19-0017.txt	9.8	63.78	928.71	20.78	57041.50	1496.57	3.016591e+05	1.287812e+02	6.580917e+00	1574.99	161.893957	4641	8.666e-02
300kHz_150dA_100Mss_bobN1M19-0018.txt	10.29	67.17	926.23	20.64	57041.50	1497.46	3.016591e+05	1.288553e+02	6.577939e+00	1560.60	160.176445	4641	8.719e-02
300kHz_150dA_100Mss_bobN1M19-0019.txt	11.2	73.24	917.06	20.52	57041.50	1483.27	3.016591e+05	1.277211e+02	6.575726e+00	1535.58	158.902359	4641	8.818e-02
300kHz_150dA_100Mss_bobN1M19-0020.txt	11.66	76.09	911.43	20.41	57041.50	1478.84	3.016591e+05	1.273623e+02	6.573287e+00	1518.86	157.499591	4641	8.843e-02
300kHz_150dA_100Mss_bobN1M19-0021.txt	12.12	78.90	905.20	20.15	57041.50	1467.15	3.016591e+05	1.265471e+02	6.569165e+00	1488.29	155.133679	4641	8.753e-02
300kHz_150dA_100Mss_bobN1M19-0022.txt	12.57	81.51	897.26	20.12	57041.50	1455.43	3.016591e+05	1.255352e+02	6.568250e+00	1471.79	154.610236	4641	8.713e-02
300kHz_150dA_100Mss_bobN1M19-0023.txt	13.03	84.06	890.66	20.09	57041.50	1446.80	3.016591e+05	1.247753e+02	6.567844e+00	1460.86	154.377277	4641	8.645e-02
