# Temperatura_=_56.053124999999994
# Concentracion g/m^3_=_22000.0
# C_Vs_to_Am_M_A/Vsm_=_59384043850.047264
# pendiente_HvsI_1/m_=_3716.3
# ordenada_HvsI_A/m_=_1297.0
# frecuencia_Hz_=_301612.63762739196
# Promedio de 16 ciclos

Tiempo_(s)	Campo_(V.s)	Magnetizacion_(V.s)	Campo_(kA/m)	Magnetizacion_(A/m)
0.000000e+00	-8.003431e-09	-2.486730e-08	-5.687491e+01	-1.475924e+03
1.000000e-08	-7.999828e-09	-2.486279e-08	-5.684930e+01	-1.475644e+03
2.000000e-08	-7.993590e-09	-2.485748e-08	-5.680497e+01	-1.475299e+03
3.000000e-08	-7.984745e-09	-2.484817e-08	-5.674211e+01	-1.474873e+03
4.000000e-08	-7.973052e-09	-2.483859e-08	-5.665901e+01	-1.474343e+03
5.000000e-08	-7.958423e-09	-2.482975e-08	-5.655506e+01	-1.473680e+03
6.000000e-08	-7.940961e-09	-2.482389e-08	-5.643096e+01	-1.472860e+03
7.000000e-08	-7.921010e-09	-2.482322e-08	-5.628919e+01	-1.471877e+03
8.000000e-08	-7.898528e-09	-2.476264e-08	-5.612942e+01	-1.470743e+03
9.000000e-08	-7.872826e-09	-2.469862e-08	-5.594677e+01	-1.469484e+03
1.000000e-07	-7.843803e-09	-2.471022e-08	-5.574053e+01	-1.468135e+03
1.100000e-07	-7.812037e-09	-2.472548e-08	-5.551479e+01	-1.466724e+03
1.200000e-07	-7.777652e-09	-2.470108e-08	-5.527044e+01	-1.465267e+03
1.300000e-07	-7.740728e-09	-2.465841e-08	-5.500803e+01	-1.463758e+03
1.400000e-07	-7.701704e-09	-2.467532e-08	-5.473072e+01	-1.462175e+03
1.500000e-07	-7.660527e-09	-2.463561e-08	-5.443810e+01	-1.460487e+03
1.600000e-07	-7.616603e-09	-2.456261e-08	-5.412597e+01	-1.458663e+03
1.700000e-07	-7.569876e-09	-2.455235e-08	-5.379391e+01	-1.456686e+03
1.800000e-07	-7.520375e-09	-2.446108e-08	-5.344213e+01	-1.454556e+03
1.900000e-07	-7.467700e-09	-2.446300e-08	-5.306781e+01	-1.452290e+03
2.000000e-07	-7.412160e-09	-2.446203e-08	-5.267312e+01	-1.449913e+03
2.100000e-07	-7.353958e-09	-2.437897e-08	-5.225952e+01	-1.447449e+03
2.200000e-07	-7.293087e-09	-2.436376e-08	-5.182695e+01	-1.444908e+03
2.300000e-07	-7.229682e-09	-2.430160e-08	-5.137637e+01	-1.442286e+03
2.400000e-07	-7.163510e-09	-2.427666e-08	-5.090613e+01	-1.439562e+03
2.500000e-07	-7.094669e-09	-2.420454e-08	-5.041692e+01	-1.436709e+03
2.600000e-07	-7.023286e-09	-2.412718e-08	-4.990965e+01	-1.433702e+03
2.700000e-07	-6.949177e-09	-2.410687e-08	-4.938301e+01	-1.430530e+03
2.800000e-07	-6.872324e-09	-2.406876e-08	-4.883686e+01	-1.427194e+03
2.900000e-07	-6.792762e-09	-2.400873e-08	-4.827147e+01	-1.423711e+03
3.000000e-07	-6.710645e-09	-2.390691e-08	-4.768792e+01	-1.420102e+03
3.100000e-07	-6.626262e-09	-2.387858e-08	-4.708827e+01	-1.416384e+03
3.200000e-07	-6.539681e-09	-2.382198e-08	-4.647299e+01	-1.412563e+03
3.300000e-07	-6.450808e-09	-2.373115e-08	-4.584143e+01	-1.408627e+03
3.400000e-07	-6.359604e-09	-2.366693e-08	-4.519331e+01	-1.404557e+03
3.500000e-07	-6.266133e-09	-2.360141e-08	-4.452907e+01	-1.400325e+03
3.600000e-07	-6.170402e-09	-2.354227e-08	-4.384878e+01	-1.395913e+03
3.700000e-07	-6.072374e-09	-2.344987e-08	-4.315216e+01	-1.391312e+03
3.800000e-07	-5.972122e-09	-2.336252e-08	-4.243973e+01	-1.386529e+03
3.900000e-07	-5.869744e-09	-2.327833e-08	-4.171220e+01	-1.381578e+03
4.000000e-07	-5.765217e-09	-2.320896e-08	-4.096940e+01	-1.376478e+03
4.100000e-07	-5.658563e-09	-2.312122e-08	-4.021148e+01	-1.371240e+03
4.200000e-07	-5.549932e-09	-2.301928e-08	-3.943952e+01	-1.365862e+03
4.300000e-07	-5.439387e-09	-2.292971e-08	-3.865395e+01	-1.360330e+03
4.400000e-07	-5.326812e-09	-2.283880e-08	-3.785395e+01	-1.354622e+03
4.500000e-07	-5.212077e-09	-2.273859e-08	-3.703861e+01	-1.348717e+03
4.600000e-07	-5.095265e-09	-2.262364e-08	-3.620851e+01	-1.342601e+03
4.700000e-07	-4.976559e-09	-2.251998e-08	-3.536494e+01	-1.336268e+03
4.800000e-07	-4.856021e-09	-2.241893e-08	-3.450836e+01	-1.329726e+03
4.900000e-07	-4.733713e-09	-2.231007e-08	-3.363920e+01	-1.322985e+03
5.000000e-07	-4.609703e-09	-2.218280e-08	-3.275795e+01	-1.316055e+03
5.100000e-07	-4.484034e-09	-2.206085e-08	-3.186490e+01	-1.308935e+03
5.200000e-07	-4.356755e-09	-2.194297e-08	-3.096042e+01	-1.301613e+03
5.300000e-07	-4.227921e-09	-2.181676e-08	-3.004488e+01	-1.294069e+03
5.400000e-07	-4.097623e-09	-2.167859e-08	-2.911894e+01	-1.286278e+03
5.500000e-07	-3.965840e-09	-2.154047e-08	-2.818245e+01	-1.278221e+03
5.600000e-07	-3.832541e-09	-2.140818e-08	-2.723519e+01	-1.269887e+03
5.700000e-07	-3.697855e-09	-2.126535e-08	-2.627806e+01	-1.261276e+03
5.800000e-07	-3.561891e-09	-2.111162e-08	-2.531186e+01	-1.252394e+03
5.900000e-07	-3.424645e-09	-2.095432e-08	-2.433655e+01	-1.243248e+03
6.000000e-07	-3.286026e-09	-2.080195e-08	-2.335148e+01	-1.233837e+03
6.100000e-07	-3.146048e-09	-2.064014e-08	-2.235675e+01	-1.224149e+03
6.200000e-07	-3.004797e-09	-2.046768e-08	-2.135298e+01	-1.214164e+03
6.300000e-07	-2.862350e-09	-2.029277e-08	-2.034070e+01	-1.203852e+03
6.400000e-07	-2.718804e-09	-2.012003e-08	-1.932062e+01	-1.193185e+03
6.500000e-07	-2.574229e-09	-1.993778e-08	-1.829322e+01	-1.182142e+03
6.600000e-07	-2.428730e-09	-1.974101e-08	-1.725926e+01	-1.170712e+03
6.700000e-07	-2.282345e-09	-1.953867e-08	-1.621900e+01	-1.158890e+03
6.800000e-07	-2.135139e-09	-1.933496e-08	-1.517290e+01	-1.146675e+03
6.900000e-07	-1.987224e-09	-1.912734e-08	-1.412177e+01	-1.134064e+03
7.000000e-07	-1.838672e-09	-1.890490e-08	-1.306611e+01	-1.121041e+03
7.100000e-07	-1.689525e-09	-1.867611e-08	-1.200623e+01	-1.107581e+03
7.200000e-07	-1.539806e-09	-1.844380e-08	-1.094228e+01	-1.093649e+03
7.300000e-07	-1.389567e-09	-1.820402e-08	-9.874633e+00	-1.079205e+03
7.400000e-07	-1.238853e-09	-1.795169e-08	-8.803605e+00	-1.064209e+03
7.500000e-07	-1.087684e-09	-1.768753e-08	-7.729354e+00	-1.048627e+03
7.600000e-07	-9.360945e-10	-1.741719e-08	-6.652110e+00	-1.032428e+03
7.700000e-07	-7.841481e-10	-1.713644e-08	-5.572332e+00	-1.015581e+03
7.800000e-07	-6.319260e-10	-1.683910e-08	-4.490595e+00	-9.980478e+02
7.900000e-07	-4.794826e-10	-1.652641e-08	-3.407284e+00	-9.797763e+02
8.000000e-07	-3.268846e-10	-1.620486e-08	-2.322876e+00	-9.606964e+02
8.100000e-07	-1.741677e-10	-1.587034e-08	-1.237623e+00	-9.407196e+02
8.200000e-07	-2.135662e-11	-1.551680e-08	-1.517000e-01	-9.197416e+02
8.300000e-07	1.314752e-10	-1.514155e-08	9.343706e-01	-8.976467e+02
8.400000e-07	2.842361e-10	-1.474889e-08	2.019936e+00	-8.743117e+02
8.500000e-07	4.368683e-10	-1.433554e-08	3.104588e+00	-8.496080e+02
8.600000e-07	5.893449e-10	-1.389253e-08	4.188134e+00	-8.233989e+02
8.700000e-07	7.416012e-10	-1.341734e-08	5.270113e+00	-7.955362e+02
8.800000e-07	8.935794e-10	-1.291431e-08	6.350117e+00	-7.658525e+02
8.900000e-07	1.045219e-09	-1.238042e-08	7.427718e+00	-7.341548e+02
9.000000e-07	1.196451e-09	-1.180511e-08	8.502415e+00	-7.002172e+02
9.100000e-07	1.347235e-09	-1.118845e-08	9.573938e+00	-6.637739e+02
9.200000e-07	1.497555e-09	-1.052586e-08	1.064215e+01	-6.245127e+02
9.300000e-07	1.647366e-09	-9.810258e-09	1.170676e+01	-5.820707e+02
9.400000e-07	1.796597e-09	-9.029010e-09	1.276724e+01	-5.360337e+02
9.500000e-07	1.945177e-09	-8.176068e-09	1.382310e+01	-4.859460e+02
9.600000e-07	2.093101e-09	-7.248463e-09	1.487430e+01	-4.313337e+02
9.700000e-07	2.240323e-09	-6.239341e-09	1.592051e+01	-3.717482e+02
9.800000e-07	2.386717e-09	-5.142554e-09	1.696083e+01	-3.068272e+02
9.900000e-07	2.532218e-09	-3.947892e-09	1.799480e+01	-2.363701e+02
1.000000e-06	2.676790e-09	-2.662124e-09	1.902217e+01	-1.604160e+02
1.010000e-06	2.820388e-09	-1.289986e-09	2.004263e+01	-7.930776e+01
1.020000e-06	2.962956e-09	1.590741e-10	2.105576e+01	6.273097e+00
1.030000e-06	3.104405e-09	1.667521e-09	2.206094e+01	9.531409e+01
1.040000e-06	3.244648e-09	3.209996e-09	2.305755e+01	1.865273e+02
1.050000e-06	3.383651e-09	4.760091e-09	2.404535e+01	2.784475e+02
1.060000e-06	3.521380e-09	6.297244e-09	2.502409e+01	3.695583e+02
1.070000e-06	3.657751e-09	7.797282e-09	2.599319e+01	4.584252e+02
1.080000e-06	3.792751e-09	9.236370e-09	2.695254e+01	5.438119e+02
1.090000e-06	3.926404e-09	1.059643e-08	2.790232e+01	6.247608e+02
1.100000e-06	4.058642e-09	1.186985e-08	2.884204e+01	7.006280e+02
1.110000e-06	4.189407e-09	1.305335e-08	2.977130e+01	7.710717e+02
1.120000e-06	4.318659e-09	1.414595e-08	3.068980e+01	8.360051e+02
1.130000e-06	4.446392e-09	1.514589e-08	3.159752e+01	8.955294e+02
1.140000e-06	4.572638e-09	1.605740e-08	3.249466e+01	9.498645e+02
1.150000e-06	4.697308e-09	1.688722e-08	3.338060e+01	9.992922e+02
1.160000e-06	4.820278e-09	1.763986e-08	3.425446e+01	1.044119e+03
1.170000e-06	4.941482e-09	1.831827e-08	3.511577e+01	1.084659e+03
1.180000e-06	5.060898e-09	1.892939e-08	3.596438e+01	1.121231e+03
1.190000e-06	5.178438e-09	1.948166e-08	3.679966e+01	1.154164e+03
1.200000e-06	5.293954e-09	1.998008e-08	3.762055e+01	1.183794e+03
1.210000e-06	5.407394e-09	2.042720e-08	3.842669e+01	1.210466e+03
1.220000e-06	5.518836e-09	2.082893e-08	3.921863e+01	1.234513e+03
1.230000e-06	5.628391e-09	2.119290e-08	3.999716e+01	1.256251e+03
1.240000e-06	5.735993e-09	2.152363e-08	4.076182e+01	1.275959e+03
1.250000e-06	5.841476e-09	2.182254e-08	4.151141e+01	1.293871e+03
1.260000e-06	5.944819e-09	2.209433e-08	4.224580e+01	1.310181e+03
1.270000e-06	6.046059e-09	2.234473e-08	4.296524e+01	1.325048e+03
1.280000e-06	6.145076e-09	2.257389e-08	4.366888e+01	1.338604e+03
1.290000e-06	6.241785e-09	2.278025e-08	4.435613e+01	1.350971e+03
1.300000e-06	6.336298e-09	2.296782e-08	4.502777e+01	1.362260e+03
1.310000e-06	6.428665e-09	2.314087e-08	4.568415e+01	1.372584e+03
1.320000e-06	6.518741e-09	2.329943e-08	4.632426e+01	1.382045e+03
1.330000e-06	6.606455e-09	2.344252e-08	4.694759e+01	1.390738e+03
1.340000e-06	6.691923e-09	2.357378e-08	4.755495e+01	1.398741e+03
1.350000e-06	6.775105e-09	2.369808e-08	4.814606e+01	1.406120e+03
1.360000e-06	6.855823e-09	2.381384e-08	4.871967e+01	1.412924e+03
1.370000e-06	6.934033e-09	2.391685e-08	4.927545e+01	1.419195e+03
1.380000e-06	7.009635e-09	2.400906e-08	4.981271e+01	1.424969e+03
1.390000e-06	7.082581e-09	2.409686e-08	5.033108e+01	1.430286e+03
1.400000e-06	7.153021e-09	2.418079e-08	5.083165e+01	1.435182e+03
1.410000e-06	7.220946e-09	2.425665e-08	5.131435e+01	1.439701e+03
1.420000e-06	7.286224e-09	2.432433e-08	5.177823e+01	1.443882e+03
1.430000e-06	7.348943e-09	2.438854e-08	5.222393e+01	1.447761e+03
1.440000e-06	7.409202e-09	2.445107e-08	5.265215e+01	1.451368e+03
1.450000e-06	7.466860e-09	2.450823e-08	5.306189e+01	1.454724e+03
1.460000e-06	7.521804e-09	2.455852e-08	5.345233e+01	1.457844e+03
1.470000e-06	7.573738e-09	2.460567e-08	5.382139e+01	1.460734e+03
1.480000e-06	7.622525e-09	2.465068e-08	5.416809e+01	1.463396e+03
1.490000e-06	7.668526e-09	2.469100e-08	5.449498e+01	1.465831e+03
1.500000e-06	7.711845e-09	2.472649e-08	5.480282e+01	1.468042e+03
1.510000e-06	7.752349e-09	2.475912e-08	5.509065e+01	1.470033e+03
1.520000e-06	7.790159e-09	2.479001e-08	5.535934e+01	1.471812e+03
1.530000e-06	7.825298e-09	2.481748e-08	5.560905e+01	1.473396e+03
1.540000e-06	7.857620e-09	2.483862e-08	5.583873e+01	1.474800e+03
1.550000e-06	7.887253e-09	2.485571e-08	5.604932e+01	1.476042e+03
1.560000e-06	7.914142e-09	2.487275e-08	5.624040e+01	1.477138e+03
1.570000e-06	7.938111e-09	2.488883e-08	5.641073e+01	1.478096e+03
1.580000e-06	7.959362e-09	2.490191e-08	5.656175e+01	1.478918e+03
1.590000e-06	7.977890e-09	2.491364e-08	5.669341e+01	1.479599e+03
1.600000e-06	7.993496e-09	2.492354e-08	5.680431e+01	1.480131e+03
1.610000e-06	8.006075e-09	2.492963e-08	5.689369e+01	1.480507e+03
1.620000e-06	8.015538e-09	2.493068e-08	5.696094e+01	1.480727e+03
1.630000e-06	8.022097e-09	2.492810e-08	5.700755e+01	1.480803e+03
1.640000e-06	8.025904e-09	2.492491e-08	5.703460e+01	1.480752e+03
1.650000e-06	8.026874e-09	2.491940e-08	5.704150e+01	1.480600e+03
1.660000e-06	8.025170e-09	2.491879e-08	5.702939e+01	1.480370e+03
1.670000e-06	8.020870e-09	2.491399e-08	5.699883e+01	1.480074e+03
1.680000e-06	8.013854e-09	2.490836e-08	5.694897e+01	1.479709e+03
1.690000e-06	8.004209e-09	2.490249e-08	5.688043e+01	1.479260e+03
1.700000e-06	7.991786e-09	2.488940e-08	5.679215e+01	1.478698e+03
1.710000e-06	7.976604e-09	2.486682e-08	5.668426e+01	1.477997e+03
1.720000e-06	7.959030e-09	2.483168e-08	5.655937e+01	1.477135e+03
1.730000e-06	7.939173e-09	2.484945e-08	5.641826e+01	1.476112e+03
1.740000e-06	7.916545e-09	2.488977e-08	5.625746e+01	1.474943e+03
1.750000e-06	7.890490e-09	2.484074e-08	5.607230e+01	1.473658e+03
1.760000e-06	7.860840e-09	2.477804e-08	5.586159e+01	1.472291e+03
1.770000e-06	7.828114e-09	2.475654e-08	5.562903e+01	1.470867e+03
1.780000e-06	7.792880e-09	2.471547e-08	5.537865e+01	1.469397e+03
1.790000e-06	7.755114e-09	2.464638e-08	5.511027e+01	1.467872e+03
1.800000e-06	7.715183e-09	2.470821e-08	5.482651e+01	1.466265e+03
1.810000e-06	7.673167e-09	2.462844e-08	5.452792e+01	1.464544e+03
1.820000e-06	7.628509e-09	2.458690e-08	5.421057e+01	1.462682e+03
1.830000e-06	7.581204e-09	2.465649e-08	5.387441e+01	1.460666e+03
1.840000e-06	7.531008e-09	2.451588e-08	5.351769e+01	1.458499e+03
1.850000e-06	7.477738e-09	2.453106e-08	5.313914e+01	1.456202e+03
1.860000e-06	7.421700e-09	2.444139e-08	5.274092e+01	1.453801e+03
1.870000e-06	7.363030e-09	2.439717e-08	5.232399e+01	1.451316e+03
1.880000e-06	7.301788e-09	2.442516e-08	5.188878e+01	1.448756e+03
1.890000e-06	7.237796e-09	2.429697e-08	5.143403e+01	1.446109e+03
1.900000e-06	7.171146e-09	2.432050e-08	5.096040e+01	1.443355e+03
1.910000e-06	7.101764e-09	2.424288e-08	5.046734e+01	1.440465e+03
1.920000e-06	7.029591e-09	2.418445e-08	4.995446e+01	1.437417e+03
1.930000e-06	6.954869e-09	2.412793e-08	4.942346e+01	1.434202e+03
1.940000e-06	6.877361e-09	2.404362e-08	4.887267e+01	1.430827e+03
1.950000e-06	6.797265e-09	2.404454e-08	4.830348e+01	1.427309e+03
1.960000e-06	6.714815e-09	2.393358e-08	4.771756e+01	1.423671e+03
1.970000e-06	6.629938e-09	2.391185e-08	4.711439e+01	1.419927e+03
1.980000e-06	6.542631e-09	2.382673e-08	4.649396e+01	1.416078e+03
1.990000e-06	6.452974e-09	2.375246e-08	4.585683e+01	1.412110e+03
2.000000e-06	6.361156e-09	2.369691e-08	4.520434e+01	1.408001e+03
2.010000e-06	6.266985e-09	2.359837e-08	4.453513e+01	1.403725e+03
2.020000e-06	6.170536e-09	2.355075e-08	4.384973e+01	1.399265e+03
2.030000e-06	6.071942e-09	2.345528e-08	4.314909e+01	1.394617e+03
2.040000e-06	5.971169e-09	2.339803e-08	4.243297e+01	1.389790e+03
2.050000e-06	5.868188e-09	2.329250e-08	4.170115e+01	1.384800e+03
2.060000e-06	5.763082e-09	2.321188e-08	4.095423e+01	1.379664e+03
2.070000e-06	5.656027e-09	2.311611e-08	4.019347e+01	1.374390e+03
2.080000e-06	5.546932e-09	2.302711e-08	3.941820e+01	1.368975e+03
2.090000e-06	5.435790e-09	2.293649e-08	3.862839e+01	1.363400e+03
2.100000e-06	5.322576e-09	2.283533e-08	3.782386e+01	1.357645e+03
2.110000e-06	5.207312e-09	2.274664e-08	3.700476e+01	1.351687e+03
2.120000e-06	5.089988e-09	2.263341e-08	3.617102e+01	1.345516e+03
2.130000e-06	4.970672e-09	2.252897e-08	3.532312e+01	1.339129e+03
2.140000e-06	4.849549e-09	2.240294e-08	3.446238e+01	1.332536e+03
2.150000e-06	4.726711e-09	2.230264e-08	3.358945e+01	1.325747e+03
2.160000e-06	4.602172e-09	2.218238e-08	3.270443e+01	1.318769e+03
2.170000e-06	4.475955e-09	2.206703e-08	3.180750e+01	1.311599e+03
2.180000e-06	4.348148e-09	2.193632e-08	3.089926e+01	1.304223e+03
2.190000e-06	4.218828e-09	2.181268e-08	2.998027e+01	1.296618e+03
2.200000e-06	4.088063e-09	2.168342e-08	2.905101e+01	1.288761e+03
2.210000e-06	3.955822e-09	2.154068e-08	2.811126e+01	1.280635e+03
2.220000e-06	3.822150e-09	2.139874e-08	2.716135e+01	1.272231e+03
2.230000e-06	3.687053e-09	2.125245e-08	2.620130e+01	1.263551e+03
2.240000e-06	3.550591e-09	2.111020e-08	2.523156e+01	1.254602e+03
2.250000e-06	3.412851e-09	2.094785e-08	2.425274e+01	1.245389e+03
2.260000e-06	3.273841e-09	2.078831e-08	2.326489e+01	1.235910e+03
2.270000e-06	3.133571e-09	2.062295e-08	2.226809e+01	1.226150e+03
2.280000e-06	2.992077e-09	2.045612e-08	2.126259e+01	1.216084e+03
2.290000e-06	2.849451e-09	2.027551e-08	2.024904e+01	1.205685e+03
2.300000e-06	2.705763e-09	2.009385e-08	1.922795e+01	1.194925e+03
2.310000e-06	2.561110e-09	1.990872e-08	1.820000e+01	1.183786e+03
2.320000e-06	2.415591e-09	1.971692e-08	1.716589e+01	1.172257e+03
2.330000e-06	2.269257e-09	1.951393e-08	1.612599e+01	1.160336e+03
2.340000e-06	2.122115e-09	1.930442e-08	1.508036e+01	1.148023e+03
2.350000e-06	1.974222e-09	1.909267e-08	1.402938e+01	1.135310e+03
2.360000e-06	1.825642e-09	1.887163e-08	1.297353e+01	1.122180e+03
2.370000e-06	1.676431e-09	1.864054e-08	1.191319e+01	1.108605e+03
2.380000e-06	1.526629e-09	1.840133e-08	1.084865e+01	1.094548e+03
2.390000e-06	1.376290e-09	1.815775e-08	9.780294e+00	1.079968e+03
2.400000e-06	1.225472e-09	1.790477e-08	8.708534e+00	1.064828e+03
2.410000e-06	1.074213e-09	1.763838e-08	7.633638e+00	1.049094e+03
2.420000e-06	9.225537e-10	1.735832e-08	6.555898e+00	1.032735e+03
2.430000e-06	7.705550e-10	1.707232e-08	5.475747e+00	1.015720e+03
2.440000e-06	6.182786e-10	1.677507e-08	4.393622e+00	9.980073e+02
2.450000e-06	4.657821e-10	1.646629e-08	3.309934e+00	9.795402e+02
2.460000e-06	3.131035e-10	1.614159e-08	2.224950e+00	9.602444e+02
2.470000e-06	1.603131e-10	1.580302e-08	1.139173e+00	9.400269e+02
2.480000e-06	7.487479e-12	1.544678e-08	5.314522e-02	9.187802e+02
2.490000e-06	-1.453254e-10	1.506752e-08	-1.032792e+00	8.963863e+02
2.500000e-06	-2.980538e-10	1.466681e-08	-2.118129e+00	8.727208e+02
2.510000e-06	-4.506488e-10	1.424652e-08	-3.202519e+00	8.476531e+02
2.520000e-06	-6.030737e-10	1.380441e-08	-4.285699e+00	8.210445e+02
2.530000e-06	-7.552585e-10	1.333068e-08	-5.367172e+00	7.927424e+02
2.540000e-06	-9.071413e-10	1.282283e-08	-6.446499e+00	7.625738e+02
2.550000e-06	-1.058671e-09	1.228125e-08	-7.523318e+00	7.303381e+02
2.560000e-06	-1.209765e-09	1.170254e-08	-8.597037e+00	6.957999e+02
2.570000e-06	-1.360383e-09	1.107964e-08	-9.667376e+00	6.586826e+02
2.580000e-06	-1.510509e-09	1.040687e-08	-1.073422e+01	6.186616e+02
2.590000e-06	-1.660108e-09	9.682706e-09	-1.179731e+01	5.753609e+02
2.600000e-06	-1.809137e-09	8.899328e-09	-1.285636e+01	5.283545e+02
2.610000e-06	-1.957513e-09	8.043343e-09	-1.391077e+01	4.771792e+02
2.620000e-06	-2.105170e-09	7.106927e-09	-1.496007e+01	4.213629e+02
2.630000e-06	-2.252068e-09	6.087386e-09	-1.600397e+01	3.604718e+02
2.640000e-06	-2.398175e-09	4.979912e-09	-1.704225e+01	2.941768e+02
2.650000e-06	-2.543459e-09	3.778842e-09	-1.807469e+01	2.223301e+02
2.660000e-06	-2.687836e-09	2.485890e-09	-1.910068e+01	1.450417e+02
2.670000e-06	-2.831211e-09	1.106524e-09	-2.011954e+01	6.273729e+01
2.680000e-06	-2.973495e-09	-3.441486e-10	-2.113066e+01	-2.381628e+01
2.690000e-06	-3.114609e-09	-1.849302e-09	-2.213345e+01	-1.135307e+02
2.700000e-06	-3.254487e-09	-3.387849e-09	-2.312747e+01	-2.050630e+02
2.710000e-06	-3.393134e-09	-4.931891e-09	-2.411274e+01	-2.969227e+02
2.720000e-06	-3.530547e-09	-6.453620e-09	-2.508924e+01	-3.876017e+02
2.730000e-06	-3.666661e-09	-7.932135e-09	-2.605651e+01	-4.757054e+02
2.740000e-06	-3.801395e-09	-9.351582e-09	-2.701397e+01	-5.600611e+02
2.750000e-06	-3.934727e-09	-1.069565e-08	-2.796147e+01	-6.397883e+02
2.760000e-06	-4.066655e-09	-1.195424e-08	-2.889899e+01	-7.143213e+02
2.770000e-06	-4.197157e-09	-1.312217e-08	-2.982638e+01	-7.833877e+02
2.780000e-06	-4.326231e-09	-1.419777e-08	-3.074362e+01	-8.469543e+02
2.790000e-06	-4.453810e-09	-1.518031e-08	-3.165023e+01	-9.051582e+02
2.800000e-06	-4.579802e-09	-1.607488e-08	-3.254558e+01	-9.582393e+02
2.810000e-06	-4.704151e-09	-1.688876e-08	-3.342924e+01	-1.006488e+03
2.820000e-06	-4.826801e-09	-1.762789e-08	-3.430083e+01	-1.050214e+03
2.830000e-06	-4.947722e-09	-1.829771e-08	-3.516013e+01	-1.089733e+03
2.840000e-06	-5.066798e-09	-1.890193e-08	-3.600632e+01	-1.125365e+03
2.850000e-06	-5.183869e-09	-1.944528e-08	-3.683826e+01	-1.157441e+03
2.860000e-06	-5.298862e-09	-1.993384e-08	-3.765544e+01	-1.186300e+03
2.870000e-06	-5.411719e-09	-2.037380e-08	-3.845743e+01	-1.212285e+03
2.880000e-06	-5.522435e-09	-2.077113e-08	-3.924421e+01	-1.235728e+03
2.890000e-06	-5.631151e-09	-2.113008e-08	-4.001678e+01	-1.256934e+03
2.900000e-06	-5.737976e-09	-2.145488e-08	-4.077591e+01	-1.276173e+03
2.910000e-06	-5.842845e-09	-2.175095e-08	-4.152115e+01	-1.293669e+03
2.920000e-06	-5.945571e-09	-2.202051e-08	-4.225115e+01	-1.309606e+03
2.930000e-06	-6.046075e-09	-2.226583e-08	-4.296536e+01	-1.324134e+03
2.940000e-06	-6.144464e-09	-2.249051e-08	-4.366454e+01	-1.337382e+03
2.950000e-06	-6.240787e-09	-2.269691e-08	-4.434904e+01	-1.349470e+03
2.960000e-06	-6.334879e-09	-2.288525e-08	-4.501769e+01	-1.360508e+03
2.970000e-06	-6.426664e-09	-2.305676e-08	-4.566994e+01	-1.370607e+03
2.980000e-06	-6.516234e-09	-2.321384e-08	-4.630645e+01	-1.379869e+03
2.990000e-06	-6.603533e-09	-2.335840e-08	-4.692683e+01	-1.388383e+03
3.000000e-06	-6.688407e-09	-2.349142e-08	-4.752996e+01	-1.396226e+03
3.010000e-06	-6.770887e-09	-2.361440e-08	-4.811609e+01	-1.403457e+03
3.020000e-06	-6.851050e-09	-2.372955e-08	-4.868576e+01	-1.410125e+03
3.030000e-06	-6.928639e-09	-2.383729e-08	-4.923713e+01	-1.416269e+03
3.040000e-06	-7.003501e-09	-2.393617e-08	-4.976912e+01	-1.421926e+03
3.050000e-06	-7.075810e-09	-2.402346e-08	-5.028297e+01	-1.427134e+03
3.060000e-06	-7.145548e-09	-2.410203e-08	-5.077855e+01	-1.431934e+03
3.070000e-06	-7.212705e-09	-2.417731e-08	-5.125579e+01	-1.436365e+03
3.080000e-06	-7.277396e-09	-2.424882e-08	-5.171550e+01	-1.440467e+03
3.090000e-06	-7.339507e-09	-2.431498e-08	-5.215688e+01	-1.444277e+03
3.100000e-06	-7.398938e-09	-2.437332e-08	-5.257921e+01	-1.447820e+03
3.110000e-06	-7.455741e-09	-2.442850e-08	-5.298287e+01	-1.451117e+03
3.120000e-06	-7.509777e-09	-2.448134e-08	-5.336687e+01	-1.454180e+03
3.130000e-06	-7.560880e-09	-2.452984e-08	-5.373002e+01	-1.457013e+03
3.140000e-06	-7.608926e-09	-2.457381e-08	-5.407145e+01	-1.459619e+03
3.150000e-06	-7.654117e-09	-2.461569e-08	-5.439259e+01	-1.461999e+03
3.160000e-06	-7.696858e-09	-2.465585e-08	-5.469632e+01	-1.464155e+03
3.170000e-06	-7.737087e-09	-2.468957e-08	-5.498220e+01	-1.466092e+03
3.180000e-06	-7.774550e-09	-2.471708e-08	-5.524842e+01	-1.467822e+03
3.190000e-06	-7.809273e-09	-2.474178e-08	-5.549517e+01	-1.469360e+03
3.200000e-06	-7.841288e-09	-2.476589e-08	-5.572268e+01	-1.470722e+03
3.210000e-06	-7.870396e-09	-2.478901e-08	-5.592953e+01	-1.471928e+03
3.220000e-06	-7.896671e-09	-2.481047e-08	-5.611625e+01	-1.472989e+03
3.230000e-06	-7.920221e-09	-2.482848e-08	-5.628360e+01	-1.473914e+03
3.240000e-06	-7.940910e-09	-2.484397e-08	-5.643062e+01	-1.474702e+03
3.250000e-06	-7.958810e-09	-2.485339e-08	-5.655782e+01	-1.475347e+03
3.260000e-06	-7.973869e-09	-2.485884e-08	-5.666483e+01	-1.475841e+03
3.270000e-06	-7.985825e-09	-2.486407e-08	-5.674979e+01	-1.476179e+03
3.280000e-06	-7.994832e-09	-2.486960e-08	-5.681380e+01	-1.476362e+03
3.290000e-06	-8.000976e-09	-2.487301e-08	-5.685746e+01	-1.476405e+03
3.300000e-06	-8.004278e-09	-2.487638e-08	-5.688093e+01	-1.476327e+03
3.310000e-06	-8.004895e-09	-2.487696e-08	-5.688531e+01	-1.476155e+03
