# Configuracion:
# Concentracion g/m^3_=_22000.0
# C_Vs_to_Am_M_A/Vsm_=_59384043850.047264
# pendiente_HvsI_1/m_=_3716.3
# ordenada_HvsI_A/m_=_1297.0
# frecuencia_ref_Hz_=_301646.15612482245
# 
Resultados:
# tau_ns_=_(1.64+/-0.08)e+02
# dphi_rad_=_6.58+/-0.01
# SAR_W/g_=_1595.07+/-67.29
# Hc_kA/m_=_21.22+/-0.78
# Mr_A/m_=_924.60+/-15.41
# Magnetizacion_max_=_1504.02+/-17.78
# Suceptibilidad_a_M=0_=_(8.713+/-0.333)e-02

Nombre_archivo	Time_m_(s)	Temperatura_(ºC)	Mr_(A/m)	Hc_(kA/m)	Campo_max_(A/m)	Mag_max_(A/m)	f0	mag0	dphi0	SAR_(W/g)	Tau_(ns)	N	xi_M_0
300kHz_150dA_100Mss_bobN1M19-0009.txt	6.32	27.10	901.55	22.41	57041.50	1471.90	3.016591e+05	1.252663e+02	6.605352e+00	1653.53	176.108838	4641	8.004e-02
300kHz_150dA_100Mss_bobN1M19-0010.txt	6.8	30.56	909.16	22.30	57041.50	1475.79	3.016591e+05	1.258152e+02	6.603857e+00	1653.34	175.232600	4641	8.170e-02
300kHz_150dA_100Mss_bobN1M19-0011.txt	7.25	33.83	913.51	22.15	57041.50	1483.67	3.016591e+05	1.265792e+02	6.600940e+00	1648.76	173.525270	4641	8.294e-02
300kHz_150dA_100Mss_bobN1M19-0012.txt	7.69	37.04	918.73	22.04	57041.50	1487.32	3.016591e+05	1.270764e+02	6.599353e+00	1647.25	172.597806	4641	8.335e-02
300kHz_150dA_100Mss_bobN1M19-0013.txt	8.17	40.57	924.20	21.91	57041.50	1495.41	3.016591e+05	1.278758e+02	6.596920e+00	1645.28	171.177954	4641	8.448e-02
300kHz_150dA_100Mss_bobN1M19-0014.txt	8.63	44.03	931.38	21.79	57041.50	1508.75	3.016591e+05	1.290456e+02	6.594610e+00	1648.50	169.831719	4641	8.428e-02
300kHz_150dA_100Mss_bobN1M19-0015.txt	9.09	47.48	939.51	21.76	57041.50	1515.47	3.016591e+05	1.297567e+02	6.594871e+00	1658.93	169.984028	4641	8.533e-02
300kHz_150dA_100Mss_bobN1M19-0016.txt	9.54	50.90	945.20	21.69	57041.50	1519.34	3.016591e+05	1.302517e+02	6.594200e+00	1661.79	169.594153	4641	8.714e-02
300kHz_150dA_100Mss_bobN1M19-0017.txt	10.0	54.40	947.49	21.50	57041.50	1527.50	3.016591e+05	1.309998e+02	6.590385e+00	1651.49	167.375872	4641	8.864e-02
300kHz_150dA_100Mss_bobN1M19-0018.txt	10.49	58.08	948.28	21.30	57041.50	1534.59	3.016591e+05	1.316727e+02	6.586440e+00	1639.31	165.087228	4641	9.013e-02
300kHz_150dA_100Mss_bobN1M19-0019.txt	11.39	64.75	941.89	21.05	57041.50	1525.22	3.016591e+05	1.309880e+02	6.582230e+00	1608.84	162.651998	4641	8.954e-02
300kHz_150dA_100Mss_bobN1M19-0020.txt	11.83	67.96	937.59	20.83	57041.50	1526.09	3.016591e+05	1.310806e+02	6.577713e+00	1586.37	160.044732	4641	8.831e-02
300kHz_150dA_100Mss_bobN1M19-0021.txt	12.27	70.98	932.46	20.72	57041.50	1516.31	3.016591e+05	1.303799e+02	6.576088e+00	1569.43	159.109142	4641	8.983e-02
300kHz_150dA_100Mss_bobN1M19-0022.txt	12.73	74.02	926.14	20.63	57041.50	1510.67	3.016591e+05	1.298643e+02	6.574132e+00	1553.09	157.984125	4641	8.883e-02
300kHz_150dA_100Mss_bobN1M19-0023.txt	13.2	76.92	920.08	20.52	57041.50	1498.04	3.016591e+05	1.288746e+02	6.572609e+00	1533.41	157.110011	4641	8.940e-02
300kHz_150dA_100Mss_bobN1M19-0024.txt	13.65	79.44	914.70	20.32	57041.50	1496.22	3.016591e+05	1.287422e+02	6.568635e+00	1511.38	154.829401	4641	9.053e-02
300kHz_150dA_100Mss_bobN1M19-0025.txt	14.1	82.04	908.89	20.10	57041.50	1500.37	3.016591e+05	1.290045e+02	6.563622e+00	1488.57	151.960342	4641	9.164e-02
300kHz_150dA_100Mss_bobN1M19-0026.txt	14.6	85.24	904.09	20.17	57041.50	1491.01	3.016591e+05	1.281315e+02	6.564631e+00	1483.67	152.538489	4641	9.063e-02
300kHz_150dA_100Mss_bobN1M19-0027.txt	15.07	88.35	902.53	19.91	57041.50	1492.77	3.016591e+05	1.284456e+02	6.559998e+00	1463.46	149.891811	4641	8.884e-02
