# Temperatura_=_54.882222222222225
# Concentracion g/m^3_=_22000.0
# C_Vs_to_Am_M_A/Vsm_=_59384043850.047264
# pendiente_HvsI_1/m_=_3716.3
# ordenada_HvsI_A/m_=_1297.0
# frecuencia_Hz_=_301646.5037799064
# Promedio de 18 ciclos

Tiempo_(s)	Campo_(V.s)	Magnetizacion_(V.s)	Campo_(kA/m)	Magnetizacion_(A/m)
0.000000e+00	-8.036840e-09	-2.484792e-08	-5.687364e+01	-1.473624e+03
1.000000e-08	-8.033438e-09	-2.484077e-08	-5.684956e+01	-1.473287e+03
2.000000e-08	-8.027390e-09	-2.483483e-08	-5.680676e+01	-1.472864e+03
3.000000e-08	-8.018703e-09	-2.482736e-08	-5.674528e+01	-1.472379e+03
4.000000e-08	-8.007167e-09	-2.481762e-08	-5.666365e+01	-1.471839e+03
5.000000e-08	-7.992689e-09	-2.480636e-08	-5.656119e+01	-1.471229e+03
6.000000e-08	-7.975352e-09	-2.479614e-08	-5.643849e+01	-1.470518e+03
7.000000e-08	-7.955530e-09	-2.478633e-08	-5.629822e+01	-1.469669e+03
8.000000e-08	-7.933188e-09	-2.473604e-08	-5.614012e+01	-1.468654e+03
9.000000e-08	-7.907648e-09	-2.467983e-08	-5.595937e+01	-1.467468e+03
1.000000e-07	-7.878765e-09	-2.468032e-08	-5.575498e+01	-1.466127e+03
1.100000e-07	-7.847079e-09	-2.469424e-08	-5.553074e+01	-1.464664e+03
1.200000e-07	-7.812747e-09	-2.467714e-08	-5.528779e+01	-1.463117e+03
1.300000e-07	-7.775879e-09	-2.464388e-08	-5.502688e+01	-1.461511e+03
1.400000e-07	-7.736868e-09	-2.464424e-08	-5.475081e+01	-1.459853e+03
1.500000e-07	-7.695657e-09	-2.460103e-08	-5.445918e+01	-1.458126e+03
1.600000e-07	-7.651736e-09	-2.453211e-08	-5.414836e+01	-1.456296e+03
1.700000e-07	-7.605019e-09	-2.450873e-08	-5.381776e+01	-1.454327e+03
1.800000e-07	-7.555499e-09	-2.444215e-08	-5.346732e+01	-1.452194e+03
1.900000e-07	-7.502818e-09	-2.443282e-08	-5.309452e+01	-1.449893e+03
2.000000e-07	-7.447251e-09	-2.442700e-08	-5.270129e+01	-1.447438e+03
2.100000e-07	-7.389018e-09	-2.436012e-08	-5.228919e+01	-1.444859e+03
2.200000e-07	-7.328117e-09	-2.432177e-08	-5.185822e+01	-1.442185e+03
2.300000e-07	-7.264660e-09	-2.425901e-08	-5.140916e+01	-1.439434e+03
2.400000e-07	-7.198445e-09	-2.421753e-08	-5.094057e+01	-1.436602e+03
2.500000e-07	-7.129535e-09	-2.415086e-08	-5.045292e+01	-1.433669e+03
2.600000e-07	-7.058032e-09	-2.408841e-08	-4.994692e+01	-1.430602e+03
2.700000e-07	-6.983770e-09	-2.406261e-08	-4.942139e+01	-1.427371e+03
2.800000e-07	-6.906764e-09	-2.401557e-08	-4.887644e+01	-1.423959e+03
2.900000e-07	-6.827072e-09	-2.395082e-08	-4.831250e+01	-1.420367e+03
3.000000e-07	-6.744853e-09	-2.386197e-08	-4.773066e+01	-1.416617e+03
3.100000e-07	-6.660357e-09	-2.380964e-08	-4.713271e+01	-1.412735e+03
3.200000e-07	-6.573617e-09	-2.374367e-08	-4.651888e+01	-1.408746e+03
3.300000e-07	-6.484552e-09	-2.366404e-08	-4.588859e+01	-1.404658e+03
3.400000e-07	-6.393154e-09	-2.360108e-08	-4.524181e+01	-1.400463e+03
3.500000e-07	-6.299501e-09	-2.353278e-08	-4.457905e+01	-1.396134e+03
3.600000e-07	-6.203553e-09	-2.346580e-08	-4.390006e+01	-1.391638e+03
3.700000e-07	-6.105280e-09	-2.337549e-08	-4.320462e+01	-1.386945e+03
3.800000e-07	-6.004791e-09	-2.328504e-08	-4.249350e+01	-1.382040e+03
3.900000e-07	-5.902170e-09	-2.319482e-08	-4.176728e+01	-1.376926e+03
4.000000e-07	-5.797376e-09	-2.311258e-08	-4.102570e+01	-1.371621e+03
4.100000e-07	-5.690457e-09	-2.302511e-08	-4.026906e+01	-1.366151e+03
4.200000e-07	-5.581550e-09	-2.292879e-08	-3.949837e+01	-1.360536e+03
4.300000e-07	-5.470703e-09	-2.283502e-08	-3.871394e+01	-1.354787e+03
4.400000e-07	-5.357788e-09	-2.273510e-08	-3.791489e+01	-1.348899e+03
4.500000e-07	-5.242678e-09	-2.262978e-08	-3.710030e+01	-1.342854e+03
4.600000e-07	-5.125496e-09	-2.251780e-08	-3.627104e+01	-1.336629e+03
4.700000e-07	-5.006436e-09	-2.241145e-08	-3.542850e+01	-1.330201e+03
4.800000e-07	-4.885539e-09	-2.230354e-08	-3.457296e+01	-1.323555e+03
4.900000e-07	-4.762842e-09	-2.219205e-08	-3.370467e+01	-1.316685e+03
5.000000e-07	-4.638457e-09	-2.207063e-08	-3.282445e+01	-1.309594e+03
5.100000e-07	-4.512442e-09	-2.194534e-08	-3.193268e+01	-1.302285e+03
5.200000e-07	-4.384802e-09	-2.181621e-08	-3.102942e+01	-1.294760e+03
5.300000e-07	-4.255577e-09	-2.168229e-08	-3.011494e+01	-1.287016e+03
5.400000e-07	-4.124843e-09	-2.154627e-08	-2.918978e+01	-1.279042e+03
5.500000e-07	-3.992619e-09	-2.140821e-08	-2.825409e+01	-1.270827e+03
5.600000e-07	-3.858913e-09	-2.126740e-08	-2.730790e+01	-1.262360e+03
5.700000e-07	-3.723797e-09	-2.112039e-08	-2.635173e+01	-1.253633e+03
5.800000e-07	-3.587349e-09	-2.096783e-08	-2.538614e+01	-1.244642e+03
5.900000e-07	-3.449569e-09	-2.080943e-08	-2.441113e+01	-1.235384e+03
6.000000e-07	-3.310390e-09	-2.064683e-08	-2.342621e+01	-1.225857e+03
6.100000e-07	-3.169848e-09	-2.048015e-08	-2.243165e+01	-1.216051e+03
6.200000e-07	-3.028039e-09	-2.031270e-08	-2.142812e+01	-1.205952e+03
6.300000e-07	-2.885038e-09	-2.013932e-08	-2.041616e+01	-1.195542e+03
6.400000e-07	-2.740942e-09	-1.995951e-08	-1.939644e+01	-1.184800e+03
6.500000e-07	-2.595829e-09	-1.977305e-08	-1.836954e+01	-1.173709e+03
6.600000e-07	-2.449836e-09	-1.958175e-08	-1.733639e+01	-1.162255e+03
6.700000e-07	-2.303013e-09	-1.938277e-08	-1.629738e+01	-1.150427e+03
6.800000e-07	-2.155369e-09	-1.917323e-08	-1.525255e+01	-1.138218e+03
6.900000e-07	-2.006996e-09	-1.895857e-08	-1.420257e+01	-1.125618e+03
7.000000e-07	-1.857964e-09	-1.874128e-08	-1.314792e+01	-1.112613e+03
7.100000e-07	-1.708302e-09	-1.851699e-08	-1.208882e+01	-1.099181e+03
7.200000e-07	-1.558054e-09	-1.828076e-08	-1.102557e+01	-1.085295e+03
7.300000e-07	-1.407265e-09	-1.803826e-08	-9.958495e+00	-1.070922e+03
7.400000e-07	-1.255964e-09	-1.779130e-08	-8.887796e+00	-1.056026e+03
7.500000e-07	-1.104171e-09	-1.753346e-08	-7.813619e+00	-1.040571e+03
7.600000e-07	-9.519236e-10	-1.725982e-08	-6.736224e+00	-1.024519e+03
7.700000e-07	-7.993041e-10	-1.697640e-08	-5.656197e+00	-1.007830e+03
7.800000e-07	-6.464103e-10	-1.668631e-08	-4.574228e+00	-9.904598e+02
7.900000e-07	-4.932994e-10	-1.638271e-08	-3.490723e+00	-9.723549e+02
8.000000e-07	-3.400122e-10	-1.606149e-08	-2.405970e+00	-9.534553e+02
8.100000e-07	-1.866123e-10	-1.572571e-08	-1.320419e+00	-9.336915e+02
8.200000e-07	-3.315844e-11	-1.537843e-08	-2.344854e-01	-9.129851e+02
8.300000e-07	1.203163e-10	-1.501423e-08	8.515949e-01	-8.912465e+02
8.400000e-07	2.737449e-10	-1.462891e-08	1.937349e+00	-8.683719e+02
8.500000e-07	4.270665e-10	-1.422182e-08	3.022344e+00	-8.442386e+02
8.600000e-07	5.802600e-10	-1.379304e-08	4.106434e+00	-8.187008e+02
8.700000e-07	7.332447e-10	-1.333654e-08	5.189045e+00	-7.915861e+02
8.800000e-07	8.859409e-10	-1.284501e-08	6.269613e+00	-7.626948e+02
8.900000e-07	1.038306e-09	-1.231915e-08	7.347842e+00	-7.318019e+02
9.000000e-07	1.190273e-09	-1.175994e-08	8.423249e+00	-6.986581e+02
9.100000e-07	1.341770e-09	-1.116227e-08	9.495326e+00	-6.629890e+02
9.200000e-07	1.492753e-09	-1.051385e-08	1.056377e+01	-6.244893e+02
9.300000e-07	1.643206e-09	-9.807474e-09	1.162847e+01	-5.828142e+02
9.400000e-07	1.793079e-09	-9.041220e-09	1.268907e+01	-5.375701e+02
9.500000e-07	1.942292e-09	-8.206658e-09	1.374499e+01	-4.883140e+02
9.600000e-07	2.090808e-09	-7.292017e-09	1.479599e+01	-4.345688e+02
9.700000e-07	2.238602e-09	-6.294738e-09	1.584187e+01	-3.758624e+02
9.800000e-07	2.385608e-09	-5.212890e-09	1.688218e+01	-3.117914e+02
9.900000e-07	2.531759e-09	-4.036550e-09	1.791644e+01	-2.421048e+02
1.000000e-06	2.677008e-09	-2.762380e-09	1.894430e+01	-1.667919e+02
1.010000e-06	2.821269e-09	-1.396171e-09	1.996518e+01	-8.615865e+01
1.020000e-06	2.964495e-09	4.741078e-11	2.097873e+01	-8.687560e-01
1.030000e-06	3.106633e-09	1.551859e-09	2.198459e+01	8.806169e+01
1.040000e-06	3.247582e-09	3.096178e-09	2.298203e+01	1.793237e+02
1.050000e-06	3.387277e-09	4.653947e-09	2.397060e+01	2.714210e+02
1.060000e-06	3.525689e-09	6.195435e-09	2.495008e+01	3.628052e+02
1.070000e-06	3.662774e-09	7.693574e-09	2.592017e+01	4.520141e+02
1.080000e-06	3.798468e-09	9.135734e-09	2.688043e+01	5.377909e+02
1.090000e-06	3.932769e-09	1.050556e-08	2.783082e+01	6.191622e+02
1.100000e-06	4.065656e-09	1.178816e-08	2.877122e+01	6.954686e+02
1.110000e-06	4.197067e-09	1.297861e-08	2.970116e+01	7.663486e+02
1.120000e-06	4.326983e-09	1.407736e-08	3.062052e+01	8.316903e+02
1.130000e-06	4.455363e-09	1.508420e-08	3.152902e+01	8.915666e+02
1.140000e-06	4.582182e-09	1.599879e-08	3.242646e+01	9.461727e+02
1.150000e-06	4.707427e-09	1.682737e-08	3.331278e+01	9.957763e+02
1.160000e-06	4.831034e-09	1.757830e-08	3.418750e+01	1.040686e+03
1.170000e-06	4.952926e-09	1.825860e-08	3.505008e+01	1.081237e+03
1.180000e-06	5.073001e-09	1.887110e-08	3.589980e+01	1.117779e+03
1.190000e-06	5.191169e-09	1.942093e-08	3.673603e+01	1.150676e+03
1.200000e-06	5.307365e-09	1.991655e-08	3.755830e+01	1.180293e+03
1.210000e-06	5.421510e-09	2.036411e-08	3.836606e+01	1.206983e+03
1.220000e-06	5.533576e-09	2.076779e-08	3.915910e+01	1.231075e+03
1.230000e-06	5.643682e-09	2.113153e-08	3.993828e+01	1.252861e+03
1.240000e-06	5.751850e-09	2.146088e-08	4.070374e+01	1.272593e+03
1.250000e-06	5.857967e-09	2.176084e-08	4.145468e+01	1.290487e+03
1.260000e-06	5.961946e-09	2.203289e-08	4.219050e+01	1.306732e+03
1.270000e-06	6.063772e-09	2.227868e-08	4.291109e+01	1.321501e+03
1.280000e-06	6.163402e-09	2.250278e-08	4.361613e+01	1.334955e+03
1.290000e-06	6.260725e-09	2.270944e-08	4.430484e+01	1.347250e+03
1.300000e-06	6.355778e-09	2.289900e-08	4.497749e+01	1.358522e+03
1.310000e-06	6.448647e-09	2.307064e-08	4.563469e+01	1.368888e+03
1.320000e-06	6.539274e-09	2.322866e-08	4.627602e+01	1.378439e+03
1.330000e-06	6.627550e-09	2.337443e-08	4.690072e+01	1.387236e+03
1.340000e-06	6.713520e-09	2.350812e-08	4.750909e+01	1.395324e+03
1.350000e-06	6.797195e-09	2.362919e-08	4.810123e+01	1.402740e+03
1.360000e-06	6.878423e-09	2.373920e-08	4.867604e+01	1.409527e+03
1.370000e-06	6.957137e-09	2.384168e-08	4.923307e+01	1.415741e+03
1.380000e-06	7.033289e-09	2.393751e-08	4.977197e+01	1.421450e+03
1.390000e-06	7.106773e-09	2.402605e-08	5.029198e+01	1.426728e+03
1.400000e-06	7.177679e-09	2.410781e-08	5.079375e+01	1.431641e+03
1.410000e-06	7.246087e-09	2.418519e-08	5.127785e+01	1.436239e+03
1.420000e-06	7.311852e-09	2.425722e-08	5.174324e+01	1.440545e+03
1.430000e-06	7.375006e-09	2.432196e-08	5.219015e+01	1.444564e+03
1.440000e-06	7.435706e-09	2.438027e-08	5.261970e+01	1.448285e+03
1.450000e-06	7.493816e-09	2.443597e-08	5.303092e+01	1.451701e+03
1.460000e-06	7.549186e-09	2.448890e-08	5.342275e+01	1.454817e+03
1.470000e-06	7.601605e-09	2.453795e-08	5.379370e+01	1.457654e+03
1.480000e-06	7.650869e-09	2.458135e-08	5.414231e+01	1.460249e+03
1.490000e-06	7.697250e-09	2.461961e-08	5.447053e+01	1.462641e+03
1.500000e-06	7.740955e-09	2.465467e-08	5.477982e+01	1.464862e+03
1.510000e-06	7.781850e-09	2.468681e-08	5.506921e+01	1.466928e+03
1.520000e-06	7.820004e-09	2.471678e-08	5.533921e+01	1.468832e+03
1.530000e-06	7.855490e-09	2.474474e-08	5.559033e+01	1.470557e+03
1.540000e-06	7.888171e-09	2.477008e-08	5.582160e+01	1.472081e+03
1.550000e-06	7.918126e-09	2.479077e-08	5.603357e+01	1.473392e+03
1.560000e-06	7.945342e-09	2.480770e-08	5.622617e+01	1.474497e+03
1.570000e-06	7.969652e-09	2.482220e-08	5.639819e+01	1.475417e+03
1.580000e-06	7.991193e-09	2.483303e-08	5.655063e+01	1.476187e+03
1.590000e-06	8.010005e-09	2.484024e-08	5.668375e+01	1.476837e+03
1.600000e-06	8.025902e-09	2.484566e-08	5.679625e+01	1.477387e+03
1.610000e-06	8.038781e-09	2.485252e-08	5.688739e+01	1.477838e+03
1.620000e-06	8.048532e-09	2.485919e-08	5.695639e+01	1.478175e+03
1.630000e-06	8.055313e-09	2.486107e-08	5.700437e+01	1.478375e+03
1.640000e-06	8.059358e-09	2.486075e-08	5.703299e+01	1.478420e+03
1.650000e-06	8.060561e-09	2.485879e-08	5.704150e+01	1.478310e+03
1.660000e-06	8.059017e-09	2.485941e-08	5.703057e+01	1.478058e+03
1.670000e-06	8.054909e-09	2.485420e-08	5.700150e+01	1.477696e+03
1.680000e-06	8.048099e-09	2.484313e-08	5.695331e+01	1.477255e+03
1.690000e-06	8.038618e-09	2.483232e-08	5.688621e+01	1.476756e+03
1.700000e-06	8.026377e-09	2.482113e-08	5.679958e+01	1.476200e+03
1.710000e-06	8.011341e-09	2.480661e-08	5.669318e+01	1.475568e+03
1.720000e-06	7.993845e-09	2.478682e-08	5.656936e+01	1.474825e+03
1.730000e-06	7.974083e-09	2.480475e-08	5.642951e+01	1.473935e+03
1.740000e-06	7.951593e-09	2.484087e-08	5.627035e+01	1.472876e+03
1.750000e-06	7.925685e-09	2.480263e-08	5.608701e+01	1.471648e+03
1.760000e-06	7.896158e-09	2.473804e-08	5.587805e+01	1.470272e+03
1.770000e-06	7.863490e-09	2.470255e-08	5.564687e+01	1.468784e+03
1.780000e-06	7.828290e-09	2.465841e-08	5.539777e+01	1.467220e+03
1.790000e-06	7.790550e-09	2.460736e-08	5.513070e+01	1.465601e+03
1.800000e-06	7.750604e-09	2.464785e-08	5.484802e+01	1.463928e+03
1.810000e-06	7.708580e-09	2.460124e-08	5.455062e+01	1.462177e+03
1.820000e-06	7.663932e-09	2.456018e-08	5.423467e+01	1.460315e+03
1.830000e-06	7.616615e-09	2.458661e-08	5.389982e+01	1.458306e+03
1.840000e-06	7.566408e-09	2.447861e-08	5.354452e+01	1.456130e+03
1.850000e-06	7.513105e-09	2.445553e-08	5.316731e+01	1.453787e+03
1.860000e-06	7.457013e-09	2.439195e-08	5.277037e+01	1.451297e+03
1.870000e-06	7.398255e-09	2.435296e-08	5.235456e+01	1.448691e+03
1.880000e-06	7.336920e-09	2.436372e-08	5.192051e+01	1.445997e+03
1.890000e-06	7.272860e-09	2.427499e-08	5.146718e+01	1.443226e+03
1.900000e-06	7.206089e-09	2.425982e-08	5.099467e+01	1.440371e+03
1.910000e-06	7.136604e-09	2.418665e-08	5.050295e+01	1.437406e+03
1.920000e-06	7.064328e-09	2.412285e-08	4.999147e+01	1.434300e+03
1.930000e-06	6.989469e-09	2.407226e-08	4.946173e+01	1.431024e+03
1.940000e-06	6.911853e-09	2.399591e-08	4.891246e+01	1.427565e+03
1.950000e-06	6.831613e-09	2.398206e-08	4.834463e+01	1.423931e+03
1.960000e-06	6.749006e-09	2.389903e-08	4.776005e+01	1.420144e+03
1.970000e-06	6.663956e-09	2.385487e-08	4.715818e+01	1.416232e+03
1.980000e-06	6.576438e-09	2.376795e-08	4.653885e+01	1.412218e+03
1.990000e-06	6.486570e-09	2.368296e-08	4.590289e+01	1.408104e+03
2.000000e-06	6.394527e-09	2.362325e-08	4.525153e+01	1.403878e+03
2.010000e-06	6.300174e-09	2.353233e-08	4.458383e+01	1.399509e+03
2.020000e-06	6.203548e-09	2.347899e-08	4.390004e+01	1.394965e+03
2.030000e-06	6.104724e-09	2.339268e-08	4.320070e+01	1.390219e+03
2.040000e-06	6.003680e-09	2.333065e-08	4.248564e+01	1.385260e+03
2.050000e-06	5.900431e-09	2.323158e-08	4.175499e+01	1.380096e+03
2.060000e-06	5.795064e-09	2.313667e-08	4.100935e+01	1.374747e+03
2.070000e-06	5.687716e-09	2.304085e-08	4.024968e+01	1.369238e+03
2.080000e-06	5.578303e-09	2.294264e-08	3.947541e+01	1.363588e+03
2.090000e-06	5.466826e-09	2.285010e-08	3.868653e+01	1.357805e+03
2.100000e-06	5.353278e-09	2.274555e-08	3.788299e+01	1.351879e+03
2.110000e-06	5.237673e-09	2.265105e-08	3.706490e+01	1.345790e+03
2.120000e-06	5.119995e-09	2.254323e-08	3.623214e+01	1.339515e+03
2.130000e-06	5.000329e-09	2.243502e-08	3.538531e+01	1.333033e+03
2.140000e-06	4.878857e-09	2.231450e-08	3.452569e+01	1.326330e+03
2.150000e-06	4.755642e-09	2.220243e-08	3.365374e+01	1.319405e+03
2.160000e-06	4.630714e-09	2.208480e-08	3.276967e+01	1.312258e+03
2.170000e-06	4.504103e-09	2.196353e-08	3.187370e+01	1.304894e+03
2.180000e-06	4.375895e-09	2.183146e-08	3.096641e+01	1.297314e+03
2.190000e-06	4.246149e-09	2.170095e-08	3.004825e+01	1.289512e+03
2.200000e-06	4.114939e-09	2.156775e-08	2.911972e+01	1.281479e+03
2.210000e-06	3.982236e-09	2.142786e-08	2.818064e+01	1.273201e+03
2.220000e-06	3.848073e-09	2.128340e-08	2.723121e+01	1.264669e+03
2.230000e-06	3.712509e-09	2.113689e-08	2.627188e+01	1.255875e+03
2.240000e-06	3.575579e-09	2.099198e-08	2.530287e+01	1.246817e+03
2.250000e-06	3.437326e-09	2.083489e-08	2.432451e+01	1.237492e+03
2.260000e-06	3.297773e-09	2.067109e-08	2.333695e+01	1.227895e+03
2.270000e-06	3.156960e-09	2.050241e-08	2.234047e+01	1.218016e+03
2.280000e-06	3.014944e-09	2.033131e-08	2.133548e+01	1.207841e+03
2.290000e-06	2.871815e-09	2.015264e-08	2.032261e+01	1.197349e+03
2.300000e-06	2.727648e-09	1.996730e-08	1.930239e+01	1.186521e+03
2.310000e-06	2.582510e-09	1.977970e-08	1.827530e+01	1.175339e+03
2.320000e-06	2.436487e-09	1.958848e-08	1.724195e+01	1.163791e+03
2.330000e-06	2.289633e-09	1.939030e-08	1.620272e+01	1.151868e+03
2.340000e-06	2.141932e-09	1.918273e-08	1.515749e+01	1.139562e+03
2.350000e-06	1.993435e-09	1.896750e-08	1.410664e+01	1.126861e+03
2.360000e-06	1.844254e-09	1.874822e-08	1.305094e+01	1.113751e+03
2.370000e-06	1.694449e-09	1.851839e-08	1.199083e+01	1.100208e+03
2.380000e-06	1.544047e-09	1.828018e-08	1.092649e+01	1.086203e+03
2.390000e-06	1.393115e-09	1.803443e-08	9.858399e+00	1.071701e+03
2.400000e-06	1.241721e-09	1.778492e-08	8.787044e+00	1.056668e+03
2.410000e-06	1.089889e-09	1.752412e-08	7.712585e+00	1.041066e+03
2.420000e-06	9.376643e-10	1.724875e-08	6.635346e+00	1.024859e+03
2.430000e-06	7.850869e-10	1.696235e-08	5.555613e+00	1.008003e+03
2.440000e-06	6.322037e-10	1.666593e-08	4.473716e+00	9.904537e+02
2.450000e-06	4.790843e-10	1.636023e-08	3.390147e+00	9.721554e+02
2.460000e-06	3.258085e-10	1.603854e-08	2.305471e+00	9.530458e+02
2.470000e-06	1.724272e-10	1.570205e-08	1.220050e+00	9.330534e+02
2.480000e-06	1.899066e-11	1.535154e-08	1.342367e-01	9.120970e+02
2.490000e-06	-1.344353e-10	1.498198e-08	-9.515011e-01	8.900840e+02
2.500000e-06	-2.878047e-10	1.459070e-08	-2.036839e+00	8.669063e+02
2.510000e-06	-4.410477e-10	1.417742e-08	-3.121282e+00	8.424358e+02
2.520000e-06	-5.941059e-10	1.374186e-08	-4.204416e+00	8.165203e+02
2.530000e-06	-7.469199e-10	1.328021e-08	-5.285822e+00	7.889803e+02
2.540000e-06	-8.994268e-10	1.278655e-08	-6.365056e+00	7.596099e+02
2.550000e-06	-1.051568e-09	1.225901e-08	-7.441702e+00	7.281779e+02
2.560000e-06	-1.203296e-09	1.169257e-08	-8.515422e+00	6.944288e+02
2.570000e-06	-1.354570e-09	1.108303e-08	-9.585930e+00	6.580812e+02
2.580000e-06	-1.505356e-09	1.042417e-08	-1.065299e+01	6.188210e+02
2.590000e-06	-1.655608e-09	9.710591e-09	-1.171627e+01	5.762918e+02
2.600000e-06	-1.805276e-09	8.936792e-09	-1.277541e+01	5.300872e+02
2.610000e-06	-1.954328e-09	8.095259e-09	-1.383019e+01	4.797535e+02
2.620000e-06	-2.102689e-09	7.176176e-09	-1.488008e+01	4.248101e+02
2.630000e-06	-2.250275e-09	6.170516e-09	-1.592449e+01	3.647951e+02
2.640000e-06	-2.397044e-09	5.074885e-09	-1.696312e+01	2.993351e+02
2.650000e-06	-2.542978e-09	3.885033e-09	-1.799584e+01	2.282308e+02
2.660000e-06	-2.688003e-09	2.600664e-09	-1.902213e+01	1.515449e+02
2.670000e-06	-2.832017e-09	1.228655e-09	-2.004126e+01	6.967017e+01
2.680000e-06	-2.974966e-09	-2.174530e-10	-2.105285e+01	-1.663875e+01
2.690000e-06	-3.116792e-09	-1.719820e-09	-2.205650e+01	-1.062850e+02
2.700000e-06	-3.257431e-09	-3.256934e-09	-2.305175e+01	-1.979013e+02
2.710000e-06	-3.396815e-09	-4.804008e-09	-2.403811e+01	-2.899653e+02
2.720000e-06	-3.534911e-09	-6.334940e-09	-2.501536e+01	-3.809372e+02
2.730000e-06	-3.671680e-09	-7.824312e-09	-2.598322e+01	-4.693966e+02
2.740000e-06	-3.807068e-09	-9.252019e-09	-2.694131e+01	-5.541519e+02
2.750000e-06	-3.941071e-09	-1.060285e-08	-2.788959e+01	-6.343073e+02
2.760000e-06	-4.073664e-09	-1.186784e-08	-2.882790e+01	-7.092810e+02
2.770000e-06	-4.204809e-09	-1.304227e-08	-2.975596e+01	-7.787794e+02
2.780000e-06	-4.334497e-09	-1.412327e-08	-3.067371e+01	-8.427429e+02
2.790000e-06	-4.462685e-09	-1.511290e-08	-3.158085e+01	-9.012806e+02
2.800000e-06	-4.589296e-09	-1.601481e-08	-3.247683e+01	-9.546097e+02
2.810000e-06	-4.714291e-09	-1.683396e-08	-3.336137e+01	-1.003011e+03
2.820000e-06	-4.837572e-09	-1.757581e-08	-3.423378e+01	-1.046800e+03
2.830000e-06	-4.959087e-09	-1.824420e-08	-3.509370e+01	-1.086315e+03
2.840000e-06	-5.078798e-09	-1.884577e-08	-3.594084e+01	-1.121913e+03
2.850000e-06	-5.196565e-09	-1.938867e-08	-3.677423e+01	-1.153957e+03
2.860000e-06	-5.312255e-09	-1.987910e-08	-3.759292e+01	-1.182810e+03
2.870000e-06	-5.425757e-09	-2.032103e-08	-3.839613e+01	-1.208822e+03
2.880000e-06	-5.537129e-09	-2.071840e-08	-3.918426e+01	-1.232312e+03
2.890000e-06	-5.646459e-09	-2.107805e-08	-3.995794e+01	-1.253564e+03
2.900000e-06	-5.753832e-09	-2.140459e-08	-4.071778e+01	-1.272818e+03
2.910000e-06	-5.859267e-09	-2.170134e-08	-4.146390e+01	-1.290283e+03
2.920000e-06	-5.962601e-09	-2.197068e-08	-4.219515e+01	-1.306144e+03
2.930000e-06	-6.063724e-09	-2.221567e-08	-4.291076e+01	-1.320570e+03
2.940000e-06	-6.162674e-09	-2.243826e-08	-4.361099e+01	-1.333721e+03
2.950000e-06	-6.259517e-09	-2.264011e-08	-4.429631e+01	-1.345749e+03
2.960000e-06	-6.354188e-09	-2.282764e-08	-4.496626e+01	-1.356785e+03
2.970000e-06	-6.446561e-09	-2.300300e-08	-4.561995e+01	-1.366941e+03
2.980000e-06	-6.536666e-09	-2.316517e-08	-4.625758e+01	-1.376299e+03
2.990000e-06	-6.624504e-09	-2.331283e-08	-4.687918e+01	-1.384916e+03
3.000000e-06	-6.709924e-09	-2.344749e-08	-4.748366e+01	-1.392834e+03
3.010000e-06	-6.792925e-09	-2.357266e-08	-4.807102e+01	-1.400089e+03
3.020000e-06	-6.873581e-09	-2.368800e-08	-4.864179e+01	-1.406728e+03
3.030000e-06	-6.951691e-09	-2.379215e-08	-4.919455e+01	-1.412809e+03
3.040000e-06	-7.027080e-09	-2.388679e-08	-4.972804e+01	-1.418404e+03
3.050000e-06	-7.099860e-09	-2.397570e-08	-5.024307e+01	-1.423586e+03
3.060000e-06	-7.170082e-09	-2.406002e-08	-5.074000e+01	-1.428417e+03
3.070000e-06	-7.237721e-09	-2.413713e-08	-5.121865e+01	-1.432942e+03
3.080000e-06	-7.302845e-09	-2.420815e-08	-5.167951e+01	-1.437177e+03
3.090000e-06	-7.365397e-09	-2.427484e-08	-5.212216e+01	-1.441123e+03
3.100000e-06	-7.425284e-09	-2.433776e-08	-5.254596e+01	-1.444769e+03
3.110000e-06	-7.482525e-09	-2.439658e-08	-5.295103e+01	-1.448110e+03
3.120000e-06	-7.536999e-09	-2.444890e-08	-5.333652e+01	-1.451155e+03
3.130000e-06	-7.588530e-09	-2.449676e-08	-5.370118e+01	-1.453928e+03
3.140000e-06	-7.637000e-09	-2.454127e-08	-5.404418e+01	-1.456469e+03
3.150000e-06	-7.682593e-09	-2.458269e-08	-5.436682e+01	-1.458817e+03
3.160000e-06	-7.725692e-09	-2.461966e-08	-5.467181e+01	-1.461000e+03
3.170000e-06	-7.766286e-09	-2.465356e-08	-5.495908e+01	-1.463027e+03
3.180000e-06	-7.804119e-09	-2.468534e-08	-5.522680e+01	-1.464889e+03
3.190000e-06	-7.839187e-09	-2.471588e-08	-5.547496e+01	-1.466566e+03
3.200000e-06	-7.871547e-09	-2.474264e-08	-5.570396e+01	-1.468038e+03
3.210000e-06	-7.900997e-09	-2.476523e-08	-5.591236e+01	-1.469298e+03
3.220000e-06	-7.927581e-09	-2.478585e-08	-5.610049e+01	-1.470354e+03
3.230000e-06	-7.951440e-09	-2.480338e-08	-5.626933e+01	-1.471234e+03
3.240000e-06	-7.972431e-09	-2.481763e-08	-5.641786e+01	-1.471972e+03
3.250000e-06	-7.990609e-09	-2.482869e-08	-5.654650e+01	-1.472597e+03
3.260000e-06	-8.005943e-09	-2.483840e-08	-5.665501e+01	-1.473124e+03
3.270000e-06	-8.018144e-09	-2.484717e-08	-5.674135e+01	-1.473549e+03
3.280000e-06	-8.027379e-09	-2.485399e-08	-5.680670e+01	-1.473854e+03
3.290000e-06	-8.033764e-09	-2.485720e-08	-5.685188e+01	-1.474017e+03
3.300000e-06	-8.037289e-09	-2.485942e-08	-5.687683e+01	-1.474024e+03
3.310000e-06	-8.038108e-09	-2.485735e-08	-5.688262e+01	-1.473877e+03
