# Temperatura_=_55.64
# Concentracion g/m^3_=_22000.0
# C_Vs_to_Am_M_A/Vsm_=_59384043850.047264
# pendiente_HvsI_1/m_=_3716.3
# ordenada_HvsI_A/m_=_1297.0
# frecuencia_Hz_=_301406.51242898504
# Promedio de 20 ciclos

Tiempo_(s)	Campo_(V.s)	Magnetizacion_(V.s)	Campo_(kA/m)	Magnetizacion_(A/m)
0.000000e+00	-6.660764e-09	-2.287296e-08	-4.769739e+01	-1.358305e+03
1.000000e-08	-6.657925e-09	-2.287110e-08	-4.767706e+01	-1.358114e+03
2.000000e-08	-6.652812e-09	-2.286717e-08	-4.764044e+01	-1.357788e+03
3.000000e-08	-6.645641e-09	-2.285861e-08	-4.758909e+01	-1.357323e+03
4.000000e-08	-6.636282e-09	-2.284897e-08	-4.752207e+01	-1.356705e+03
5.000000e-08	-6.624499e-09	-2.283547e-08	-4.743770e+01	-1.355914e+03
6.000000e-08	-6.610233e-09	-2.282474e-08	-4.733554e+01	-1.354939e+03
7.000000e-08	-6.593485e-09	-2.281717e-08	-4.721560e+01	-1.353778e+03
8.000000e-08	-6.574432e-09	-2.276224e-08	-4.707917e+01	-1.352445e+03
9.000000e-08	-6.553024e-09	-2.269979e-08	-4.692587e+01	-1.350966e+03
1.000000e-07	-6.528968e-09	-2.269455e-08	-4.675360e+01	-1.349369e+03
1.100000e-07	-6.502319e-09	-2.270433e-08	-4.656277e+01	-1.347677e+03
1.200000e-07	-6.473500e-09	-2.268262e-08	-4.635640e+01	-1.345902e+03
1.300000e-07	-6.442948e-09	-2.267533e-08	-4.613761e+01	-1.344036e+03
1.400000e-07	-6.410817e-09	-2.265326e-08	-4.590753e+01	-1.342058e+03
1.500000e-07	-6.376698e-09	-2.254392e-08	-4.566320e+01	-1.339942e+03
1.600000e-07	-6.340297e-09	-2.255571e-08	-4.540254e+01	-1.337665e+03
1.700000e-07	-6.301894e-09	-2.250276e-08	-4.512753e+01	-1.335217e+03
1.800000e-07	-6.261199e-09	-2.240138e-08	-4.483612e+01	-1.332604e+03
1.900000e-07	-6.217988e-09	-2.242805e-08	-4.452669e+01	-1.329849e+03
2.000000e-07	-6.172581e-09	-2.236658e-08	-4.420153e+01	-1.326982e+03
2.100000e-07	-6.124883e-09	-2.233464e-08	-4.385996e+01	-1.324029e+03
2.200000e-07	-6.074658e-09	-2.228511e-08	-4.350031e+01	-1.321005e+03
2.300000e-07	-6.021918e-09	-2.219357e-08	-4.312264e+01	-1.317907e+03
2.400000e-07	-5.966848e-09	-2.215574e-08	-4.272829e+01	-1.314717e+03
2.500000e-07	-5.909589e-09	-2.208805e-08	-4.231826e+01	-1.311407e+03
2.600000e-07	-5.850128e-09	-2.203967e-08	-4.189246e+01	-1.307948e+03
2.700000e-07	-5.788591e-09	-2.199578e-08	-4.145179e+01	-1.304320e+03
2.800000e-07	-5.725082e-09	-2.192616e-08	-4.099701e+01	-1.300517e+03
2.900000e-07	-5.659462e-09	-2.185835e-08	-4.052711e+01	-1.296549e+03
3.000000e-07	-5.591681e-09	-2.177978e-08	-4.004174e+01	-1.292433e+03
3.100000e-07	-5.521844e-09	-2.171754e-08	-3.954163e+01	-1.288185e+03
3.200000e-07	-5.450084e-09	-2.162380e-08	-3.902777e+01	-1.283818e+03
3.300000e-07	-5.376327e-09	-2.155596e-08	-3.849960e+01	-1.279330e+03
3.400000e-07	-5.300394e-09	-2.150123e-08	-3.795584e+01	-1.274712e+03
3.500000e-07	-5.222287e-09	-2.140821e-08	-3.739652e+01	-1.269946e+03
3.600000e-07	-5.142020e-09	-2.132793e-08	-3.682173e+01	-1.265018e+03
3.700000e-07	-5.059823e-09	-2.123374e-08	-3.623312e+01	-1.259917e+03
3.800000e-07	-4.976002e-09	-2.114949e-08	-3.563289e+01	-1.254644e+03
3.900000e-07	-4.890625e-09	-2.105800e-08	-3.502150e+01	-1.249205e+03
4.000000e-07	-4.803666e-09	-2.096587e-08	-3.439880e+01	-1.243610e+03
4.100000e-07	-4.715086e-09	-2.087341e-08	-3.376448e+01	-1.237868e+03
4.200000e-07	-4.624755e-09	-2.077480e-08	-3.311762e+01	-1.231977e+03
4.300000e-07	-4.532651e-09	-2.067782e-08	-3.245807e+01	-1.225930e+03
4.400000e-07	-4.438931e-09	-2.056362e-08	-3.178694e+01	-1.219713e+03
4.500000e-07	-4.343688e-09	-2.045536e-08	-3.110492e+01	-1.213313e+03
4.600000e-07	-4.246909e-09	-2.034562e-08	-3.041188e+01	-1.206721e+03
4.700000e-07	-4.148512e-09	-2.023568e-08	-2.970727e+01	-1.199934e+03
4.800000e-07	-4.048534e-09	-2.012019e-08	-2.899133e+01	-1.192959e+03
4.900000e-07	-3.947156e-09	-1.999978e-08	-2.826537e+01	-1.185805e+03
5.000000e-07	-3.844458e-09	-1.987847e-08	-2.752996e+01	-1.178478e+03
5.100000e-07	-3.740440e-09	-1.974919e-08	-2.678508e+01	-1.170977e+03
5.200000e-07	-3.635014e-09	-1.961662e-08	-2.603014e+01	-1.163290e+03
5.300000e-07	-3.528161e-09	-1.948009e-08	-2.526496e+01	-1.155397e+03
5.400000e-07	-3.420016e-09	-1.934506e-08	-2.449055e+01	-1.147277e+03
5.500000e-07	-3.310707e-09	-1.920687e-08	-2.370779e+01	-1.138910e+03
5.600000e-07	-3.200296e-09	-1.906437e-08	-2.291714e+01	-1.130285e+03
5.700000e-07	-3.088770e-09	-1.891600e-08	-2.211851e+01	-1.121404e+03
5.800000e-07	-2.976090e-09	-1.876270e-08	-2.131161e+01	-1.112275e+03
5.900000e-07	-2.862228e-09	-1.860511e-08	-2.049626e+01	-1.102910e+03
6.000000e-07	-2.747170e-09	-1.844258e-08	-1.967233e+01	-1.093315e+03
6.100000e-07	-2.630944e-09	-1.827578e-08	-1.884004e+01	-1.083488e+03
6.200000e-07	-2.513704e-09	-1.810602e-08	-1.800050e+01	-1.073416e+03
6.300000e-07	-2.395582e-09	-1.793522e-08	-1.715463e+01	-1.063077e+03
6.400000e-07	-2.276639e-09	-1.775714e-08	-1.630288e+01	-1.052446e+03
6.500000e-07	-2.156927e-09	-1.757126e-08	-1.544563e+01	-1.041505e+03
6.600000e-07	-2.036464e-09	-1.737993e-08	-1.458300e+01	-1.030243e+03
6.700000e-07	-1.915234e-09	-1.718545e-08	-1.371488e+01	-1.018660e+03
6.800000e-07	-1.793257e-09	-1.698573e-08	-1.284141e+01	-1.006759e+03
6.900000e-07	-1.670598e-09	-1.677977e-08	-1.196306e+01	-9.945453e+02
7.000000e-07	-1.547303e-09	-1.656831e-08	-1.108014e+01	-9.820154e+02
7.100000e-07	-1.423415e-09	-1.635154e-08	-1.019299e+01	-9.691534e+02
7.200000e-07	-1.299012e-09	-1.612877e-08	-9.302148e+00	-9.559319e+02
7.300000e-07	-1.174189e-09	-1.589818e-08	-8.408289e+00	-9.423161e+02
7.400000e-07	-1.048986e-09	-1.566164e-08	-7.511723e+00	-9.282707e+02
7.500000e-07	-9.234341e-10	-1.541813e-08	-6.612649e+00	-9.137668e+02
7.600000e-07	-7.975793e-10	-1.516712e-08	-5.711409e+00	-8.987852e+02
7.700000e-07	-6.714857e-10	-1.490731e-08	-4.808459e+00	-8.833148e+02
7.800000e-07	-5.452031e-10	-1.463867e-08	-3.904155e+00	-8.673467e+02
7.900000e-07	-4.187477e-10	-1.436027e-08	-2.998614e+00	-8.508647e+02
8.000000e-07	-2.921383e-10	-1.407006e-08	-2.091971e+00	-8.338375e+02
8.100000e-07	-1.654280e-10	-1.376988e-08	-1.184605e+00	-8.162143e+02
8.200000e-07	-3.865993e-11	-1.346146e-08	-2.768244e-01	-7.979261e+02
8.300000e-07	8.812804e-11	-1.314332e-08	6.310979e-01	-7.788924e+02
8.400000e-07	2.148714e-10	-1.281124e-08	1.538701e+00	-7.590314e+02
8.500000e-07	3.415285e-10	-1.246170e-08	2.445686e+00	-7.382697e+02
8.600000e-07	4.680704e-10	-1.209335e-08	3.351846e+00	-7.165486e+02
8.700000e-07	5.944494e-10	-1.170768e-08	4.256840e+00	-6.938240e+02
8.800000e-07	7.206317e-10	-1.130342e-08	5.160424e+00	-6.700598e+02
8.900000e-07	8.465966e-10	-1.088132e-08	6.062453e+00	-6.452174e+02
9.000000e-07	9.722849e-10	-1.044239e-08	6.962500e+00	-6.192439e+02
9.100000e-07	1.097643e-09	-9.985187e-09	7.860182e+00	-5.920626e+02
9.200000e-07	1.222653e-09	-9.506437e-09	8.755376e+00	-5.635688e+02
9.300000e-07	1.347276e-09	-9.001026e-09	9.647792e+00	-5.336320e+02
9.400000e-07	1.471428e-09	-8.466745e-09	1.053684e+01	-5.021028e+02
9.500000e-07	1.595023e-09	-7.902028e-09	1.142190e+01	-4.688227e+02
9.600000e-07	1.717990e-09	-7.304703e-09	1.230245e+01	-4.336339e+02
9.700000e-07	1.840301e-09	-6.673077e-09	1.317832e+01	-3.963871e+02
9.800000e-07	1.961929e-09	-6.005881e-09	1.404929e+01	-3.569468e+02
9.900000e-07	2.082801e-09	-5.299970e-09	1.491485e+01	-3.151946e+02
1.000000e-06	2.202887e-09	-4.552891e-09	1.577478e+01	-2.710334e+02
1.010000e-06	2.322181e-09	-3.763255e-09	1.662903e+01	-2.243943e+02
1.020000e-06	2.440671e-09	-2.931316e-09	1.747754e+01	-1.752473e+02
1.030000e-06	2.558323e-09	-2.057026e-09	1.832004e+01	-1.236150e+02
1.040000e-06	2.675045e-09	-1.141595e-09	1.915588e+01	-6.958897e+01
1.050000e-06	2.790687e-09	-1.889595e-10	1.998398e+01	-1.334280e+01
1.060000e-06	2.905128e-09	7.956295e-10	2.080349e+01	4.485990e+01
1.070000e-06	3.018359e-09	1.805693e-09	2.161433e+01	1.046664e+02
1.080000e-06	3.130426e-09	2.835264e-09	2.241684e+01	1.656460e+02
1.090000e-06	3.241376e-09	3.876330e-09	2.321134e+01	2.273101e+02
1.100000e-06	3.351246e-09	4.920576e-09	2.399812e+01	2.891386e+02
1.110000e-06	3.460071e-09	5.959245e-09	2.477741e+01	3.506096e+02
1.120000e-06	3.567743e-09	6.983366e-09	2.554844e+01	4.112263e+02
1.130000e-06	3.674072e-09	7.984755e-09	2.630986e+01	4.705392e+02
1.140000e-06	3.778971e-09	8.955229e-09	2.706104e+01	5.281606e+02
1.150000e-06	3.882445e-09	9.889711e-09	2.780200e+01	5.837722e+02
1.160000e-06	3.984549e-09	1.078587e-08	2.853317e+01	6.371250e+02
1.170000e-06	4.085306e-09	1.164347e-08	2.925468e+01	6.880352e+02
1.180000e-06	4.184589e-09	1.245904e-08	2.996564e+01	7.363782e+02
1.190000e-06	4.282244e-09	1.322828e-08	3.066494e+01	7.820815e+02
1.200000e-06	4.378259e-09	1.395222e-08	3.135251e+01	8.251187e+02
1.210000e-06	4.472729e-09	1.463279e-08	3.202900e+01	8.655041e+02
1.220000e-06	4.565755e-09	1.526915e-08	3.269515e+01	9.032880e+02
1.230000e-06	4.657284e-09	1.586060e-08	3.335059e+01	9.385513e+02
1.240000e-06	4.747103e-09	1.641130e-08	3.399377e+01	9.713993e+02
1.250000e-06	4.835113e-09	1.692522e-08	3.462401e+01	1.001955e+03
1.260000e-06	4.921417e-09	1.740326e-08	3.524203e+01	1.030349e+03
1.270000e-06	5.006128e-09	1.784562e-08	3.584864e+01	1.056718e+03
1.280000e-06	5.089170e-09	1.825556e-08	3.644330e+01	1.081193e+03
1.290000e-06	5.170342e-09	1.863776e-08	3.702456e+01	1.103898e+03
1.300000e-06	5.249578e-09	1.899194e-08	3.759197e+01	1.124953e+03
1.310000e-06	5.326919e-09	1.931694e-08	3.814580e+01	1.144471e+03
1.320000e-06	5.402255e-09	1.961642e-08	3.868528e+01	1.162561e+03
1.330000e-06	5.475462e-09	1.989639e-08	3.920951e+01	1.179329e+03
1.340000e-06	5.546635e-09	2.015820e-08	3.971918e+01	1.194882e+03
1.350000e-06	5.615896e-09	2.040124e-08	4.021516e+01	1.209320e+03
1.360000e-06	5.683160e-09	2.062767e-08	4.069683e+01	1.222736e+03
1.370000e-06	5.748291e-09	2.083894e-08	4.116323e+01	1.235210e+03
1.380000e-06	5.811374e-09	2.103390e-08	4.161496e+01	1.246809e+03
1.390000e-06	5.872571e-09	2.121220e-08	4.205319e+01	1.257584e+03
1.400000e-06	5.931794e-09	2.137607e-08	4.247729e+01	1.267574e+03
1.410000e-06	5.988830e-09	2.152815e-08	4.288571e+01	1.276812e+03
1.420000e-06	6.043660e-09	2.166905e-08	4.327835e+01	1.285330e+03
1.430000e-06	6.096187e-09	2.179851e-08	4.365449e+01	1.293165e+03
1.440000e-06	6.146161e-09	2.191841e-08	4.401235e+01	1.300363e+03
1.450000e-06	6.193680e-09	2.203038e-08	4.435263e+01	1.306976e+03
1.460000e-06	6.239085e-09	2.213276e-08	4.467778e+01	1.313057e+03
1.470000e-06	6.282376e-09	2.222418e-08	4.498778e+01	1.318657e+03
1.480000e-06	6.323311e-09	2.230706e-08	4.528091e+01	1.323819e+03
1.490000e-06	6.361962e-09	2.238490e-08	4.555769e+01	1.328572e+03
1.500000e-06	6.398546e-09	2.245689e-08	4.581966e+01	1.332931e+03
1.510000e-06	6.432880e-09	2.252246e-08	4.606553e+01	1.336905e+03
1.520000e-06	6.464824e-09	2.258304e-08	4.629428e+01	1.340499e+03
1.530000e-06	6.494578e-09	2.263866e-08	4.650734e+01	1.343722e+03
1.540000e-06	6.522147e-09	2.268762e-08	4.670477e+01	1.346588e+03
1.550000e-06	6.547269e-09	2.272842e-08	4.688467e+01	1.349120e+03
1.560000e-06	6.569973e-09	2.276320e-08	4.704724e+01	1.351345e+03
1.570000e-06	6.590548e-09	2.279431e-08	4.719458e+01	1.353289e+03
1.580000e-06	6.608918e-09	2.282148e-08	4.732612e+01	1.354972e+03
1.590000e-06	6.624828e-09	2.284349e-08	4.744006e+01	1.356406e+03
1.600000e-06	6.638265e-09	2.286222e-08	4.753628e+01	1.357597e+03
1.610000e-06	6.649094e-09	2.287860e-08	4.761383e+01	1.358547e+03
1.620000e-06	6.657321e-09	2.289223e-08	4.767274e+01	1.359260e+03
1.630000e-06	6.663245e-09	2.290126e-08	4.771516e+01	1.359746e+03
1.640000e-06	6.666927e-09	2.290490e-08	4.774152e+01	1.360024e+03
1.650000e-06	6.668216e-09	2.290377e-08	4.775075e+01	1.360118e+03
1.660000e-06	6.667182e-09	2.290345e-08	4.774335e+01	1.360053e+03
1.670000e-06	6.664097e-09	2.289755e-08	4.772126e+01	1.359847e+03
1.680000e-06	6.658818e-09	2.288759e-08	4.768346e+01	1.359507e+03
1.690000e-06	6.651243e-09	2.287798e-08	4.762921e+01	1.359026e+03
1.700000e-06	6.641569e-09	2.286721e-08	4.755994e+01	1.358390e+03
1.710000e-06	6.629720e-09	2.285287e-08	4.747509e+01	1.357580e+03
1.720000e-06	6.615511e-09	2.282119e-08	4.737333e+01	1.356585e+03
1.730000e-06	6.599161e-09	2.282270e-08	4.725625e+01	1.355404e+03
1.740000e-06	6.580804e-09	2.285705e-08	4.712480e+01	1.354055e+03
1.750000e-06	6.559802e-09	2.282100e-08	4.697440e+01	1.352561e+03
1.760000e-06	6.535640e-09	2.275131e-08	4.680138e+01	1.350953e+03
1.770000e-06	6.508756e-09	2.270537e-08	4.660887e+01	1.349252e+03
1.780000e-06	6.479582e-09	2.261277e-08	4.639995e+01	1.347467e+03
1.790000e-06	6.448440e-09	2.263244e-08	4.617694e+01	1.345590e+03
1.800000e-06	6.415698e-09	2.267937e-08	4.594248e+01	1.343599e+03
1.810000e-06	6.381048e-09	2.253332e-08	4.569436e+01	1.341467e+03
1.820000e-06	6.344194e-09	2.255316e-08	4.543044e+01	1.339171e+03
1.830000e-06	6.305161e-09	2.253715e-08	4.515093e+01	1.336705e+03
1.840000e-06	6.263811e-09	2.242187e-08	4.485482e+01	1.334075e+03
1.850000e-06	6.220365e-09	2.242417e-08	4.454371e+01	1.331307e+03
1.860000e-06	6.174804e-09	2.229666e-08	4.421745e+01	1.328429e+03
1.870000e-06	6.126875e-09	2.228840e-08	4.387423e+01	1.325468e+03
1.880000e-06	6.076748e-09	2.229762e-08	4.351527e+01	1.322436e+03
1.890000e-06	6.024123e-09	2.219525e-08	4.313843e+01	1.319330e+03
1.900000e-06	5.969010e-09	2.217023e-08	4.274376e+01	1.316129e+03
1.910000e-06	5.911770e-09	2.205974e-08	4.233387e+01	1.312804e+03
1.920000e-06	5.852441e-09	2.202202e-08	4.190902e+01	1.309327e+03
1.930000e-06	5.791021e-09	2.197359e-08	4.146919e+01	1.305680e+03
1.940000e-06	5.727404e-09	2.186265e-08	4.101364e+01	1.301859e+03
1.950000e-06	5.661735e-09	2.184675e-08	4.054338e+01	1.297874e+03
1.960000e-06	5.594022e-09	2.176943e-08	4.005849e+01	1.293743e+03
1.970000e-06	5.524061e-09	2.172802e-08	3.955751e+01	1.289482e+03
1.980000e-06	5.452024e-09	2.160955e-08	3.904165e+01	1.285102e+03
1.990000e-06	5.378037e-09	2.151519e-08	3.851184e+01	1.280601e+03
2.000000e-06	5.302014e-09	2.148088e-08	3.796744e+01	1.275968e+03
2.010000e-06	5.223823e-09	2.136904e-08	3.740751e+01	1.271185e+03
2.020000e-06	5.143656e-09	2.130245e-08	3.683344e+01	1.266238e+03
2.030000e-06	5.061774e-09	2.119852e-08	3.624709e+01	1.261119e+03
2.040000e-06	4.978152e-09	2.113529e-08	3.564828e+01	1.255827e+03
2.050000e-06	4.892684e-09	2.104072e-08	3.503625e+01	1.250371e+03
2.060000e-06	4.805326e-09	2.092211e-08	3.441068e+01	1.244760e+03
2.070000e-06	4.716309e-09	2.083500e-08	3.377323e+01	1.239002e+03
2.080000e-06	4.625721e-09	2.073198e-08	3.312453e+01	1.233095e+03
2.090000e-06	4.533531e-09	2.064681e-08	3.246437e+01	1.227030e+03
2.100000e-06	4.439650e-09	2.052055e-08	3.179209e+01	1.220795e+03
2.110000e-06	4.344095e-09	2.041916e-08	3.110782e+01	1.214374e+03
2.120000e-06	4.247045e-09	2.031449e-08	3.041286e+01	1.207761e+03
2.130000e-06	4.148574e-09	2.019584e-08	2.970771e+01	1.200953e+03
2.140000e-06	4.048693e-09	2.007193e-08	2.899247e+01	1.193959e+03
2.150000e-06	3.947228e-09	1.994736e-08	2.826588e+01	1.186786e+03
2.160000e-06	3.844176e-09	1.983956e-08	2.752793e+01	1.179441e+03
2.170000e-06	3.739724e-09	1.971149e-08	2.677995e+01	1.171920e+03
2.180000e-06	3.634046e-09	1.957782e-08	2.602320e+01	1.164212e+03
2.190000e-06	3.527228e-09	1.944110e-08	2.525828e+01	1.156296e+03
2.200000e-06	3.419242e-09	1.931075e-08	2.448500e+01	1.148150e+03
2.210000e-06	3.310047e-09	1.916778e-08	2.370306e+01	1.139755e+03
2.220000e-06	3.199577e-09	1.901452e-08	2.291199e+01	1.131103e+03
2.230000e-06	3.087885e-09	1.886293e-08	2.211216e+01	1.122194e+03
2.240000e-06	2.975002e-09	1.871681e-08	2.130382e+01	1.113039e+03
2.250000e-06	2.861001e-09	1.856122e-08	2.048746e+01	1.103649e+03
2.260000e-06	2.745941e-09	1.839264e-08	1.966352e+01	1.094030e+03
2.270000e-06	2.629760e-09	1.822369e-08	1.883156e+01	1.084178e+03
2.280000e-06	2.512441e-09	1.805573e-08	1.799144e+01	1.074078e+03
2.290000e-06	2.394067e-09	1.788267e-08	1.714378e+01	1.063709e+03
2.300000e-06	2.274776e-09	1.769701e-08	1.628953e+01	1.053045e+03
2.310000e-06	2.154666e-09	1.751327e-08	1.542943e+01	1.042070e+03
2.320000e-06	2.033833e-09	1.732880e-08	1.456415e+01	1.030774e+03
2.330000e-06	1.912332e-09	1.713675e-08	1.369409e+01	1.019155e+03
2.340000e-06	1.790186e-09	1.692994e-08	1.281941e+01	1.007221e+03
2.350000e-06	1.667436e-09	1.671987e-08	1.194040e+01	9.949739e+02
2.360000e-06	1.544128e-09	1.651173e-08	1.105740e+01	9.824093e+02
2.370000e-06	1.420291e-09	1.629593e-08	1.017061e+01	9.695102e+02
2.380000e-06	1.295939e-09	1.607052e-08	9.280128e+00	9.562481e+02
2.390000e-06	1.171096e-09	1.583878e-08	8.386137e+00	9.425878e+02
2.400000e-06	1.045822e-09	1.560560e-08	7.489058e+00	9.284944e+02
2.410000e-06	9.201502e-10	1.536133e-08	6.589127e+00	9.139399e+02
2.420000e-06	7.941162e-10	1.510319e-08	5.686605e+00	8.989063e+02
2.430000e-06	6.677941e-10	1.484011e-08	4.782019e+00	8.833831e+02
2.440000e-06	5.412395e-10	1.457453e-08	3.875768e+00	8.673608e+02
2.450000e-06	4.144742e-10	1.429958e-08	2.968009e+00	8.508221e+02
2.460000e-06	2.875325e-10	1.400939e-08	2.058987e+00	8.337337e+02
2.470000e-06	1.604705e-10	1.371024e-08	1.149103e+00	8.160428e+02
2.480000e-06	3.333850e-11	1.340435e-08	2.387174e-01	7.976786e+02
2.490000e-06	-9.380913e-11	1.308424e-08	-6.717800e-01	7.785600e+02
2.500000e-06	-2.209183e-10	1.274708e-08	-1.582002e+00	7.586056e+02
2.510000e-06	-3.479185e-10	1.239532e-08	-2.491444e+00	7.377436e+02
2.520000e-06	-4.747622e-10	1.203113e-08	-3.399764e+00	7.159168e+02
2.530000e-06	-6.014129e-10	1.164837e-08	-4.306703e+00	6.930824e+02
2.540000e-06	-7.278194e-10	1.124552e-08	-5.211892e+00	6.692045e+02
2.550000e-06	-8.539304e-10	1.082534e-08	-6.114966e+00	6.442438e+02
2.560000e-06	-9.797075e-10	1.038983e-08	-7.015649e+00	6.181450e+02
2.570000e-06	-1.105118e-09	9.934715e-09	-7.913707e+00	5.908284e+02
2.580000e-06	-1.230103e-09	9.452239e-09	-8.808720e+00	5.621866e+02
2.590000e-06	-1.354614e-09	8.944208e-09	-9.700336e+00	5.320865e+02
2.600000e-06	-1.478618e-09	8.413060e-09	-1.058832e+01	5.003772e+02
2.610000e-06	-1.602078e-09	7.853437e-09	-1.147241e+01	4.668999e+02
2.620000e-06	-1.724945e-09	7.258932e-09	-1.235226e+01	4.314975e+02
2.630000e-06	-1.847173e-09	6.629765e-09	-1.322752e+01	3.940219e+02
2.640000e-06	-1.968749e-09	5.967919e-09	-1.409812e+01	3.543391e+02
2.650000e-06	-2.089679e-09	5.267942e-09	-1.496410e+01	3.123329e+02
2.660000e-06	-2.209922e-09	4.523363e-09	-1.582515e+01	2.679088e+02
2.670000e-06	-2.329360e-09	3.735617e-09	-1.668044e+01	2.210016e+02
2.680000e-06	-2.447867e-09	2.907753e-09	-1.752907e+01	1.715860e+02
2.690000e-06	-2.565389e-09	2.038085e-09	-1.837063e+01	1.196914e+02
2.700000e-06	-2.681883e-09	1.127697e-09	-1.920484e+01	6.541760e+01
2.710000e-06	-2.797276e-09	1.818241e-10	-2.003116e+01	8.947490e+00
2.720000e-06	-2.911508e-09	-7.954318e-10	-2.084917e+01	-4.944551e+01
2.730000e-06	-3.024513e-09	-1.799523e-09	-2.165839e+01	-1.093996e+02
2.740000e-06	-3.136258e-09	-2.824860e-09	-2.245859e+01	-1.704768e+02
2.750000e-06	-3.246746e-09	-3.862582e-09	-2.324979e+01	-2.321837e+02
2.760000e-06	-3.356044e-09	-4.900825e-09	-2.403247e+01	-2.939988e+02
2.770000e-06	-3.464264e-09	-5.931079e-09	-2.480743e+01	-3.554015e+02
2.780000e-06	-3.571413e-09	-6.947937e-09	-2.557472e+01	-4.158990e+02
2.790000e-06	-3.677417e-09	-7.942945e-09	-2.633381e+01	-4.750481e+02
2.800000e-06	-3.782174e-09	-8.908345e-09	-2.708397e+01	-5.324683e+02
2.810000e-06	-3.885534e-09	-9.839367e-09	-2.782412e+01	-5.878487e+02
2.820000e-06	-3.987356e-09	-1.073400e-08	-2.855326e+01	-6.409475e+02
2.830000e-06	-4.087665e-09	-1.158979e-08	-2.927157e+01	-6.915877e+02
2.840000e-06	-4.186575e-09	-1.240120e-08	-2.997986e+01	-7.396506e+02
2.850000e-06	-4.284113e-09	-1.316535e-08	-3.067833e+01	-7.850688e+02
2.860000e-06	-4.380210e-09	-1.388376e-08	-3.136647e+01	-8.278206e+02
2.870000e-06	-4.474705e-09	-1.455820e-08	-3.204315e+01	-8.679244e+02
2.880000e-06	-4.567543e-09	-1.518885e-08	-3.270795e+01	-9.054339e+02
2.890000e-06	-4.658804e-09	-1.577798e-08	-3.336146e+01	-9.404332e+02
2.900000e-06	-4.748468e-09	-1.633027e-08	-3.400355e+01	-9.730296e+02
2.910000e-06	-4.836476e-09	-1.684558e-08	-3.463376e+01	-1.003347e+03
2.920000e-06	-4.922711e-09	-1.732175e-08	-3.525129e+01	-1.031518e+03
2.930000e-06	-5.007105e-09	-1.776189e-08	-3.585563e+01	-1.057678e+03
2.940000e-06	-5.089745e-09	-1.817074e-08	-3.644742e+01	-1.081957e+03
2.950000e-06	-5.170695e-09	-1.855143e-08	-3.702709e+01	-1.104480e+03
2.960000e-06	-5.249784e-09	-1.890561e-08	-3.759345e+01	-1.125366e+03
2.970000e-06	-5.326741e-09	-1.923415e-08	-3.814453e+01	-1.144725e+03
2.980000e-06	-5.401606e-09	-1.953894e-08	-3.868063e+01	-1.162668e+03
2.990000e-06	-5.474568e-09	-1.982124e-08	-3.920311e+01	-1.179302e+03
3.000000e-06	-5.545581e-09	-2.008193e-08	-3.971163e+01	-1.194731e+03
3.010000e-06	-5.614507e-09	-2.032334e-08	-4.020520e+01	-1.209055e+03
3.020000e-06	-5.681402e-09	-2.054823e-08	-4.068424e+01	-1.222366e+03
3.030000e-06	-5.746392e-09	-2.075780e-08	-4.114963e+01	-1.234744e+03
3.040000e-06	-5.809403e-09	-2.095237e-08	-4.160085e+01	-1.246252e+03
3.050000e-06	-5.870264e-09	-2.113345e-08	-4.203667e+01	-1.256941e+03
3.060000e-06	-5.928969e-09	-2.130231e-08	-4.245705e+01	-1.266849e+03
3.070000e-06	-5.985646e-09	-2.146025e-08	-4.286291e+01	-1.276009e+03
3.080000e-06	-6.040191e-09	-2.160608e-08	-4.325350e+01	-1.284452e+03
3.090000e-06	-6.092327e-09	-2.173897e-08	-4.362685e+01	-1.292217e+03
3.100000e-06	-6.141883e-09	-2.186089e-08	-4.398171e+01	-1.299350e+03
3.110000e-06	-6.188917e-09	-2.197292e-08	-4.431852e+01	-1.305903e+03
3.120000e-06	-6.233819e-09	-2.207699e-08	-4.464006e+01	-1.311930e+03
3.130000e-06	-6.276815e-09	-2.217256e-08	-4.494795e+01	-1.317482e+03
3.140000e-06	-6.317805e-09	-2.225917e-08	-4.524148e+01	-1.322599e+03
3.150000e-06	-6.356625e-09	-2.233822e-08	-4.551947e+01	-1.327309e+03
3.160000e-06	-6.393132e-09	-2.241147e-08	-4.578090e+01	-1.331626e+03
3.170000e-06	-6.427394e-09	-2.247872e-08	-4.602624e+01	-1.335559e+03
3.180000e-06	-6.459445e-09	-2.254075e-08	-4.625576e+01	-1.339113e+03
3.190000e-06	-6.489102e-09	-2.259623e-08	-4.646813e+01	-1.342297e+03
3.200000e-06	-6.516394e-09	-2.264568e-08	-4.666357e+01	-1.345126e+03
3.210000e-06	-6.541478e-09	-2.268962e-08	-4.684319e+01	-1.347625e+03
3.220000e-06	-6.564230e-09	-2.272649e-08	-4.700612e+01	-1.349818e+03
3.230000e-06	-6.584582e-09	-2.275845e-08	-4.715186e+01	-1.351733e+03
3.240000e-06	-6.602678e-09	-2.278549e-08	-4.728144e+01	-1.353389e+03
3.250000e-06	-6.618491e-09	-2.281008e-08	-4.739468e+01	-1.354797e+03
3.260000e-06	-6.631691e-09	-2.283197e-08	-4.748920e+01	-1.355963e+03
3.270000e-06	-6.642303e-09	-2.284850e-08	-4.756519e+01	-1.356887e+03
3.280000e-06	-6.650624e-09	-2.286013e-08	-4.762478e+01	-1.357575e+03
3.290000e-06	-6.656560e-09	-2.286771e-08	-4.766728e+01	-1.358038e+03
3.300000e-06	-6.660098e-09	-2.287355e-08	-4.769262e+01	-1.358295e+03
3.310000e-06	-6.661437e-09	-2.287695e-08	-4.770221e+01	-1.358371e+03
