# Configuracion:
# Concentracion g/m^3_=_22000.0
# C_Vs_to_Am_M_A/Vsm_=_59384043850.047264
# pendiente_HvsI_1/m_=_3716.3
# ordenada_HvsI_A/m_=_1297.0
# frecuencia_ref_Hz_=_301421.9192418635
# 
Resultados:
# tau_ns_=_(1.96+/-0.06)e+02
# dphi_rad_=_6.64+/-0.01
# SAR_W/g_=_1397.53+/-10.12
# Hc_kA/m_=_20.43+/-0.50
# Mr_A/m_=_816.69+/-15.93
# Magnetizacion_max_=_1379.50+/-26.12
# Suceptibilidad_a_M=0_=_(7.343+/-0.365)e-02

Nombre_archivo	Time_m_(s)	Temperatura_(ºC)	Mr_(A/m)	Hc_(kA/m)	Campo_max_(A/m)	Mag_max_(A/m)	f0	mag0	dphi0	SAR_(W/g)	Tau_(ns)	N	xi_M_0
300kHz_125dA_100Mss_bobN1M19-0009.txt	4.14	25.45	780.66	21.16	47750.75	1339.13	3.013994e+05	1.106061e+02	6.653598e+00	1396.17	205.053141	4645	6.566e-02
300kHz_125dA_100Mss_bobN1M19-0010.txt	4.59	28.20	791.30	21.14	47750.75	1344.34	3.013994e+05	1.112821e+02	6.654111e+00	1406.56	205.364810	4645	6.744e-02
300kHz_125dA_100Mss_bobN1M19-0011.txt	5.04	30.95	796.37	21.04	47750.75	1349.61	3.013994e+05	1.118830e+02	6.652129e+00	1406.95	204.160641	4645	6.886e-02
300kHz_125dA_100Mss_bobN1M19-0012.txt	5.49	33.74	798.00	21.05	47750.75	1349.10	3.013994e+05	1.119281e+02	6.652368e+00	1408.39	204.307114	4645	6.943e-02
300kHz_125dA_100Mss_bobN1M19-0013.txt	5.95	36.59	802.99	20.88	47750.75	1357.34	3.013994e+05	1.127441e+02	6.648740e+00	1405.34	202.105583	4645	7.083e-02
300kHz_125dA_100Mss_bobN1M19-0014.txt	6.39	39.32	803.95	20.93	47750.75	1354.39	3.013994e+05	1.125666e+02	6.650142e+00	1408.27	202.956159	4645	7.132e-02
300kHz_125dA_100Mss_bobN1M19-0015.txt	6.84	42.11	805.15	20.90	47750.75	1355.45	3.013994e+05	1.126755e+02	6.649914e+00	1408.79	202.819052	4645	7.124e-02
300kHz_125dA_100Mss_bobN1M19-0016.txt	7.3	44.93	808.42	20.77	47750.75	1361.86	3.013994e+05	1.133174e+02	6.646627e+00	1404.69	200.829786	4645	7.240e-02
300kHz_125dA_100Mss_bobN1M19-0017.txt	7.75	47.68	810.79	20.71	47750.75	1361.00	3.013994e+05	1.134111e+02	6.645903e+00	1403.17	200.391922	4645	7.073e-02
300kHz_125dA_100Mss_bobN1M19-0018.txt	8.2	50.38	812.26	20.62	47750.75	1364.41	3.013994e+05	1.137249e+02	6.644025e+00	1400.09	199.257133	4645	7.109e-02
300kHz_125dA_100Mss_bobN1M19-0019.txt	9.12	55.78	815.44	20.50	47750.75	1371.78	3.013994e+05	1.144482e+02	6.641257e+00	1398.65	197.590067	4645	7.273e-02
300kHz_125dA_100Mss_bobN1M19-0020.txt	9.58	58.41	817.88	20.38	47750.75	1378.52	3.013994e+05	1.150233e+02	6.638586e+00	1395.64	195.984157	4645	7.368e-02
300kHz_125dA_100Mss_bobN1M19-0021.txt	10.02	60.91	819.83	20.36	47750.75	1379.40	3.013994e+05	1.151608e+02	6.638474e+00	1396.89	195.917859	4645	7.373e-02
300kHz_125dA_100Mss_bobN1M19-0022.txt	10.48	63.54	823.42	20.34	47750.75	1384.07	3.013994e+05	1.155902e+02	6.638024e+00	1400.40	195.647432	4645	7.432e-02
300kHz_125dA_100Mss_bobN1M19-0023.txt	10.93	66.10	827.40	20.23	47750.75	1392.37	3.013994e+05	1.163504e+02	6.635635e+00	1400.51	194.214143	4645	7.513e-02
300kHz_125dA_100Mss_bobN1M19-0024.txt	11.4	68.82	830.28	20.14	47750.75	1399.45	3.013994e+05	1.169948e+02	6.633290e+00	1399.29	192.810729	4645	7.671e-02
300kHz_125dA_100Mss_bobN1M19-0025.txt	11.85	71.43	832.48	20.08	47750.75	1402.11	3.013994e+05	1.172676e+02	6.632353e+00	1398.95	192.249339	4645	7.707e-02
300kHz_125dA_100Mss_bobN1M19-0026.txt	12.3	74.01	835.12	19.95	47750.75	1407.60	3.013994e+05	1.178400e+02	6.629588e+00	1395.10	190.597446	4645	7.810e-02
300kHz_125dA_100Mss_bobN1M19-0027.txt	12.83	77.03	835.01	19.91	47750.75	1409.88	3.013994e+05	1.180228e+02	6.628570e+00	1393.32	189.991133	4645	7.815e-02
300kHz_125dA_100Mss_bobN1M19-0028.txt	13.28	79.54	835.90	19.81	47750.75	1414.81	3.013994e+05	1.184701e+02	6.626077e+00	1388.91	188.504580	4645	7.885e-02
300kHz_125dA_100Mss_bobN1M19-0029.txt	13.75	82.12	834.73	19.73	47750.75	1414.03	3.013994e+05	1.184375e+02	6.624429e+00	1382.12	187.524102	4645	7.655e-02
300kHz_125dA_100Mss_bobN1M19-0030.txt	14.2	84.48	833.59	19.67	47750.75	1415.98	3.013994e+05	1.185775e+02	6.622944e+00	1377.96	186.642196	4645	7.675e-02
300kHz_125dA_100Mss_bobN1M19-0031.txt	14.68	86.83	832.96	19.50	47750.75	1421.79	3.013994e+05	1.190881e+02	6.618662e+00	1367.11	184.101269	4645	7.807e-02
