# Configuracion:
# Concentracion g/m^3_=_22000.0
# C_Vs_to_Am_M_A/Vsm_=_59384043850.047264
# pendiente_HvsI_1/m_=_3716.3
# ordenada_HvsI_A/m_=_1297.0
# frecuencia_ref_Hz_=_301646.5037799064
# 
Resultados:
# tau_ns_=_(1.62+/-0.08)e+02
# dphi_rad_=_6.58+/-0.01
# SAR_W/g_=_1553.83+/-69.43
# Hc_kA/m_=_20.96+/-0.75
# Mr_A/m_=_908.83+/-16.78
# Magnetizacion_max_=_1478.42+/-20.16
# Suceptibilidad_a_M=0_=_(8.573+/-0.300)e-02

Nombre_archivo	Time_m_(s)	Temperatura_(ºC)	Mr_(A/m)	Hc_(kA/m)	Campo_max_(A/m)	Mag_max_(A/m)	f0	mag0	dphi0	SAR_(W/g)	Tau_(ns)	N	xi_M_0
300kHz_150dA_100Mss_bobN1M19-0007.txt	3.28	24.40	895.58	22.18	57041.50	1456.76	3.016591e+05	1.241987e+02	6.602835e+00	1627.07	174.634563	4641	7.874e-02
300kHz_150dA_100Mss_bobN1M19-0008.txt	3.74	27.53	902.82	22.07	57041.50	1462.60	3.016591e+05	1.248594e+02	6.601279e+00	1628.04	173.724468	4641	8.051e-02
300kHz_150dA_100Mss_bobN1M19-0009.txt	4.2	30.80	905.26	21.84	57041.50	1465.17	3.016591e+05	1.252683e+02	6.597309e+00	1613.66	171.404703	4641	8.206e-02
300kHz_150dA_100Mss_bobN1M19-0010.txt	4.66	34.25	908.96	21.49	57041.50	1472.89	3.016591e+05	1.261461e+02	6.591231e+00	1594.54	167.865311	4641	8.388e-02
300kHz_150dA_100Mss_bobN1M19-0011.txt	5.11	37.61	910.79	21.63	57041.50	1470.12	3.016591e+05	1.258955e+02	6.593987e+00	1605.15	169.469713	4641	8.316e-02
300kHz_150dA_100Mss_bobN1M19-0012.txt	5.61	41.31	914.26	21.59	57041.50	1475.91	3.016591e+05	1.264282e+02	6.592950e+00	1606.74	168.866839	4641	8.371e-02
300kHz_150dA_100Mss_bobN1M19-0013.txt	6.06	44.65	918.60	21.38	57041.50	1484.64	3.016591e+05	1.272980e+02	6.589342e+00	1599.54	166.769559	4641	8.608e-02
300kHz_150dA_100Mss_bobN1M19-0014.txt	6.52	48.10	924.08	21.14	57041.50	1493.48	3.016591e+05	1.282254e+02	6.585325e+00	1590.71	164.440931	4641	8.655e-02
300kHz_150dA_100Mss_bobN1M19-0015.txt	6.99	51.63	928.26	20.99	57041.50	1504.28	3.016591e+05	1.292069e+02	6.582178e+00	1586.69	162.621156	4641	8.791e-02
300kHz_150dA_100Mss_bobN1M19-0016.txt	7.48	55.30	930.80	20.99	57041.50	1505.79	3.016591e+05	1.293465e+02	6.582558e+00	1590.37	162.841359	4641	8.812e-02
300kHz_150dA_100Mss_bobN1M19-0017.txt	7.96	58.90	930.91	20.84	57041.50	1510.67	3.016591e+05	1.298218e+02	6.579326e+00	1579.48	160.975645	4641	8.713e-02
300kHz_150dA_100Mss_bobN1M19-0018.txt	8.41	62.28	928.71	20.71	57041.50	1509.38	3.016591e+05	1.297562e+02	6.577058e+00	1566.95	159.668538	4641	8.803e-02
300kHz_150dA_100Mss_bobN1M19-0019.txt	9.34	69.18	915.51	20.28	57041.50	1495.57	3.016591e+05	1.287058e+02	6.569127e+00	1513.48	155.111038	4641	8.990e-02
300kHz_150dA_100Mss_bobN1M19-0020.txt	9.8	72.54	906.42	20.35	57041.50	1481.09	3.016591e+05	1.274344e+02	6.570229e+00	1504.15	155.744199	4641	8.881e-02
300kHz_150dA_100Mss_bobN1M19-0021.txt	10.26	75.74	896.59	20.25	57041.50	1465.83	3.016591e+05	1.261761e+02	6.568517e+00	1480.66	154.762479	4641	8.846e-02
300kHz_150dA_100Mss_bobN1M19-0022.txt	10.73	78.89	888.19	20.02	57041.50	1460.24	3.016591e+05	1.256924e+02	6.564101e+00	1452.76	152.234976	4641	8.720e-02
300kHz_150dA_100Mss_bobN1M19-0023.txt	11.21	83.89	880.66	19.61	57041.50	1454.46	3.016591e+05	1.253674e+02	6.556904e+00	1412.82	148.128095	4641	8.740e-02
300kHz_150dA_100Mss_bobN1M19-0024.txt	11.67	90.88	872.50	19.87	57041.50	1442.78	3.016591e+05	1.241044e+02	6.560416e+00	1416.08	150.130947	4641	8.554e-02
