# Configuracion:
# Concentracion g/m^3_=_22000.0
# C_Vs_to_Am_M_A/Vsm_=_59384043850.047264
# pendiente_HvsI_1/m_=_3716.3
# ordenada_HvsI_A/m_=_1297.0
# frecuencia_ref_Hz_=_301406.51242898504
# 
Resultados:
# tau_ns_=_(1.93+/-0.06)e+02
# dphi_rad_=_6.63+/-0.01
# SAR_W/g_=_1355.70+/-2.36
# Hc_kA/m_=_20.19+/-0.45
# Mr_A/m_=_792.40+/-18.42
# Magnetizacion_max_=_1360.12+/-30.83
# Suceptibilidad_a_M=0_=_(6.995+/-0.367)e-02

Nombre_archivo	Time_m_(s)	Temperatura_(ºC)	Mr_(A/m)	Hc_(kA/m)	Campo_max_(A/m)	Mag_max_(A/m)	f0	mag0	dphi0	SAR_(W/g)	Tau_(ns)	N	xi_M_0
300kHz_125dA_100Mss_bobN1M19-0009.txt	4.95	26.32	759.96	20.85	47750.75	1318.20	3.013994e+05	1.087933e+02	6.647334e+00	1351.11	201.268917	4645	6.407e-02
300kHz_125dA_100Mss_bobN1M19-0010.txt	5.4	28.98	765.48	20.82	47750.75	1320.62	3.013994e+05	1.091525e+02	6.647148e+00	1354.91	201.156663	4645	6.497e-02
300kHz_125dA_100Mss_bobN1M19-0011.txt	5.85	31.77	770.82	20.72	47750.75	1326.54	3.013994e+05	1.097737e+02	6.645250e+00	1355.83	200.009051	4645	6.491e-02
300kHz_125dA_100Mss_bobN1M19-0012.txt	6.3	34.56	774.30	20.63	47750.75	1332.94	3.013994e+05	1.103915e+02	6.643278e+00	1356.36	198.819767	4645	6.601e-02
300kHz_125dA_100Mss_bobN1M19-0013.txt	6.74	37.29	775.62	20.63	47750.75	1330.01	3.013994e+05	1.102550e+02	6.643639e+00	1355.98	199.037167	4645	6.630e-02
300kHz_125dA_100Mss_bobN1M19-0014.txt	7.22	40.26	778.17	20.60	47750.75	1332.62	3.013994e+05	1.105291e+02	6.643212e+00	1357.81	198.780243	4645	6.637e-02
300kHz_125dA_100Mss_bobN1M19-0015.txt	7.72	43.36	780.29	20.48	47750.75	1338.45	3.013994e+05	1.110778e+02	6.640506e+00	1354.74	197.150852	4645	6.747e-02
300kHz_125dA_100Mss_bobN1M19-0016.txt	8.17	46.10	784.30	20.40	47750.75	1341.31	3.013994e+05	1.114390e+02	6.639111e+00	1354.06	196.310598	4645	6.823e-02
300kHz_125dA_100Mss_bobN1M19-0017.txt	8.62	48.76	785.48	20.38	47750.75	1342.22	3.013994e+05	1.115709e+02	6.638761e+00	1354.39	196.101590	4645	6.878e-02
300kHz_125dA_100Mss_bobN1M19-0018.txt	9.11	51.63	787.58	20.34	47750.75	1347.49	3.013994e+05	1.120228e+02	6.637766e+00	1356.23	195.504220	4645	6.982e-02
300kHz_125dA_100Mss_bobN1M19-0019.txt	10.01	56.76	793.55	20.18	47750.75	1357.37	3.013994e+05	1.129770e+02	6.634418e+00	1355.41	193.496541	4645	7.134e-02
300kHz_125dA_100Mss_bobN1M19-0020.txt	10.46	59.23	796.61	20.12	47750.75	1362.97	3.013994e+05	1.134848e+02	6.633163e+00	1356.83	192.744571	4645	7.182e-02
300kHz_125dA_100Mss_bobN1M19-0021.txt	10.9	61.65	799.85	20.00	47750.75	1370.67	3.013994e+05	1.142032e+02	6.630204e+00	1354.35	190.975305	4645	7.247e-02
300kHz_125dA_100Mss_bobN1M19-0022.txt	11.54	68.25	804.63	19.88	47750.75	1381.47	3.013994e+05	1.151489e+02	6.627705e+00	1356.12	189.484465	4645	7.173e-02
300kHz_125dA_100Mss_bobN1M19-0023.txt	11.99	73.29	808.14	19.89	47750.75	1382.51	3.013994e+05	1.153170e+02	6.628376e+00	1360.64	189.885718	4645	7.167e-02
300kHz_125dA_100Mss_bobN1M19-0024.txt	12.44	75.86	812.43	19.72	47750.75	1392.37	3.013994e+05	1.162289e+02	6.624676e+00	1357.28	187.681288	4645	7.315e-02
300kHz_125dA_100Mss_bobN1M19-0025.txt	12.91	78.50	814.84	19.71	47750.75	1394.49	3.013994e+05	1.164573e+02	6.624736e+00	1360.18	187.717144	4645	7.368e-02
300kHz_125dA_100Mss_bobN1M19-0026.txt	13.42	81.18	817.62	19.57	47750.75	1404.33	3.013994e+05	1.173296e+02	6.621191e+00	1356.69	185.610478	4645	7.456e-02
300kHz_125dA_100Mss_bobN1M19-0027.txt	13.86	83.47	819.13	19.49	47750.75	1409.74	3.013994e+05	1.178136e+02	6.619156e+00	1354.40	184.404873	4645	7.588e-02
300kHz_125dA_100Mss_bobN1M19-0028.txt	14.3	85.58	819.26	19.39	47750.75	1416.13	3.013994e+05	1.182979e+02	6.616752e+00	1350.60	182.981215	4645	7.573e-02
