# Configuracion:
# Concentracion g/m^3_=_22000.0
# C_Vs_to_Am_M_A/Vsm_=_59384043850.047264
# pendiente_HvsI_1/m_=_3716.3
# ordenada_HvsI_A/m_=_1297.0
# frecuencia_ref_Hz_=_301152.5535673078
# 
Resultados:
# tau_ns_=_(1.92+/-0.02)e+02
# dphi_rad_=_6.63+/-0.00
# SAR_W/g_=_807.75+/-36.41
# Hc_kA/m_=_16.32+/-0.12
# Mr_A/m_=_515.01+/-30.96
# Magnetizacion_max_=_1069.81+/-45.12
# Suceptibilidad_a_M=0_=_(4.555+/-0.389)e-02

Nombre_archivo	Time_m_(s)	Temperatura_(ºC)	Mr_(A/m)	Hc_(kA/m)	Campo_max_(A/m)	Mag_max_(A/m)	f0	mag0	dphi0	SAR_(W/g)	Tau_(ns)	N	xi_M_0
300kHz_100dA_100Mss_bobN1M19-0007.txt	3.83	25.34	439.80	15.99	38460.00	976.49	3.011400e+05	7.587553e+01	6.623030e+00	709.74	186.862734	4649	3.774e-02
300kHz_100dA_100Mss_bobN1M19-0008.txt	4.29	26.86	452.10	16.17	38460.00	988.78	3.011400e+05	7.696254e+01	6.628258e+00	730.54	189.977556	4649	3.836e-02
300kHz_100dA_100Mss_bobN1M19-0009.txt	4.74	28.34	464.94	16.23	38460.00	1006.18	3.011400e+05	7.851816e+01	6.629478e+00	747.83	190.706268	4649	3.983e-02
300kHz_100dA_100Mss_bobN1M19-0010.txt	5.23	29.98	470.53	16.29	38460.00	1010.10	3.011400e+05	7.892862e+01	6.630867e+00	754.64	191.535614	4649	4.011e-02
300kHz_100dA_100Mss_bobN1M19-0011.txt	5.69	31.55	472.06	16.31	38460.00	1013.32	3.011400e+05	7.921971e+01	6.630691e+00	757.05	191.431338	4649	4.041e-02
300kHz_100dA_100Mss_bobN1M19-0012.txt	6.15	33.11	478.28	16.34	38460.00	1018.98	3.011400e+05	7.974951e+01	6.631759e+00	764.36	192.069805	4649	4.090e-02
300kHz_100dA_100Mss_bobN1M19-0013.txt	6.6	34.64	481.53	16.39	38460.00	1020.05	3.011400e+05	7.992509e+01	6.633222e+00	769.13	192.945530	4649	4.127e-02
300kHz_100dA_100Mss_bobN1M19-0014.txt	7.06	36.20	477.84	16.39	38460.00	1016.37	3.011400e+05	7.957041e+01	6.632845e+00	764.92	192.718960	4649	4.111e-02
300kHz_100dA_100Mss_bobN1M19-0015.txt	7.52	37.77	483.41	16.40	38460.00	1023.53	3.011400e+05	8.023338e+01	6.632993e+00	771.61	192.808680	4649	4.145e-02
300kHz_100dA_100Mss_bobN1M19-0016.txt	7.96	39.26	488.85	16.41	38460.00	1031.25	3.011400e+05	8.091457e+01	6.633354e+00	778.93	193.023885	4649	4.180e-02
300kHz_100dA_100Mss_bobN1M19-0017.txt	8.44	40.81	490.79	16.43	38460.00	1031.85	3.011400e+05	8.098437e+01	6.633993e+00	780.97	193.407947	4649	4.209e-02
300kHz_100dA_100Mss_bobN1M19-0018.txt	8.89	42.25	494.12	16.42	38460.00	1037.44	3.011400e+05	8.149168e+01	6.633416e+00	784.62	193.062353	4649	4.314e-02
300kHz_100dA_100Mss_bobN1M19-0019.txt	9.81	42.60	498.64	16.47	38460.00	1039.42	3.011400e+05	8.173809e+01	6.635028e+00	790.46	194.029055	4649	4.327e-02
300kHz_100dA_100Mss_bobN1M19-0020.txt	10.3	44.52	500.55	16.44	38460.00	1044.41	3.011400e+05	8.213939e+01	6.634242e+00	792.64	193.557946	4649	4.328e-02
300kHz_100dA_100Mss_bobN1M19-0021.txt	10.77	47.53	501.84	16.46	38460.00	1043.57	3.011400e+05	8.211708e+01	6.635122e+00	794.33	194.084698	4649	4.352e-02
300kHz_100dA_100Mss_bobN1M19-0022.txt	11.23	49.67	501.64	16.47	38460.00	1043.24	3.011400e+05	8.211000e+01	6.635213e+00	794.46	194.140613	4649	4.385e-02
300kHz_100dA_100Mss_bobN1M19-0023.txt	11.7	51.03	508.35	16.43	38460.00	1055.07	3.011400e+05	8.309459e+01	6.634053e+00	801.45	193.444346	4649	4.403e-02
300kHz_100dA_100Mss_bobN1M19-0024.txt	12.18	51.90	508.83	16.46	38460.00	1052.70	3.011400e+05	8.298365e+01	6.634929e+00	802.29	193.969419	4649	4.431e-02
300kHz_100dA_100Mss_bobN1M19-0025.txt	12.64	51.90	512.72	16.44	38460.00	1059.71	3.011400e+05	8.356778e+01	6.634552e+00	807.11	193.743918	4649	4.461e-02
300kHz_100dA_100Mss_bobN1M19-0026.txt	13.08	52.13	514.64	16.43	38460.00	1064.09	3.011400e+05	8.391994e+01	6.634055e+00	809.41	193.446287	4649	4.497e-02
300kHz_100dA_100Mss_bobN1M19-0027.txt	13.53	53.44	516.54	16.43	38460.00	1065.71	3.011400e+05	8.406550e+01	6.634391e+00	811.56	193.646324	4649	4.526e-02
300kHz_100dA_100Mss_bobN1M19-0028.txt	13.99	54.77	522.15	16.40	38460.00	1074.37	3.011400e+05	8.486275e+01	6.633521e+00	817.31	193.125222	4649	4.612e-02
300kHz_100dA_100Mss_bobN1M19-0029.txt	14.44	56.08	520.36	16.42	38460.00	1071.56	3.011400e+05	8.460557e+01	6.633884e+00	815.64	193.344615	4649	4.588e-02
300kHz_100dA_100Mss_bobN1M19-0030.txt	14.9	57.41	521.88	16.44	38460.00	1071.26	3.011400e+05	8.462381e+01	6.634727e+00	817.70	193.849330	4649	4.592e-02
300kHz_100dA_100Mss_bobN1M19-0031.txt	15.39	58.79	524.59	16.40	38460.00	1078.63	3.011400e+05	8.522683e+01	6.633433e+00	820.62	193.071763	4649	4.632e-02
300kHz_100dA_100Mss_bobN1M19-0032.txt	15.84	60.05	525.92	16.39	38460.00	1080.68	3.011400e+05	8.536870e+01	6.633407e+00	821.93	193.058769	4649	4.644e-02
300kHz_100dA_100Mss_bobN1M19-0033.txt	16.3	61.34	529.70	16.39	38460.00	1084.30	3.011400e+05	8.576925e+01	6.633479e+00	825.95	193.100530	4649	4.693e-02
300kHz_100dA_100Mss_bobN1M19-0034.txt	16.77	62.66	532.93	16.34	38460.00	1092.55	3.011400e+05	8.644104e+01	6.632195e+00	829.49	192.333397	4649	4.760e-02
300kHz_100dA_100Mss_bobN1M19-0035.txt	17.22	63.92	531.66	16.35	38460.00	1090.81	3.011400e+05	8.627617e+01	6.632413e+00	828.40	192.464075	4649	4.730e-02
300kHz_100dA_100Mss_bobN1M19-0036.txt	17.68	65.20	535.37	16.32	38460.00	1097.87	3.011400e+05	8.690020e+01	6.631353e+00	831.97	191.828562	4649	4.805e-02
300kHz_100dA_100Mss_bobN1M19-0037.txt	18.13	66.45	536.26	16.31	38460.00	1099.74	3.011400e+05	8.704164e+01	6.631273e+00	833.14	191.779664	4649	4.820e-02
300kHz_100dA_100Mss_bobN1M19-0038.txt	19.05	68.94	539.86	16.30	38460.00	1104.26	3.011400e+05	8.747220e+01	6.631007e+00	836.64	191.623667	4649	4.866e-02
300kHz_100dA_100Mss_bobN1M19-0039.txt	19.5	70.20	539.76	16.30	38460.00	1105.36	3.011400e+05	8.754698e+01	6.631121e+00	837.62	191.690127	4649	4.878e-02
300kHz_100dA_100Mss_bobN1M19-0040.txt	19.96	71.49	544.59	16.23	38460.00	1115.65	3.011400e+05	8.839839e+01	6.629235e+00	841.37	190.562853	4649	4.951e-02
300kHz_100dA_100Mss_bobN1M19-0041.txt	20.41	72.67	545.01	16.22	38460.00	1117.96	3.011400e+05	8.858857e+01	6.628742e+00	842.03	190.269031	4649	4.969e-02
300kHz_100dA_100Mss_bobN1M19-0042.txt	20.92	73.99	548.43	16.21	38460.00	1122.02	3.011400e+05	8.897731e+01	6.628547e+00	845.26	190.154205	4649	5.000e-02
300kHz_100dA_100Mss_bobN1M19-0043.txt	21.37	75.24	550.77	16.20	38460.00	1125.48	3.011400e+05	8.929217e+01	6.628547e+00	848.25	190.153166	4649	5.023e-02
300kHz_100dA_100Mss_bobN1M19-0044.txt	21.83	76.52	551.71	16.18	38460.00	1129.71	3.011400e+05	8.962152e+01	6.627724e+00	849.44	189.662119	4649	5.065e-02
300kHz_100dA_100Mss_bobN1M19-0045.txt	22.28	77.70	551.67	16.17	38460.00	1129.04	3.011400e+05	8.955237e+01	6.627586e+00	848.45	189.580147	4649	5.082e-02
300kHz_100dA_100Mss_bobN1M19-0046.txt	22.73	78.82	555.78	16.13	38460.00	1137.01	3.011400e+05	9.024097e+01	6.626665e+00	852.78	189.030729	4649	5.139e-02
300kHz_100dA_100Mss_bobN1M19-0047.txt	23.18	79.99	556.97	16.12	38460.00	1139.76	3.011400e+05	9.047456e+01	6.626398e+00	854.35	188.870700	4649	5.119e-02
300kHz_100dA_100Mss_bobN1M19-0048.txt	23.65	81.26	561.35	16.11	38460.00	1144.56	3.011400e+05	9.099816e+01	6.626093e+00	858.56	188.689605	4649	5.192e-02
300kHz_100dA_100Mss_bobN1M19-0049.txt	24.1	82.47	560.89	16.09	38460.00	1146.90	3.011400e+05	9.111816e+01	6.625450e+00	858.15	188.307773	4649	5.190e-02
