# Temperatura_=_55.041627906976736
# Concentracion g/m^3_=_22000.0
# C_Vs_to_Am_M_A/Vsm_=_59384043850.047264
# pendiente_HvsI_1/m_=_3716.3
# ordenada_HvsI_A/m_=_1297.0
# frecuencia_Hz_=_301152.5535673078
# Promedio de 43 ciclos

Tiempo_(s)	Campo_(V.s)	Magnetizacion_(V.s)	Campo_(kA/m)	Magnetizacion_(A/m)
0.000000e+00	-5.349902e-09	-1.792863e-08	-3.825737e+01	-1.063865e+03
1.000000e-08	-5.347681e-09	-1.792431e-08	-3.824149e+01	-1.063944e+03
2.000000e-08	-5.343572e-09	-1.791950e-08	-3.821211e+01	-1.063823e+03
3.000000e-08	-5.337821e-09	-1.791514e-08	-3.817098e+01	-1.063502e+03
4.000000e-08	-5.330463e-09	-1.790604e-08	-3.811836e+01	-1.062967e+03
5.000000e-08	-5.321377e-09	-1.789009e-08	-3.805339e+01	-1.062193e+03
6.000000e-08	-5.310266e-09	-1.787720e-08	-3.797394e+01	-1.061164e+03
7.000000e-08	-5.297157e-09	-1.787043e-08	-3.788020e+01	-1.059877e+03
8.000000e-08	-5.281957e-09	-1.782312e-08	-3.777150e+01	-1.058357e+03
9.000000e-08	-5.264300e-09	-1.774149e-08	-3.764523e+01	-1.056649e+03
1.000000e-07	-5.244411e-09	-1.772143e-08	-3.750301e+01	-1.054810e+03
1.100000e-07	-5.222731e-09	-1.773536e-08	-3.734798e+01	-1.052894e+03
1.200000e-07	-5.199531e-09	-1.773383e-08	-3.718207e+01	-1.050934e+03
1.300000e-07	-5.175176e-09	-1.773025e-08	-3.700791e+01	-1.048934e+03
1.400000e-07	-5.149365e-09	-1.760410e-08	-3.682333e+01	-1.046866e+03
1.500000e-07	-5.121568e-09	-1.752785e-08	-3.662456e+01	-1.044679e+03
1.600000e-07	-5.092115e-09	-1.759693e-08	-3.641394e+01	-1.042313e+03
1.700000e-07	-5.061122e-09	-1.749455e-08	-3.619231e+01	-1.039720e+03
1.800000e-07	-5.028121e-09	-1.738595e-08	-3.595632e+01	-1.036876e+03
1.900000e-07	-4.993162e-09	-1.738823e-08	-3.570632e+01	-1.033785e+03
2.000000e-07	-4.956610e-09	-1.733972e-08	-3.544494e+01	-1.030483e+03
2.100000e-07	-4.918350e-09	-1.732115e-08	-3.517134e+01	-1.027015e+03
2.200000e-07	-4.878408e-09	-1.723520e-08	-3.488572e+01	-1.023429e+03
2.300000e-07	-4.836650e-09	-1.710321e-08	-3.458710e+01	-1.019754e+03
2.400000e-07	-4.792897e-09	-1.709164e-08	-3.427423e+01	-1.015995e+03
2.500000e-07	-4.747395e-09	-1.704392e-08	-3.394885e+01	-1.012134e+03
2.600000e-07	-4.700181e-09	-1.695844e-08	-3.361121e+01	-1.008137e+03
2.700000e-07	-4.651182e-09	-1.688476e-08	-3.326082e+01	-1.003970e+03
2.800000e-07	-4.600135e-09	-1.681485e-08	-3.289579e+01	-9.996083e+02
2.900000e-07	-4.547018e-09	-1.677098e-08	-3.251594e+01	-9.950490e+02
3.000000e-07	-4.492204e-09	-1.666811e-08	-3.212397e+01	-9.903088e+02
3.100000e-07	-4.435919e-09	-1.655107e-08	-3.172147e+01	-9.854185e+02
3.200000e-07	-4.378002e-09	-1.647848e-08	-3.130731e+01	-9.804105e+02
3.300000e-07	-4.318349e-09	-1.643128e-08	-3.088073e+01	-9.753071e+02
3.400000e-07	-4.257205e-09	-1.634163e-08	-3.044348e+01	-9.701128e+02
3.500000e-07	-4.194677e-09	-1.621252e-08	-2.999635e+01	-9.648130e+02
3.600000e-07	-4.130760e-09	-1.614324e-08	-2.953927e+01	-9.593798e+02
3.700000e-07	-4.065286e-09	-1.607200e-08	-2.907107e+01	-9.537822e+02
3.800000e-07	-3.998068e-09	-1.595008e-08	-2.859039e+01	-9.479977e+02
3.900000e-07	-3.929337e-09	-1.583538e-08	-2.809889e+01	-9.420195e+02
4.000000e-07	-3.859339e-09	-1.574195e-08	-2.759833e+01	-9.358581e+02
4.100000e-07	-3.788108e-09	-1.565876e-08	-2.708896e+01	-9.295366e+02
4.200000e-07	-3.715631e-09	-1.553696e-08	-2.657068e+01	-9.230815e+02
4.300000e-07	-3.641666e-09	-1.540873e-08	-2.604175e+01	-9.165124e+02
4.400000e-07	-3.566049e-09	-1.530946e-08	-2.550101e+01	-9.098353e+02
4.500000e-07	-3.488960e-09	-1.521276e-08	-2.494974e+01	-9.030404e+02
4.600000e-07	-3.410547e-09	-1.509127e-08	-2.438901e+01	-8.961068e+02
4.700000e-07	-3.330795e-09	-1.495175e-08	-2.381870e+01	-8.890105e+02
4.800000e-07	-3.249700e-09	-1.484152e-08	-2.323879e+01	-8.817336e+02
4.900000e-07	-3.167378e-09	-1.472832e-08	-2.265010e+01	-8.742705e+02
5.000000e-07	-3.083981e-09	-1.458649e-08	-2.205373e+01	-8.666293e+02
5.100000e-07	-2.999676e-09	-1.444109e-08	-2.145086e+01	-8.588277e+02
5.200000e-07	-2.914508e-09	-1.431931e-08	-2.084181e+01	-8.508850e+02
5.300000e-07	-2.828389e-09	-1.420344e-08	-2.022597e+01	-8.428132e+02
5.400000e-07	-2.741341e-09	-1.405728e-08	-1.960349e+01	-8.346118e+02
5.500000e-07	-2.653451e-09	-1.390171e-08	-1.897499e+01	-8.262665e+02
5.600000e-07	-2.564672e-09	-1.376433e-08	-1.834013e+01	-8.177533e+02
5.700000e-07	-2.474827e-09	-1.363181e-08	-1.769764e+01	-8.090467e+02
5.800000e-07	-2.383870e-09	-1.347242e-08	-1.704721e+01	-8.001283e+02
5.900000e-07	-2.292007e-09	-1.330170e-08	-1.639029e+01	-7.909919e+02
6.000000e-07	-2.199418e-09	-1.315321e-08	-1.572818e+01	-7.816448e+02
6.100000e-07	-2.106119e-09	-1.301000e-08	-1.506100e+01	-7.721035e+02
6.200000e-07	-2.012084e-09	-1.284080e-08	-1.438855e+01	-7.623859e+02
6.300000e-07	-1.917361e-09	-1.265770e-08	-1.371118e+01	-7.525032e+02
6.400000e-07	-1.822017e-09	-1.249374e-08	-1.302937e+01	-7.424540e+02
6.500000e-07	-1.726072e-09	-1.233773e-08	-1.234326e+01	-7.322238e+02
6.600000e-07	-1.629495e-09	-1.215704e-08	-1.165264e+01	-7.217885e+02
6.700000e-07	-1.532241e-09	-1.196165e-08	-1.095718e+01	-7.111222e+02
6.800000e-07	-1.434298e-09	-1.178221e-08	-1.025678e+01	-7.002043e+02
6.900000e-07	-1.335686e-09	-1.160925e-08	-9.551605e+00	-6.890252e+02
7.000000e-07	-1.236487e-09	-1.141483e-08	-8.842231e+00	-6.775857e+02
7.100000e-07	-1.136837e-09	-1.120595e-08	-8.129629e+00	-6.658940e+02
7.200000e-07	-1.036832e-09	-1.100903e-08	-7.414485e+00	-6.539574e+02
7.300000e-07	-9.365177e-10	-1.081797e-08	-6.697133e+00	-6.417762e+02
7.400000e-07	-8.359236e-10	-1.060595e-08	-5.977780e+00	-6.293391e+02
7.500000e-07	-7.350689e-10	-1.037812e-08	-5.256564e+00	-6.166238e+02
7.600000e-07	-6.339795e-10	-1.015932e-08	-4.533669e+00	-6.036020e+02
7.700000e-07	-5.326874e-10	-9.946867e-09	-3.809325e+00	-5.902467e+02
7.800000e-07	-4.312243e-10	-9.716658e-09	-3.083759e+00	-5.765386e+02
7.900000e-07	-3.296201e-10	-9.471519e-09	-2.357183e+00	-5.624685e+02
8.000000e-07	-2.278904e-10	-9.232648e-09	-1.629710e+00	-5.480347e+02
8.100000e-07	-1.260519e-10	-8.995838e-09	-9.014594e-01	-5.332354e+02
8.200000e-07	-2.415586e-11	-8.737847e-09	-1.727964e-01	-5.180593e+02
8.300000e-07	7.773628e-11	-8.460762e-09	5.558383e-01	-5.024781e+02
8.400000e-07	1.795847e-10	-8.188448e-09	1.284161e+00	-4.864446e+02
8.500000e-07	2.813707e-10	-7.920473e-09	2.012036e+00	-4.698975e+02
8.600000e-07	3.830638e-10	-7.636482e-09	2.739248e+00	-4.527735e+02
8.700000e-07	4.846133e-10	-7.333085e-09	3.465433e+00	-4.350218e+02
8.800000e-07	5.859878e-10	-7.026412e-09	4.190365e+00	-4.166166e+02
8.900000e-07	6.871759e-10	-6.714262e-09	4.913966e+00	-3.975648e+02
9.000000e-07	7.881434e-10	-6.380672e-09	5.635989e+00	-3.779024e+02
9.100000e-07	8.888618e-10	-6.028048e-09	6.356231e+00	-3.576840e+02
9.200000e-07	9.893232e-10	-5.676027e-09	7.074635e+00	-3.369649e+02
9.300000e-07	1.089507e-09	-5.329533e-09	7.791058e+00	-3.157834e+02
9.400000e-07	1.189355e-09	-4.970610e-09	8.505076e+00	-2.941474e+02
9.500000e-07	1.288772e-09	-4.595049e-09	9.216010e+00	-2.720301e+02
9.600000e-07	1.387633e-09	-4.214889e-09	9.922968e+00	-2.493751e+02
9.700000e-07	1.485835e-09	-3.830848e-09	1.062521e+01	-2.261099e+02
9.800000e-07	1.583349e-09	-3.425335e-09	1.132254e+01	-2.021620e+02
9.900000e-07	1.680199e-09	-2.996140e-09	1.201512e+01	-1.774741e+02
1.000000e-06	1.776417e-09	-2.562346e-09	1.270318e+01	-1.520118e+02
1.010000e-06	1.872018e-09	-2.128937e-09	1.338683e+01	-1.257644e+02
1.020000e-06	1.966996e-09	-1.679836e-09	1.406602e+01	-9.873815e+01
1.030000e-06	2.061320e-09	-1.208260e-09	1.474053e+01	-7.094657e+01
1.040000e-06	2.154949e-09	-7.272965e-10	1.541007e+01	-4.240154e+01
1.050000e-06	2.247897e-09	-2.400415e-10	1.607475e+01	-1.310979e+01
1.060000e-06	2.340212e-09	2.679052e-10	1.673490e+01	1.692418e+01
1.070000e-06	2.431803e-09	7.994639e-10	1.738987e+01	4.768968e+01
1.080000e-06	2.522396e-09	1.336822e-09	1.803771e+01	7.915911e+01
1.090000e-06	2.611835e-09	1.871516e-09	1.867729e+01	1.112793e+02
1.100000e-06	2.700244e-09	2.416419e-09	1.930950e+01	1.439681e+02
1.110000e-06	2.787744e-09	2.980125e-09	1.993523e+01	1.771185e+02
1.120000e-06	2.874335e-09	3.548660e-09	2.055444e+01	2.106075e+02
1.130000e-06	2.959970e-09	4.113541e-09	2.116682e+01	2.443084e+02
1.140000e-06	3.044681e-09	4.682062e-09	2.177259e+01	2.781007e+02
1.150000e-06	3.128483e-09	5.257121e-09	2.237186e+01	3.118759e+02
1.160000e-06	3.211167e-09	5.828763e-09	2.296314e+01	3.455361e+02
1.170000e-06	3.292591e-09	6.388646e-09	2.354541e+01	3.789877e+02
1.180000e-06	3.372801e-09	6.944200e-09	2.411899e+01	4.121338e+02
1.190000e-06	3.451808e-09	7.500484e-09	2.468398e+01	4.448680e+02
1.200000e-06	3.529603e-09	8.048543e-09	2.524029e+01	4.770733e+02
1.210000e-06	3.606188e-09	8.578389e-09	2.578796e+01	5.086278e+02
1.220000e-06	3.681402e-09	9.092707e-09	2.632582e+01	5.394152e+02
1.230000e-06	3.755022e-09	9.597287e-09	2.685227e+01	5.693363e+02
1.240000e-06	3.827155e-09	1.008821e-08	2.736811e+01	5.983185e+02
1.250000e-06	3.897959e-09	1.055880e-08	2.787443e+01	6.263193e+02
1.260000e-06	3.967426e-09	1.101238e-08	2.837119e+01	6.533224e+02
1.270000e-06	4.035629e-09	1.145412e-08	2.885891e+01	6.793284e+02
1.280000e-06	4.102392e-09	1.188003e-08	2.933634e+01	7.043428e+02
1.290000e-06	4.167499e-09	1.228383e-08	2.980192e+01	7.283668e+02
1.300000e-06	4.231106e-09	1.266703e-08	3.025678e+01	7.513917e+02
1.310000e-06	4.293328e-09	1.303467e-08	3.070173e+01	7.734013e+02
1.320000e-06	4.354214e-09	1.338862e-08	3.113713e+01	7.943786e+02
1.330000e-06	4.413736e-09	1.372517e-08	3.156278e+01	8.143159e+02
1.340000e-06	4.471557e-09	1.404189e-08	3.197626e+01	8.332216e+02
1.350000e-06	4.527617e-09	1.434343e-08	3.237715e+01	8.511237e+02
1.360000e-06	4.582099e-09	1.463078e-08	3.276675e+01	8.680662e+02
1.370000e-06	4.634876e-09	1.490076e-08	3.314416e+01	8.841009e+02
1.380000e-06	4.685646e-09	1.515303e-08	3.350722e+01	8.992769e+02
1.390000e-06	4.734411e-09	1.539239e-08	3.385594e+01	9.136320e+02
1.400000e-06	4.781452e-09	1.562154e-08	3.419233e+01	9.271892e+02
1.410000e-06	4.826919e-09	1.583796e-08	3.451747e+01	9.399584e+02
1.420000e-06	4.870824e-09	1.603916e-08	3.483144e+01	9.519437e+02
1.430000e-06	4.912878e-09	1.622675e-08	3.513217e+01	9.631521e+02
1.440000e-06	4.953042e-09	1.640265e-08	3.541939e+01	9.736011e+02
1.450000e-06	4.991558e-09	1.656445e-08	3.569481e+01	9.833216e+02
1.460000e-06	5.028474e-09	1.671293e-08	3.595880e+01	9.923552e+02
1.470000e-06	5.063645e-09	1.685281e-08	3.621031e+01	1.000748e+03
1.480000e-06	5.096865e-09	1.698472e-08	3.644787e+01	1.008543e+03
1.490000e-06	5.128266e-09	1.710565e-08	3.667242e+01	1.015772e+03
1.500000e-06	5.158010e-09	1.721505e-08	3.688512e+01	1.022455e+03
1.510000e-06	5.186092e-09	1.731604e-08	3.708594e+01	1.028606e+03
1.520000e-06	5.212215e-09	1.741068e-08	3.727275e+01	1.034232e+03
1.530000e-06	5.236277e-09	1.749678e-08	3.744482e+01	1.039347e+03
1.540000e-06	5.258543e-09	1.757310e-08	3.760404e+01	1.043975e+03
1.550000e-06	5.279145e-09	1.764198e-08	3.775137e+01	1.048147e+03
1.560000e-06	5.297935e-09	1.770589e-08	3.788574e+01	1.051901e+03
1.570000e-06	5.314718e-09	1.776388e-08	3.800575e+01	1.055269e+03
1.580000e-06	5.329568e-09	1.781353e-08	3.811195e+01	1.058277e+03
1.590000e-06	5.342517e-09	1.785619e-08	3.820455e+01	1.060934e+03
1.600000e-06	5.353319e-09	1.789490e-08	3.828180e+01	1.063237e+03
1.610000e-06	5.361972e-09	1.792823e-08	3.834367e+01	1.065178e+03
1.620000e-06	5.368758e-09	1.795316e-08	3.839220e+01	1.066751e+03
1.630000e-06	5.373817e-09	1.797212e-08	3.842838e+01	1.067964e+03
1.640000e-06	5.377034e-09	1.798720e-08	3.845139e+01	1.068838e+03
1.650000e-06	5.378238e-09	1.799673e-08	3.846000e+01	1.069409e+03
1.660000e-06	5.377595e-09	1.800301e-08	3.845540e+01	1.069720e+03
1.670000e-06	5.375309e-09	1.800508e-08	3.843905e+01	1.069807e+03
1.680000e-06	5.371430e-09	1.800334e-08	3.841132e+01	1.069694e+03
1.690000e-06	5.365701e-09	1.799827e-08	3.837035e+01	1.069381e+03
1.700000e-06	5.358090e-09	1.798699e-08	3.831592e+01	1.068855e+03
1.710000e-06	5.348881e-09	1.797043e-08	3.825007e+01	1.068092e+03
1.720000e-06	5.338033e-09	1.794369e-08	3.817249e+01	1.067073e+03
1.730000e-06	5.325331e-09	1.792221e-08	3.808167e+01	1.065796e+03
1.740000e-06	5.310642e-09	1.796485e-08	3.797662e+01	1.064285e+03
1.750000e-06	5.293816e-09	1.795813e-08	3.785631e+01	1.062583e+03
1.760000e-06	5.274572e-09	1.787954e-08	3.771869e+01	1.060749e+03
1.770000e-06	5.252819e-09	1.779700e-08	3.756313e+01	1.058836e+03
1.780000e-06	5.229157e-09	1.768507e-08	3.739393e+01	1.056879e+03
1.790000e-06	5.204392e-09	1.776413e-08	3.721683e+01	1.054882e+03
1.800000e-06	5.178432e-09	1.782088e-08	3.703119e+01	1.052818e+03
1.810000e-06	5.150623e-09	1.763536e-08	3.683233e+01	1.050637e+03
1.820000e-06	5.120965e-09	1.765751e-08	3.662025e+01	1.048280e+03
1.830000e-06	5.089611e-09	1.769233e-08	3.639603e+01	1.045696e+03
1.840000e-06	5.056317e-09	1.755957e-08	3.615795e+01	1.042862e+03
1.850000e-06	5.021344e-09	1.754010e-08	3.590785e+01	1.039781e+03
1.860000e-06	4.984704e-09	1.741651e-08	3.564584e+01	1.036486e+03
1.870000e-06	4.946108e-09	1.735920e-08	3.536984e+01	1.033025e+03
1.880000e-06	4.905805e-09	1.743820e-08	3.508164e+01	1.029443e+03
1.890000e-06	4.863794e-09	1.729388e-08	3.478121e+01	1.025772e+03
1.900000e-06	4.820190e-09	1.720498e-08	3.446940e+01	1.022017e+03
1.910000e-06	4.774961e-09	1.717166e-08	3.414597e+01	1.018162e+03
1.920000e-06	4.727727e-09	1.708664e-08	3.380820e+01	1.014171e+03
1.930000e-06	4.678749e-09	1.704773e-08	3.345795e+01	1.010012e+03
1.940000e-06	4.628179e-09	1.688676e-08	3.309632e+01	1.005658e+03
1.950000e-06	4.575786e-09	1.684875e-08	3.272166e+01	1.001107e+03
1.960000e-06	4.521437e-09	1.685511e-08	3.233301e+01	9.963739e+02
1.970000e-06	4.465240e-09	1.672015e-08	3.193115e+01	9.914894e+02
1.980000e-06	4.407547e-09	1.660887e-08	3.151858e+01	9.864861e+02
1.990000e-06	4.348435e-09	1.650258e-08	3.109586e+01	9.813870e+02
2.000000e-06	4.287758e-09	1.648767e-08	3.066197e+01	9.761972e+02
2.010000e-06	4.225413e-09	1.637460e-08	3.021614e+01	9.709027e+02
2.020000e-06	4.161463e-09	1.621336e-08	2.975883e+01	9.654758e+02
2.030000e-06	4.096100e-09	1.618614e-08	2.929142e+01	9.598857e+02
2.040000e-06	4.029338e-09	1.610116e-08	2.881400e+01	9.541091e+02
2.050000e-06	3.961170e-09	1.599228e-08	2.832652e+01	9.481388e+02
2.060000e-06	3.891452e-09	1.583617e-08	2.782797e+01	9.419846e+02
2.070000e-06	3.820156e-09	1.574934e-08	2.731813e+01	9.356694e+02
2.080000e-06	3.747501e-09	1.570207e-08	2.679857e+01	9.292197e+02
2.090000e-06	3.673512e-09	1.554588e-08	2.626948e+01	9.226556e+02
2.100000e-06	3.598185e-09	1.541112e-08	2.573081e+01	9.159835e+02
2.110000e-06	3.521308e-09	1.530122e-08	2.518106e+01	9.091942e+02
2.120000e-06	3.442850e-09	1.522627e-08	2.462000e+01	9.022671e+02
2.130000e-06	3.363147e-09	1.508518e-08	2.405005e+01	8.951780e+02
2.140000e-06	3.282342e-09	1.492268e-08	2.347220e+01	8.879088e+02
2.150000e-06	3.200467e-09	1.483043e-08	2.288671e+01	8.804533e+02
2.160000e-06	3.117564e-09	1.472529e-08	2.229387e+01	8.728193e+02
2.170000e-06	3.033661e-09	1.458594e-08	2.169388e+01	8.650241e+02
2.180000e-06	2.948581e-09	1.440926e-08	2.108547e+01	8.570872e+02
2.190000e-06	2.862220e-09	1.428712e-08	2.046790e+01	8.490210e+02
2.200000e-06	2.774762e-09	1.418120e-08	1.984249e+01	8.408255e+02
2.210000e-06	2.686393e-09	1.402452e-08	1.921056e+01	8.324867e+02
2.220000e-06	2.597162e-09	1.385487e-08	1.857246e+01	8.239810e+02
2.230000e-06	2.507062e-09	1.371514e-08	1.792815e+01	8.152829e+02
2.240000e-06	2.416228e-09	1.360217e-08	1.727859e+01	8.063733e+02
2.250000e-06	2.324699e-09	1.343740e-08	1.662406e+01	7.972456e+02
2.260000e-06	2.232333e-09	1.325061e-08	1.596355e+01	7.879069e+02
2.270000e-06	2.138990e-09	1.309762e-08	1.529605e+01	7.783732e+02
2.280000e-06	2.044682e-09	1.296081e-08	1.462165e+01	7.686628e+02
2.290000e-06	1.949622e-09	1.278997e-08	1.394188e+01	7.587870e+02
2.300000e-06	1.853946e-09	1.259123e-08	1.325769e+01	7.487450e+02
2.310000e-06	1.757687e-09	1.242409e-08	1.256934e+01	7.385226e+02
2.320000e-06	1.660853e-09	1.227425e-08	1.187687e+01	7.280962e+02
2.330000e-06	1.563457e-09	1.208984e-08	1.118040e+01	7.174396e+02
2.340000e-06	1.465544e-09	1.188037e-08	1.048021e+01	7.065320e+02
2.350000e-06	1.367164e-09	1.169683e-08	9.776691e+00	6.953633e+02
2.360000e-06	1.268363e-09	1.152976e-08	9.070163e+00	6.839341e+02
2.370000e-06	1.169179e-09	1.132919e-08	8.360893e+00	6.722523e+02
2.380000e-06	1.069676e-09	1.110169e-08	7.649343e+00	6.603254e+02
2.390000e-06	9.698738e-10	1.089662e-08	6.935652e+00	6.481542e+02
2.400000e-06	8.697318e-10	1.070863e-08	6.219532e+00	6.357276e+02
2.410000e-06	7.692172e-10	1.049269e-08	5.500749e+00	6.230237e+02
2.420000e-06	6.683669e-10	1.025274e-08	4.779566e+00	6.100144e+02
2.430000e-06	5.672555e-10	1.002998e-08	4.056516e+00	5.966725e+02
2.440000e-06	4.659124e-10	9.821059e-09	3.331809e+00	5.829783e+02
2.450000e-06	3.643357e-10	9.583512e-09	2.605432e+00	5.689222e+02
2.460000e-06	2.625622e-10	9.319567e-09	1.877647e+00	5.545025e+02
2.470000e-06	1.606909e-10	9.066923e-09	1.149163e+00	5.397175e+02
2.480000e-06	5.877364e-11	8.827311e-09	4.203503e-01	5.245563e+02
2.490000e-06	-4.318866e-11	8.564164e-09	-3.087846e-01	5.089913e+02
2.500000e-06	-1.451277e-10	8.276251e-09	-1.037754e+00	4.929760e+02
2.510000e-06	-2.469417e-10	7.999374e-09	-1.765828e+00	4.764494e+02
2.520000e-06	-3.486053e-10	7.731277e-09	-2.492827e+00	4.593481e+02
2.530000e-06	-4.501108e-10	7.435567e-09	-3.218695e+00	4.416204e+02
2.540000e-06	-5.514007e-10	7.107681e-09	-3.943022e+00	4.232398e+02
2.550000e-06	-6.524094e-10	6.781810e-09	-4.665338e+00	4.042116e+02
2.560000e-06	-7.531030e-10	6.463213e-09	-5.385401e+00	3.845713e+02
2.570000e-06	-8.534645e-10	6.123251e-09	-6.103091e+00	3.643728e+02
2.580000e-06	-9.534722e-10	5.760947e-09	-6.818250e+00	3.436718e+02
2.590000e-06	-1.053131e-09	5.404795e-09	-7.530916e+00	3.225075e+02
2.600000e-06	-1.152458e-09	5.058067e-09	-8.241207e+00	3.008891e+02
2.610000e-06	-1.251426e-09	4.688873e-09	-8.948934e+00	2.787908e+02
2.620000e-06	-1.349978e-09	4.292661e-09	-9.653681e+00	2.561573e+02
2.630000e-06	-1.448069e-09	3.897575e-09	-1.035513e+01	2.329162e+02
2.640000e-06	-1.545677e-09	3.506851e-09	-1.105314e+01	2.089949e+02
2.650000e-06	-1.642763e-09	3.094369e-09	-1.174740e+01	1.843352e+02
2.660000e-06	-1.739290e-09	2.652688e-09	-1.243767e+01	1.589020e+02
2.670000e-06	-1.835289e-09	2.208886e-09	-1.312417e+01	1.326836e+02
2.680000e-06	-1.930783e-09	1.769775e-09	-1.380705e+01	1.056860e+02
2.690000e-06	-2.025671e-09	1.308053e-09	-1.448560e+01	7.792262e+01
2.700000e-06	-2.119722e-09	8.158117e-10	-1.515816e+01	4.940542e+01
2.710000e-06	-2.212770e-09	3.180928e-10	-1.582355e+01	2.014133e+01
2.720000e-06	-2.304890e-09	-1.760561e-10	-1.648230e+01	-9.865182e+00
2.730000e-06	-2.396211e-09	-6.886996e-10	-1.713535e+01	-4.060384e+01
2.740000e-06	-2.486704e-09	-1.227621e-09	-1.778246e+01	-7.204782e+01
2.750000e-06	-2.576285e-09	-1.771288e-09	-1.842306e+01	-1.041449e+02
2.760000e-06	-2.664943e-09	-2.308863e-09	-1.905706e+01	-1.368141e+02
2.770000e-06	-2.752780e-09	-2.859052e-09	-1.968519e+01	-1.699490e+02
2.780000e-06	-2.839807e-09	-3.429056e-09	-2.030752e+01	-2.034271e+02
2.790000e-06	-2.925744e-09	-4.000000e-09	-2.092206e+01	-2.371214e+02
2.800000e-06	-3.010424e-09	-4.560834e-09	-2.152761e+01	-2.709114e+02
2.810000e-06	-3.093986e-09	-5.124584e-09	-2.212517e+01	-3.046879e+02
2.820000e-06	-3.176532e-09	-5.698655e-09	-2.271546e+01	-3.383527e+02
2.830000e-06	-3.258023e-09	-6.266929e-09	-2.329821e+01	-3.718123e+02
2.840000e-06	-3.338445e-09	-6.817495e-09	-2.387331e+01	-4.049700e+02
2.850000e-06	-3.417773e-09	-7.360718e-09	-2.444059e+01	-4.377198e+02
2.860000e-06	-3.495775e-09	-7.906036e-09	-2.499838e+01	-4.699450e+02
2.870000e-06	-3.572251e-09	-8.441929e-09	-2.554526e+01	-5.015238e+02
2.880000e-06	-3.647264e-09	-8.956249e-09	-2.608168e+01	-5.323394e+02
2.890000e-06	-3.720895e-09	-9.456734e-09	-2.660823e+01	-5.622918e+02
2.900000e-06	-3.793236e-09	-9.950863e-09	-2.712554e+01	-5.913074e+02
2.910000e-06	-3.864319e-09	-1.042855e-08	-2.763386e+01	-6.193426e+02
2.920000e-06	-3.933886e-09	-1.087979e-08	-2.813133e+01	-6.463803e+02
2.930000e-06	-4.001888e-09	-1.131121e-08	-2.861762e+01	-6.724207e+02
2.940000e-06	-4.068536e-09	-1.173455e-08	-2.909423e+01	-6.974695e+02
2.950000e-06	-4.133824e-09	-1.214441e-08	-2.956111e+01	-7.215279e+02
2.960000e-06	-4.197766e-09	-1.253119e-08	-3.001835e+01	-7.445876e+02
2.970000e-06	-4.260229e-09	-1.289864e-08	-3.046504e+01	-7.666327e+02
2.980000e-06	-4.320964e-09	-1.325547e-08	-3.089935e+01	-7.876461e+02
2.990000e-06	-4.380098e-09	-1.359795e-08	-3.132222e+01	-8.076194e+02
3.000000e-06	-4.437807e-09	-1.391685e-08	-3.173490e+01	-8.265605e+02
3.010000e-06	-4.494055e-09	-1.421622e-08	-3.213714e+01	-8.444967e+02
3.020000e-06	-4.548643e-09	-1.450408e-08	-3.252750e+01	-8.614715e+02
3.030000e-06	-4.601278e-09	-1.477724e-08	-3.290390e+01	-8.775367e+02
3.040000e-06	-4.652007e-09	-1.503044e-08	-3.326666e+01	-8.927416e+02
3.050000e-06	-4.700896e-09	-1.526940e-08	-3.361627e+01	-9.071245e+02
3.060000e-06	-4.747844e-09	-1.550062e-08	-3.395200e+01	-9.207089e+02
3.070000e-06	-4.793068e-09	-1.571983e-08	-3.427540e+01	-9.335051e+02
3.080000e-06	-4.836808e-09	-1.592200e-08	-3.458818e+01	-9.455172e+02
3.090000e-06	-4.879060e-09	-1.610975e-08	-3.489033e+01	-9.567521e+02
3.100000e-06	-4.919780e-09	-1.628754e-08	-3.518152e+01	-9.672267e+02
3.110000e-06	-4.958864e-09	-1.645415e-08	-3.546101e+01	-9.769714e+02
3.120000e-06	-4.996058e-09	-1.660706e-08	-3.572700e+01	-9.860278e+02
3.130000e-06	-5.031371e-09	-1.674772e-08	-3.597952e+01	-9.944417e+02
3.140000e-06	-5.065001e-09	-1.688204e-08	-3.622001e+01	-1.002256e+03
3.150000e-06	-5.096939e-09	-1.701046e-08	-3.644840e+01	-1.009504e+03
3.160000e-06	-5.126942e-09	-1.712477e-08	-3.666296e+01	-1.016206e+03
3.170000e-06	-5.154987e-09	-1.722615e-08	-3.686351e+01	-1.022374e+03
3.180000e-06	-5.181280e-09	-1.732091e-08	-3.705153e+01	-1.028017e+03
3.190000e-06	-5.205827e-09	-1.740967e-08	-3.722707e+01	-1.033150e+03
3.200000e-06	-5.228501e-09	-1.748875e-08	-3.738921e+01	-1.037793e+03
3.210000e-06	-5.249172e-09	-1.755809e-08	-3.753703e+01	-1.041980e+03
3.220000e-06	-5.268008e-09	-1.762317e-08	-3.767173e+01	-1.045747e+03
3.230000e-06	-5.285147e-09	-1.768344e-08	-3.779429e+01	-1.049127e+03
3.240000e-06	-5.300419e-09	-1.773374e-08	-3.790350e+01	-1.052147e+03
3.250000e-06	-5.313503e-09	-1.777528e-08	-3.799707e+01	-1.054815e+03
3.260000e-06	-5.324454e-09	-1.781232e-08	-3.807538e+01	-1.057130e+03
3.270000e-06	-5.333569e-09	-1.784604e-08	-3.814056e+01	-1.059083e+03
3.280000e-06	-5.340854e-09	-1.787334e-08	-3.819266e+01	-1.060668e+03
3.290000e-06	-5.346128e-09	-1.789394e-08	-3.823037e+01	-1.061893e+03
3.300000e-06	-5.349478e-09	-1.791204e-08	-3.825434e+01	-1.062777e+03
3.310000e-06	-5.351103e-09	-1.792794e-08	-3.826596e+01	-1.063357e+03
3.320000e-06	-5.350979e-09	-1.793295e-08	-3.826507e+01	-1.063675e+03
