# Temperatura_=_55.81523809523809
# Concentracion g/m^3_=_22000.0
# C_Vs_to_Am_M_A/Vsm_=_59384043850.047264
# pendiente_HvsI_1/m_=_3716.3
# ordenada_HvsI_A/m_=_1297.0
# frecuencia_Hz_=_301391.17461586214
# Promedio de 21 ciclos

Tiempo_(s)	Campo_(V.s)	Magnetizacion_(V.s)	Campo_(kA/m)	Magnetizacion_(A/m)
0.000000e+00	-6.646836e-09	-2.281980e-08	-4.770376e+01	-1.354867e+03
1.000000e-08	-6.643781e-09	-2.281614e-08	-4.768184e+01	-1.354740e+03
2.000000e-08	-6.638495e-09	-2.280986e-08	-4.764390e+01	-1.354495e+03
3.000000e-08	-6.631168e-09	-2.280296e-08	-4.759131e+01	-1.354126e+03
4.000000e-08	-6.621611e-09	-2.279558e-08	-4.752272e+01	-1.353616e+03
5.000000e-08	-6.609630e-09	-2.278567e-08	-4.743673e+01	-1.352936e+03
6.000000e-08	-6.595240e-09	-2.277332e-08	-4.733346e+01	-1.352064e+03
7.000000e-08	-6.578423e-09	-2.275826e-08	-4.721276e+01	-1.350994e+03
8.000000e-08	-6.559276e-09	-2.272501e-08	-4.707534e+01	-1.349735e+03
9.000000e-08	-6.537699e-09	-2.269113e-08	-4.692048e+01	-1.348318e+03
1.000000e-07	-6.513439e-09	-2.267131e-08	-4.674637e+01	-1.346779e+03
1.100000e-07	-6.486618e-09	-2.265555e-08	-4.655387e+01	-1.345149e+03
1.200000e-07	-6.457685e-09	-2.263759e-08	-4.634623e+01	-1.343448e+03
1.300000e-07	-6.427055e-09	-2.261968e-08	-4.612640e+01	-1.341672e+03
1.400000e-07	-6.394852e-09	-2.257727e-08	-4.589528e+01	-1.339802e+03
1.500000e-07	-6.360600e-09	-2.253637e-08	-4.564945e+01	-1.337808e+03
1.600000e-07	-6.324067e-09	-2.251212e-08	-4.538726e+01	-1.335663e+03
1.700000e-07	-6.285557e-09	-2.245730e-08	-4.511088e+01	-1.333347e+03
1.800000e-07	-6.244702e-09	-2.241361e-08	-4.481766e+01	-1.330860e+03
1.900000e-07	-6.201372e-09	-2.237672e-08	-4.450668e+01	-1.328214e+03
2.000000e-07	-6.155891e-09	-2.233680e-08	-4.418027e+01	-1.325432e+03
2.100000e-07	-6.108112e-09	-2.229540e-08	-4.383736e+01	-1.322533e+03
2.200000e-07	-6.057810e-09	-2.223446e-08	-4.347635e+01	-1.319532e+03
2.300000e-07	-6.004964e-09	-2.218016e-08	-4.309707e+01	-1.316427e+03
2.400000e-07	-5.949787e-09	-2.212440e-08	-4.270108e+01	-1.313208e+03
2.500000e-07	-5.892439e-09	-2.206529e-08	-4.228949e+01	-1.309857e+03
2.600000e-07	-5.832915e-09	-2.201938e-08	-4.186229e+01	-1.306358e+03
2.700000e-07	-5.771342e-09	-2.196031e-08	-4.142039e+01	-1.302704e+03
2.800000e-07	-5.707784e-09	-2.189226e-08	-4.096424e+01	-1.298895e+03
2.900000e-07	-5.642117e-09	-2.182464e-08	-4.049294e+01	-1.294940e+03
3.000000e-07	-5.574310e-09	-2.175460e-08	-4.000630e+01	-1.290852e+03
3.100000e-07	-5.504453e-09	-2.167976e-08	-3.950494e+01	-1.286637e+03
3.200000e-07	-5.432678e-09	-2.160607e-08	-3.898982e+01	-1.282295e+03
3.300000e-07	-5.358888e-09	-2.154174e-08	-3.846023e+01	-1.277816e+03
3.400000e-07	-5.282931e-09	-2.146584e-08	-3.791509e+01	-1.273186e+03
3.500000e-07	-5.204864e-09	-2.138784e-08	-3.735481e+01	-1.268391e+03
3.600000e-07	-5.124691e-09	-2.130255e-08	-3.677942e+01	-1.263423e+03
3.700000e-07	-5.042586e-09	-2.120976e-08	-3.619016e+01	-1.258283e+03
3.800000e-07	-4.958813e-09	-2.111857e-08	-3.558892e+01	-1.252979e+03
3.900000e-07	-4.873464e-09	-2.102556e-08	-3.497638e+01	-1.247527e+03
4.000000e-07	-4.786559e-09	-2.093386e-08	-3.435267e+01	-1.241937e+03
4.100000e-07	-4.698036e-09	-2.084093e-08	-3.371734e+01	-1.236215e+03
4.200000e-07	-4.607740e-09	-2.074732e-08	-3.306930e+01	-1.230356e+03
4.300000e-07	-4.515677e-09	-2.064750e-08	-3.240857e+01	-1.224348e+03
4.400000e-07	-4.422011e-09	-2.054050e-08	-3.173634e+01	-1.218173e+03
4.500000e-07	-4.326829e-09	-2.042974e-08	-3.105322e+01	-1.211816e+03
4.600000e-07	-4.230112e-09	-2.031756e-08	-3.035909e+01	-1.205270e+03
4.700000e-07	-4.131800e-09	-2.020563e-08	-2.965351e+01	-1.198533e+03
4.800000e-07	-4.031913e-09	-2.009031e-08	-2.893663e+01	-1.191613e+03
4.900000e-07	-3.930617e-09	-1.997164e-08	-2.820964e+01	-1.184517e+03
5.000000e-07	-3.828017e-09	-1.985124e-08	-2.747329e+01	-1.177252e+03
5.100000e-07	-3.724091e-09	-1.972603e-08	-2.672742e+01	-1.169816e+03
5.200000e-07	-3.618760e-09	-1.959645e-08	-2.597147e+01	-1.162199e+03
5.300000e-07	-3.512038e-09	-1.946315e-08	-2.520554e+01	-1.154385e+03
5.400000e-07	-3.404030e-09	-1.932810e-08	-2.443037e+01	-1.146355e+03
5.500000e-07	-3.294851e-09	-1.919080e-08	-2.364680e+01	-1.138092e+03
5.600000e-07	-3.184582e-09	-1.904835e-08	-2.285540e+01	-1.129589e+03
5.700000e-07	-3.073223e-09	-1.890011e-08	-2.205619e+01	-1.120843e+03
5.800000e-07	-2.960722e-09	-1.874818e-08	-2.124879e+01	-1.111858e+03
5.900000e-07	-2.847034e-09	-1.859406e-08	-2.043286e+01	-1.102640e+03
6.000000e-07	-2.732170e-09	-1.843429e-08	-1.960849e+01	-1.093189e+03
6.100000e-07	-2.616160e-09	-1.827003e-08	-1.877590e+01	-1.083501e+03
6.200000e-07	-2.499120e-09	-1.810344e-08	-1.793591e+01	-1.073562e+03
6.300000e-07	-2.381189e-09	-1.793412e-08	-1.708952e+01	-1.063355e+03
6.400000e-07	-2.262458e-09	-1.775946e-08	-1.623740e+01	-1.052858e+03
6.500000e-07	-2.142965e-09	-1.757686e-08	-1.537981e+01	-1.042054e+03
6.600000e-07	-2.022698e-09	-1.738621e-08	-1.451666e+01	-1.030929e+03
6.700000e-07	-1.901639e-09	-1.719055e-08	-1.364783e+01	-1.019474e+03
6.800000e-07	-1.779848e-09	-1.699283e-08	-1.277375e+01	-1.007686e+03
6.900000e-07	-1.657424e-09	-1.678980e-08	-1.189513e+01	-9.955575e+02
7.000000e-07	-1.534396e-09	-1.657964e-08	-1.101217e+01	-9.830819e+02
7.100000e-07	-1.410775e-09	-1.636441e-08	-1.012495e+01	-9.702450e+02
7.200000e-07	-1.286617e-09	-1.614382e-08	-9.233875e+00	-9.570278e+02
7.300000e-07	-1.162010e-09	-1.591546e-08	-8.339580e+00	-9.434076e+02
7.400000e-07	-1.037022e-09	-1.567794e-08	-7.442556e+00	-9.293599e+02
7.500000e-07	-9.116905e-10	-1.543244e-08	-6.543059e+00	-9.148610e+02
7.600000e-07	-7.860595e-10	-1.517978e-08	-5.641415e+00	-8.998885e+02
7.700000e-07	-6.601935e-10	-1.491851e-08	-4.738086e+00	-8.844196e+02
7.800000e-07	-5.341367e-10	-1.464748e-08	-3.833386e+00	-8.684283e+02
7.900000e-07	-4.079141e-10	-1.436822e-08	-2.927497e+00	-8.518818e+02
8.000000e-07	-2.815616e-10	-1.408040e-08	-2.020676e+00	-8.347370e+02
8.100000e-07	-1.551103e-10	-1.378328e-08	-1.113145e+00	-8.169392e+02
8.200000e-07	-2.860570e-11	-1.347464e-08	-2.052319e-01	-7.984235e+02
8.300000e-07	9.790269e-11	-1.315173e-08	7.027085e-01	-7.791178e+02
8.400000e-07	2.243752e-10	-1.281161e-08	1.610391e+00	-7.589477e+02
8.500000e-07	3.507594e-10	-1.245422e-08	2.517440e+00	-7.378420e+02
8.600000e-07	4.770157e-10	-1.207891e-08	3.423571e+00	-7.157361e+02
8.700000e-07	6.031217e-10	-1.168495e-08	4.328623e+00	-6.925736e+02
8.800000e-07	7.290442e-10	-1.127410e-08	5.232359e+00	-6.683047e+02
8.900000e-07	8.547371e-10	-1.084566e-08	6.134447e+00	-6.428811e+02
9.000000e-07	9.801518e-10	-1.039941e-08	7.034537e+00	-6.162491e+02
9.100000e-07	1.105249e-09	-9.932570e-09	7.932349e+00	-5.883421e+02
9.200000e-07	1.229976e-09	-9.440065e-09	8.827503e+00	-5.590734e+02
9.300000e-07	1.354267e-09	-8.917491e-09	9.719531e+00	-5.283322e+02
9.400000e-07	1.478058e-09	-8.364447e-09	1.060797e+01	-4.959830e+02
9.500000e-07	1.601283e-09	-7.782908e-09	1.149235e+01	-4.618691e+02
9.600000e-07	1.723917e-09	-7.171836e-09	1.237248e+01	-4.258208e+02
9.700000e-07	1.845941e-09	-6.527088e-09	1.324823e+01	-3.876660e+02
9.800000e-07	1.967272e-09	-5.845363e-09	1.411901e+01	-3.472429e+02
9.900000e-07	2.087816e-09	-5.123341e-09	1.498414e+01	-3.044134e+02
1.000000e-06	2.207564e-09	-4.357878e-09	1.584357e+01	-2.590755e+02
1.010000e-06	2.326545e-09	-3.546884e-09	1.669748e+01	-2.111744e+02
1.020000e-06	2.444733e-09	-2.691074e-09	1.754571e+01	-1.607126e+02
1.030000e-06	2.562059e-09	-1.791138e-09	1.838775e+01	-1.077592e+02
1.040000e-06	2.678388e-09	-8.514835e-10	1.922262e+01	-5.245655e+01
1.050000e-06	2.793590e-09	1.214964e-10	2.004942e+01	4.973084e+00
1.060000e-06	2.907650e-09	1.122380e-09	2.086802e+01	6.422563e+01
1.070000e-06	3.020542e-09	2.146276e-09	2.167823e+01	1.249175e+02
1.080000e-06	3.132276e-09	3.188248e-09	2.248014e+01	1.865948e+02
1.090000e-06	3.242927e-09	4.239621e-09	2.327427e+01	2.487507e+02
1.100000e-06	3.352526e-09	5.288866e-09	2.406085e+01	3.108496e+02
1.110000e-06	3.461028e-09	6.326525e-09	2.483956e+01	3.723562e+02
1.120000e-06	3.568322e-09	7.346649e-09	2.560960e+01	4.327663e+02
1.130000e-06	3.674286e-09	8.341053e-09	2.637009e+01	4.916325e+02
1.140000e-06	3.778833e-09	9.300870e-09	2.712042e+01	5.485837e+02
1.150000e-06	3.881973e-09	1.022075e-08	2.786064e+01	6.033329e+02
1.160000e-06	3.983759e-09	1.110125e-08	2.859115e+01	6.556747e+02
1.170000e-06	4.084181e-09	1.194044e-08	2.931187e+01	7.054749e+02
1.180000e-06	4.183109e-09	1.273386e-08	3.002186e+01	7.526558e+02
1.190000e-06	4.280411e-09	1.348064e-08	3.072019e+01	7.971813e+02
1.200000e-06	4.376099e-09	1.418401e-08	3.140694e+01	8.390475e+02
1.210000e-06	4.470272e-09	1.484467e-08	3.208280e+01	8.782775e+02
1.220000e-06	4.562992e-09	1.546142e-08	3.274825e+01	9.149212e+02
1.230000e-06	4.654197e-09	1.603531e-08	3.340282e+01	9.490578e+02
1.240000e-06	4.743700e-09	1.656794e-08	3.404517e+01	9.807959e+02
1.250000e-06	4.831406e-09	1.706254e-08	3.467463e+01	1.010270e+03
1.260000e-06	4.917408e-09	1.752121e-08	3.529186e+01	1.037631e+03
1.270000e-06	5.001793e-09	1.794675e-08	3.589748e+01	1.063034e+03
1.280000e-06	5.084442e-09	1.834337e-08	3.649065e+01	1.086630e+03
1.290000e-06	5.165192e-09	1.871192e-08	3.707018e+01	1.108548e+03
1.300000e-06	5.244057e-09	1.905221e-08	3.763619e+01	1.128901e+03
1.310000e-06	5.321062e-09	1.936625e-08	3.818885e+01	1.147784e+03
1.320000e-06	5.396052e-09	1.965830e-08	3.872704e+01	1.165282e+03
1.330000e-06	5.468920e-09	1.993046e-08	3.925000e+01	1.181481e+03
1.340000e-06	5.539783e-09	2.018238e-08	3.975858e+01	1.196474e+03
1.350000e-06	5.608737e-09	2.041532e-08	4.025346e+01	1.210360e+03
1.360000e-06	5.675687e-09	2.063188e-08	4.073395e+01	1.223241e+03
1.370000e-06	5.740522e-09	2.083348e-08	4.119926e+01	1.235211e+03
1.380000e-06	5.803331e-09	2.101862e-08	4.165004e+01	1.246350e+03
1.390000e-06	5.864263e-09	2.118897e-08	4.208734e+01	1.256713e+03
1.400000e-06	5.923183e-09	2.134756e-08	4.251021e+01	1.266338e+03
1.410000e-06	5.979910e-09	2.149572e-08	4.291732e+01	1.275248e+03
1.420000e-06	6.034457e-09	2.163276e-08	4.330880e+01	1.283461e+03
1.430000e-06	6.086678e-09	2.175673e-08	4.368359e+01	1.291007e+03
1.440000e-06	6.136336e-09	2.187073e-08	4.403998e+01	1.297928e+03
1.450000e-06	6.183573e-09	2.197812e-08	4.437899e+01	1.304282e+03
1.460000e-06	6.228719e-09	2.207523e-08	4.470300e+01	1.310134e+03
1.470000e-06	6.271735e-09	2.216284e-08	4.501172e+01	1.315545e+03
1.480000e-06	6.312401e-09	2.224457e-08	4.530357e+01	1.320563e+03
1.490000e-06	6.350810e-09	2.232357e-08	4.557923e+01	1.325213e+03
1.500000e-06	6.387156e-09	2.239596e-08	4.584008e+01	1.329499e+03
1.510000e-06	6.421219e-09	2.245944e-08	4.608455e+01	1.333413e+03
1.520000e-06	6.452878e-09	2.251647e-08	4.631176e+01	1.336943e+03
1.530000e-06	6.482389e-09	2.256799e-08	4.652356e+01	1.340090e+03
1.540000e-06	6.509713e-09	2.261448e-08	4.671966e+01	1.342869e+03
1.550000e-06	6.534590e-09	2.265535e-08	4.689819e+01	1.345311e+03
1.560000e-06	6.557087e-09	2.269243e-08	4.705965e+01	1.347459e+03
1.570000e-06	6.577453e-09	2.272564e-08	4.720581e+01	1.349356e+03
1.580000e-06	6.595537e-09	2.275315e-08	4.733561e+01	1.351030e+03
1.590000e-06	6.611155e-09	2.277412e-08	4.744769e+01	1.352495e+03
1.600000e-06	6.624354e-09	2.279060e-08	4.754242e+01	1.353749e+03
1.610000e-06	6.634965e-09	2.280415e-08	4.761857e+01	1.354778e+03
1.620000e-06	6.642993e-09	2.281703e-08	4.767619e+01	1.355573e+03
1.630000e-06	6.648736e-09	2.282811e-08	4.771740e+01	1.356132e+03
1.640000e-06	6.652255e-09	2.283563e-08	4.774266e+01	1.356472e+03
1.650000e-06	6.653383e-09	2.283971e-08	4.775075e+01	1.356621e+03
1.660000e-06	6.652194e-09	2.283932e-08	4.774222e+01	1.356611e+03
1.670000e-06	6.648967e-09	2.283469e-08	4.771905e+01	1.356471e+03
1.680000e-06	6.643538e-09	2.282724e-08	4.768009e+01	1.356213e+03
1.690000e-06	6.635821e-09	2.281801e-08	4.762470e+01	1.355831e+03
1.700000e-06	6.626037e-09	2.280791e-08	4.755448e+01	1.355303e+03
1.710000e-06	6.614084e-09	2.279468e-08	4.746870e+01	1.354604e+03
1.720000e-06	6.599750e-09	2.277790e-08	4.736582e+01	1.353711e+03
1.730000e-06	6.583280e-09	2.277598e-08	4.724762e+01	1.352619e+03
1.740000e-06	6.564792e-09	2.276909e-08	4.711493e+01	1.351342e+03
1.750000e-06	6.543593e-09	2.274290e-08	4.696279e+01	1.349910e+03
1.760000e-06	6.519231e-09	2.270436e-08	4.678794e+01	1.348360e+03
1.770000e-06	6.492197e-09	2.265326e-08	4.659392e+01	1.346722e+03
1.780000e-06	6.462901e-09	2.260898e-08	4.638366e+01	1.345013e+03
1.790000e-06	6.431691e-09	2.260956e-08	4.615967e+01	1.343228e+03
1.800000e-06	6.398896e-09	2.257541e-08	4.592430e+01	1.341346e+03
1.810000e-06	6.364166e-09	2.252703e-08	4.567504e+01	1.339338e+03
1.820000e-06	6.327270e-09	2.251585e-08	4.541025e+01	1.337174e+03
1.830000e-06	6.288190e-09	2.246636e-08	4.512977e+01	1.334840e+03
1.840000e-06	6.246750e-09	2.243328e-08	4.483235e+01	1.332335e+03
1.850000e-06	6.203222e-09	2.237545e-08	4.451995e+01	1.329673e+03
1.860000e-06	6.157531e-09	2.230415e-08	4.419204e+01	1.326878e+03
1.870000e-06	6.109493e-09	2.228361e-08	4.384727e+01	1.323968e+03
1.880000e-06	6.059311e-09	2.223856e-08	4.348712e+01	1.320956e+03
1.890000e-06	6.006609e-09	2.219099e-08	4.310888e+01	1.317840e+03
1.900000e-06	5.951433e-09	2.212846e-08	4.271288e+01	1.314607e+03
1.910000e-06	5.894143e-09	2.205000e-08	4.230171e+01	1.311241e+03
1.920000e-06	5.834790e-09	2.200937e-08	4.187574e+01	1.307725e+03
1.930000e-06	5.773350e-09	2.193789e-08	4.143479e+01	1.304054e+03
1.940000e-06	5.709699e-09	2.186747e-08	4.097797e+01	1.300229e+03
1.950000e-06	5.644023e-09	2.180764e-08	4.050662e+01	1.296260e+03
1.960000e-06	5.576296e-09	2.175074e-08	4.002055e+01	1.292158e+03
1.970000e-06	5.506344e-09	2.168440e-08	3.951851e+01	1.287929e+03
1.980000e-06	5.434324e-09	2.158401e-08	3.900162e+01	1.283573e+03
1.990000e-06	5.360358e-09	2.151124e-08	3.847077e+01	1.279078e+03
2.000000e-06	5.284389e-09	2.143353e-08	3.792556e+01	1.274431e+03
2.010000e-06	5.206226e-09	2.135556e-08	3.736458e+01	1.269618e+03
2.020000e-06	5.126080e-09	2.126850e-08	3.678938e+01	1.264631e+03
2.030000e-06	5.044241e-09	2.118078e-08	3.620203e+01	1.259473e+03
2.040000e-06	4.960657e-09	2.110600e-08	3.560215e+01	1.254153e+03
2.050000e-06	4.875233e-09	2.100840e-08	3.498907e+01	1.248685e+03
2.060000e-06	4.787938e-09	2.090684e-08	3.436256e+01	1.243081e+03
2.070000e-06	4.698985e-09	2.079988e-08	3.372415e+01	1.237345e+03
2.080000e-06	4.608470e-09	2.070479e-08	3.307453e+01	1.231471e+03
2.090000e-06	4.516359e-09	2.060746e-08	3.241346e+01	1.225445e+03
2.100000e-06	4.422560e-09	2.049982e-08	3.174027e+01	1.219251e+03
2.110000e-06	4.327086e-09	2.039389e-08	3.105506e+01	1.212875e+03
2.120000e-06	4.230107e-09	2.028611e-08	3.035905e+01	1.206308e+03
2.130000e-06	4.131744e-09	2.017679e-08	2.965310e+01	1.199551e+03
2.140000e-06	4.031982e-09	2.005191e-08	2.893712e+01	1.192611e+03
2.150000e-06	3.930640e-09	1.992771e-08	2.820979e+01	1.185497e+03
2.160000e-06	3.827728e-09	1.980899e-08	2.747121e+01	1.178214e+03
2.170000e-06	3.723396e-09	1.968781e-08	2.672243e+01	1.170760e+03
2.180000e-06	3.617833e-09	1.955734e-08	2.596481e+01	1.163123e+03
2.190000e-06	3.511147e-09	1.942155e-08	2.519913e+01	1.155286e+03
2.200000e-06	3.403276e-09	1.928645e-08	2.442495e+01	1.147231e+03
2.210000e-06	3.294171e-09	1.914834e-08	2.364191e+01	1.138943e+03
2.220000e-06	3.183819e-09	1.900394e-08	2.284992e+01	1.130414e+03
2.230000e-06	3.072253e-09	1.885560e-08	2.204922e+01	1.121642e+03
2.240000e-06	2.959505e-09	1.870781e-08	2.124004e+01	1.112632e+03
2.250000e-06	2.845687e-09	1.855508e-08	2.042317e+01	1.103389e+03
2.260000e-06	2.730824e-09	1.839223e-08	1.959882e+01	1.093913e+03
2.270000e-06	2.614853e-09	1.822229e-08	1.876650e+01	1.084199e+03
2.280000e-06	2.497747e-09	1.805525e-08	1.792604e+01	1.074232e+03
2.290000e-06	2.379612e-09	1.788673e-08	1.707819e+01	1.063995e+03
2.300000e-06	2.260594e-09	1.771137e-08	1.622401e+01	1.053466e+03
2.310000e-06	2.140727e-09	1.752838e-08	1.536374e+01	1.042628e+03
2.320000e-06	2.020083e-09	1.734228e-08	1.449789e+01	1.031468e+03
2.330000e-06	1.898757e-09	1.715139e-08	1.362714e+01	1.019978e+03
2.340000e-06	1.776810e-09	1.695028e-08	1.275194e+01	1.008153e+03
2.350000e-06	1.654292e-09	1.674270e-08	1.187263e+01	9.959881e+02
2.360000e-06	1.531228e-09	1.653316e-08	1.098942e+01	9.834744e+02
2.370000e-06	1.407636e-09	1.631996e-08	1.010240e+01	9.705978e+02
2.380000e-06	1.283535e-09	1.609719e-08	9.211741e+00	9.573385e+02
2.390000e-06	1.158943e-09	1.586570e-08	8.317557e+00	9.436736e+02
2.400000e-06	1.033893e-09	1.562742e-08	7.420082e+00	9.295787e+02
2.410000e-06	9.084329e-10	1.538284e-08	6.519669e+00	9.150301e+02
2.420000e-06	7.826335e-10	1.513072e-08	5.616819e+00	9.000055e+02
2.430000e-06	6.565764e-10	1.487020e-08	4.712118e+00	8.844820e+02
2.440000e-06	5.303187e-10	1.460191e-08	3.805979e+00	8.684329e+02
2.450000e-06	4.038858e-10	1.432441e-08	2.898581e+00	8.518245e+02
2.460000e-06	2.772968e-10	1.403399e-08	1.990064e+00	8.346125e+02
2.470000e-06	1.505920e-10	1.373028e-08	1.080714e+00	8.167411e+02
2.480000e-06	2.382964e-11	1.341525e-08	1.709521e-01	7.981443e+02
2.490000e-06	-1.029367e-10	1.308757e-08	-7.388385e-01	7.787495e+02
2.500000e-06	-2.296619e-10	1.274663e-08	-1.648333e+00	7.584825e+02
2.510000e-06	-3.562891e-10	1.239139e-08	-2.557125e+00	7.372725e+02
2.520000e-06	-4.827752e-10	1.201915e-08	-3.464904e+00	7.150559e+02
2.530000e-06	-6.090983e-10	1.162883e-08	-4.371512e+00	6.917772e+02
2.540000e-06	-7.352143e-10	1.122003e-08	-5.276635e+00	6.673869e+02
2.550000e-06	-8.610581e-10	1.079018e-08	-6.179803e+00	6.418365e+02
2.560000e-06	-9.865664e-10	1.033903e-08	-7.080564e+00	6.150714e+02
2.570000e-06	-1.111688e-09	9.868098e-09	-7.978546e+00	5.870230e+02
2.580000e-06	-1.236369e-09	9.374892e-09	-8.873371e+00	5.576023e+02
2.590000e-06	-1.360556e-09	8.856776e-09	-9.764653e+00	5.266957e+02
2.600000e-06	-1.484206e-09	8.312617e-09	-1.065207e+01	4.941651e+02
2.610000e-06	-1.607304e-09	7.739908e-09	-1.153554e+01	4.598523e+02
2.620000e-06	-1.729829e-09	7.134250e-09	-1.241490e+01	4.235864e+02
2.630000e-06	-1.851748e-09	6.490902e-09	-1.328990e+01	3.851959e+02
2.640000e-06	-1.973047e-09	5.807306e-09	-1.416045e+01	3.445211e+02
2.650000e-06	-2.093694e-09	5.084081e-09	-1.502632e+01	3.014270e+02
2.660000e-06	-2.213587e-09	4.320318e-09	-1.588678e+01	2.558161e+02
2.670000e-06	-2.332633e-09	3.513505e-09	-1.674116e+01	2.076394e+02
2.680000e-06	-2.450785e-09	2.663182e-09	-1.758913e+01	1.569061e+02
2.690000e-06	-2.567957e-09	1.771894e-09	-1.843006e+01	1.036927e+02
2.700000e-06	-2.684059e-09	8.431789e-10	-1.926332e+01	4.815016e+01
2.710000e-06	-2.799059e-09	-1.209879e-10	-2.008866e+01	-9.490799e+00
2.720000e-06	-2.912918e-09	-1.116947e-09	-2.090581e+01	-6.891727e+01
2.730000e-06	-3.025601e-09	-2.137109e-09	-2.171453e+01	-1.297375e+02
2.740000e-06	-3.137080e-09	-3.173509e-09	-2.251460e+01	-1.914911e+02
2.750000e-06	-3.247319e-09	-4.217994e-09	-2.330578e+01	-2.536668e+02
2.760000e-06	-3.356390e-09	-5.261255e-09	-2.408857e+01	-3.157276e+02
2.770000e-06	-3.464370e-09	-6.293792e-09	-2.486354e+01	-3.771401e+02
2.780000e-06	-3.571255e-09	-7.306796e-09	-2.563064e+01	-4.374049e+02
2.790000e-06	-3.676979e-09	-8.292955e-09	-2.638941e+01	-4.960823e+02
2.800000e-06	-3.781411e-09	-9.247457e-09	-2.713891e+01	-5.528098e+02
2.810000e-06	-3.884390e-09	-1.016489e-08	-2.787798e+01	-6.073095e+02
2.820000e-06	-3.985848e-09	-1.104142e-08	-2.860614e+01	-6.593843e+02
2.830000e-06	-4.085855e-09	-1.187691e-08	-2.932387e+01	-7.089068e+02
2.840000e-06	-4.184480e-09	-1.266913e-08	-3.003170e+01	-7.558042e+02
2.850000e-06	-4.281735e-09	-1.341560e-08	-3.072969e+01	-8.000446e+02
2.860000e-06	-4.377509e-09	-1.411667e-08	-3.141705e+01	-8.416268e+02
2.870000e-06	-4.471678e-09	-1.477431e-08	-3.209289e+01	-8.805767e+02
2.880000e-06	-4.564220e-09	-1.538880e-08	-3.275706e+01	-9.169475e+02
2.890000e-06	-4.655165e-09	-1.596067e-08	-3.340976e+01	-9.508215e+02
2.900000e-06	-4.744518e-09	-1.649131e-08	-3.405104e+01	-9.823102e+02
2.910000e-06	-4.832223e-09	-1.698360e-08	-3.468048e+01	-1.011550e+03
2.920000e-06	-4.918141e-09	-1.744142e-08	-3.529712e+01	-1.038694e+03
2.930000e-06	-5.002226e-09	-1.786672e-08	-3.590058e+01	-1.063897e+03
2.940000e-06	-5.084598e-09	-1.826245e-08	-3.649176e+01	-1.087307e+03
2.950000e-06	-5.165281e-09	-1.863216e-08	-3.707081e+01	-1.109052e+03
2.960000e-06	-5.244065e-09	-1.897686e-08	-3.763624e+01	-1.129244e+03
2.970000e-06	-5.320720e-09	-1.929482e-08	-3.818638e+01	-1.147974e+03
2.980000e-06	-5.395304e-09	-1.958671e-08	-3.872166e+01	-1.165328e+03
2.990000e-06	-5.467986e-09	-1.985716e-08	-3.924329e+01	-1.181394e+03
3.000000e-06	-5.538698e-09	-2.010820e-08	-3.975079e+01	-1.196264e+03
3.010000e-06	-5.607319e-09	-2.033931e-08	-4.024327e+01	-1.210037e+03
3.020000e-06	-5.673933e-09	-2.055393e-08	-4.072136e+01	-1.222816e+03
3.030000e-06	-5.738659e-09	-2.075646e-08	-4.118589e+01	-1.234694e+03
3.040000e-06	-5.801393e-09	-2.094647e-08	-4.163613e+01	-1.245747e+03
3.050000e-06	-5.861968e-09	-2.112254e-08	-4.207086e+01	-1.256030e+03
3.060000e-06	-5.920417e-09	-2.128540e-08	-4.249034e+01	-1.265578e+03
3.070000e-06	-5.976847e-09	-2.143729e-08	-4.289534e+01	-1.274412e+03
3.080000e-06	-6.031085e-09	-2.157687e-08	-4.328460e+01	-1.282552e+03
3.090000e-06	-6.082895e-09	-2.170365e-08	-4.365643e+01	-1.290029e+03
3.100000e-06	-6.132188e-09	-2.181923e-08	-4.401020e+01	-1.296886e+03
3.110000e-06	-6.179041e-09	-2.192661e-08	-4.434646e+01	-1.303183e+03
3.120000e-06	-6.223792e-09	-2.202767e-08	-4.466763e+01	-1.308985e+03
3.130000e-06	-6.266595e-09	-2.212092e-08	-4.497483e+01	-1.314352e+03
3.140000e-06	-6.307377e-09	-2.220675e-08	-4.526752e+01	-1.319330e+03
3.150000e-06	-6.345958e-09	-2.228573e-08	-4.554441e+01	-1.323940e+03
3.160000e-06	-6.382224e-09	-2.235837e-08	-4.580468e+01	-1.328187e+03
3.170000e-06	-6.416273e-09	-2.242299e-08	-4.604905e+01	-1.332060e+03
3.180000e-06	-6.448105e-09	-2.248023e-08	-4.627751e+01	-1.335550e+03
3.190000e-06	-6.477545e-09	-2.253267e-08	-4.648879e+01	-1.338656e+03
3.200000e-06	-6.504629e-09	-2.258023e-08	-4.668317e+01	-1.341397e+03
3.210000e-06	-6.529512e-09	-2.262324e-08	-4.686175e+01	-1.343806e+03
3.220000e-06	-6.552046e-09	-2.266086e-08	-4.702347e+01	-1.345925e+03
3.230000e-06	-6.572196e-09	-2.269327e-08	-4.716809e+01	-1.347797e+03
3.240000e-06	-6.590129e-09	-2.272152e-08	-4.729679e+01	-1.349448e+03
3.250000e-06	-6.605752e-09	-2.274564e-08	-4.740891e+01	-1.350891e+03
3.260000e-06	-6.618760e-09	-2.276605e-08	-4.750227e+01	-1.352121e+03
3.270000e-06	-6.629214e-09	-2.278364e-08	-4.757730e+01	-1.353126e+03
3.280000e-06	-6.637385e-09	-2.279844e-08	-4.763593e+01	-1.353895e+03
3.290000e-06	-6.643150e-09	-2.280907e-08	-4.767731e+01	-1.354430e+03
3.300000e-06	-6.646523e-09	-2.281647e-08	-4.770152e+01	-1.354748e+03
3.310000e-06	-6.647710e-09	-2.282032e-08	-4.771004e+01	-1.354878e+03
