# Temperatura_=_58.61526315789473
# Concentracion g/m^3_=_22000.0
# C_Vs_to_Am_M_A/Vsm_=_59384043850.047264
# pendiente_HvsI_1/m_=_3716.3
# ordenada_HvsI_A/m_=_1297.0
# frecuencia_Hz_=_301646.15612482245
# Promedio de 19 ciclos

Tiempo_(s)	Campo_(V.s)	Magnetizacion_(V.s)	Campo_(kA/m)	Magnetizacion_(A/m)
0.000000e+00	-8.044757e-09	-2.526754e-08	-5.687097e+01	-1.499112e+03
1.000000e-08	-8.041331e-09	-2.526140e-08	-5.684675e+01	-1.498817e+03
2.000000e-08	-8.035270e-09	-2.525473e-08	-5.680390e+01	-1.498455e+03
3.000000e-08	-8.026582e-09	-2.524470e-08	-5.674248e+01	-1.498022e+03
4.000000e-08	-8.015040e-09	-2.523327e-08	-5.666088e+01	-1.497497e+03
5.000000e-08	-8.000543e-09	-2.522197e-08	-5.655840e+01	-1.496846e+03
6.000000e-08	-7.983204e-09	-2.521363e-08	-5.643583e+01	-1.496036e+03
7.000000e-08	-7.963408e-09	-2.521235e-08	-5.629589e+01	-1.495049e+03
8.000000e-08	-7.941106e-09	-2.515141e-08	-5.613822e+01	-1.493886e+03
9.000000e-08	-7.915620e-09	-2.509628e-08	-5.595806e+01	-1.492572e+03
1.000000e-07	-7.886789e-09	-2.510196e-08	-5.575424e+01	-1.491147e+03
1.100000e-07	-7.855108e-09	-2.510796e-08	-5.553028e+01	-1.489648e+03
1.200000e-07	-7.820763e-09	-2.509143e-08	-5.528748e+01	-1.488101e+03
1.300000e-07	-7.783886e-09	-2.505005e-08	-5.502679e+01	-1.486507e+03
1.400000e-07	-7.744851e-09	-2.505435e-08	-5.475084e+01	-1.484844e+03
1.500000e-07	-7.703607e-09	-2.501114e-08	-5.445927e+01	-1.483075e+03
1.600000e-07	-7.659656e-09	-2.494857e-08	-5.414857e+01	-1.481161e+03
1.700000e-07	-7.612901e-09	-2.492002e-08	-5.381804e+01	-1.479078e+03
1.800000e-07	-7.563336e-09	-2.482675e-08	-5.346765e+01	-1.476823e+03
1.900000e-07	-7.510632e-09	-2.484817e-08	-5.309507e+01	-1.474416e+03
2.000000e-07	-7.455050e-09	-2.485326e-08	-5.270214e+01	-1.471888e+03
2.100000e-07	-7.396813e-09	-2.476063e-08	-5.229044e+01	-1.469272e+03
2.200000e-07	-7.335903e-09	-2.471359e-08	-5.185985e+01	-1.466585e+03
2.300000e-07	-7.272411e-09	-2.465207e-08	-5.141101e+01	-1.463821e+03
2.400000e-07	-7.206153e-09	-2.463546e-08	-5.094261e+01	-1.460954e+03
2.500000e-07	-7.137209e-09	-2.454785e-08	-5.045522e+01	-1.457949e+03
2.600000e-07	-7.065660e-09	-2.447675e-08	-4.994942e+01	-1.454771e+03
2.700000e-07	-6.991360e-09	-2.447406e-08	-4.942417e+01	-1.451404e+03
2.800000e-07	-6.914295e-09	-2.444118e-08	-4.887937e+01	-1.447852e+03
2.900000e-07	-6.834525e-09	-2.435307e-08	-4.831546e+01	-1.444140e+03
3.000000e-07	-6.752260e-09	-2.422549e-08	-4.773390e+01	-1.440297e+03
3.100000e-07	-6.667717e-09	-2.419688e-08	-4.713624e+01	-1.436349e+03
3.200000e-07	-6.580926e-09	-2.414000e-08	-4.652268e+01	-1.432304e+03
3.300000e-07	-6.491812e-09	-2.405235e-08	-4.589271e+01	-1.428145e+03
3.400000e-07	-6.400370e-09	-2.398503e-08	-4.524628e+01	-1.423843e+03
3.500000e-07	-6.306664e-09	-2.393064e-08	-4.458384e+01	-1.419360e+03
3.600000e-07	-6.210622e-09	-2.386950e-08	-4.390489e+01	-1.414670e+03
3.700000e-07	-6.112247e-09	-2.375277e-08	-4.320944e+01	-1.409763e+03
3.800000e-07	-6.011696e-09	-2.364789e-08	-4.249861e+01	-1.404653e+03
3.900000e-07	-5.909006e-09	-2.355888e-08	-4.177267e+01	-1.399369e+03
4.000000e-07	-5.804133e-09	-2.349284e-08	-4.103129e+01	-1.393940e+03
4.100000e-07	-5.697131e-09	-2.339968e-08	-4.027485e+01	-1.388389e+03
4.200000e-07	-5.588139e-09	-2.330110e-08	-3.950435e+01	-1.382714e+03
4.300000e-07	-5.477193e-09	-2.321444e-08	-3.872004e+01	-1.376898e+03
4.400000e-07	-5.364158e-09	-2.311689e-08	-3.792097e+01	-1.370908e+03
4.500000e-07	-5.248940e-09	-2.299834e-08	-3.710645e+01	-1.364711e+03
4.600000e-07	-5.131655e-09	-2.287239e-08	-3.627733e+01	-1.358285e+03
4.700000e-07	-5.012487e-09	-2.277124e-08	-3.543489e+01	-1.351626e+03
4.800000e-07	-4.891489e-09	-2.266693e-08	-3.457952e+01	-1.344748e+03
4.900000e-07	-4.768704e-09	-2.254917e-08	-3.371151e+01	-1.337671e+03
5.000000e-07	-4.644227e-09	-2.241614e-08	-3.283154e+01	-1.330415e+03
5.100000e-07	-4.518106e-09	-2.229565e-08	-3.193995e+01	-1.322983e+03
5.200000e-07	-4.390341e-09	-2.216946e-08	-3.103674e+01	-1.315362e+03
5.300000e-07	-4.260981e-09	-2.202948e-08	-3.012225e+01	-1.307524e+03
5.400000e-07	-4.130114e-09	-2.188699e-08	-2.919712e+01	-1.299438e+03
5.500000e-07	-3.997766e-09	-2.175567e-08	-2.826150e+01	-1.291077e+03
5.600000e-07	-3.863957e-09	-2.162194e-08	-2.731556e+01	-1.282430e+03
5.700000e-07	-3.728737e-09	-2.146570e-08	-2.635965e+01	-1.273502e+03
5.800000e-07	-3.592159e-09	-2.130167e-08	-2.539413e+01	-1.264308e+03
5.900000e-07	-3.454244e-09	-2.114129e-08	-2.441917e+01	-1.254865e+03
6.000000e-07	-3.314944e-09	-2.098461e-08	-2.343442e+01	-1.245176e+03
6.100000e-07	-3.174256e-09	-2.081339e-08	-2.243985e+01	-1.235231e+03
6.200000e-07	-3.032269e-09	-2.063985e-08	-2.143610e+01	-1.224999e+03
6.300000e-07	-2.889122e-09	-2.046942e-08	-2.042414e+01	-1.214443e+03
6.400000e-07	-2.744913e-09	-2.029199e-08	-1.940469e+01	-1.203527e+03
6.500000e-07	-2.599701e-09	-2.009412e-08	-1.837814e+01	-1.192230e+03
6.600000e-07	-2.453582e-09	-1.988690e-08	-1.734518e+01	-1.180546e+03
6.700000e-07	-2.306607e-09	-1.968613e-08	-1.630617e+01	-1.168482e+03
6.800000e-07	-2.158843e-09	-1.948231e-08	-1.526157e+01	-1.156054e+03
6.900000e-07	-2.010354e-09	-1.926834e-08	-1.421185e+01	-1.143268e+03
7.000000e-07	-1.861179e-09	-1.904617e-08	-1.315728e+01	-1.130113e+03
7.100000e-07	-1.711389e-09	-1.882470e-08	-1.209837e+01	-1.116559e+03
7.200000e-07	-1.561025e-09	-1.859062e-08	-1.103540e+01	-1.102560e+03
7.300000e-07	-1.410100e-09	-1.833776e-08	-9.968464e+00	-1.088061e+03
7.400000e-07	-1.258646e-09	-1.807611e-08	-8.897789e+00	-1.073011e+03
7.500000e-07	-1.106691e-09	-1.781489e-08	-7.823569e+00	-1.057372e+03
7.600000e-07	-9.542805e-10	-1.754587e-08	-6.746130e+00	-1.041117e+03
7.700000e-07	-8.015020e-10	-1.725988e-08	-5.666090e+00	-1.024226e+03
7.800000e-07	-6.484545e-10	-1.696463e-08	-4.584149e+00	-1.006678e+03
7.900000e-07	-4.951863e-10	-1.666210e-08	-3.500648e+00	-9.884373e+02
8.000000e-07	-3.417485e-10	-1.634488e-08	-2.415947e+00	-9.694476e+02
8.100000e-07	-1.882161e-10	-1.600450e-08	-1.330578e+00	-9.496323e+02
8.200000e-07	-3.463211e-11	-1.565063e-08	-2.448437e-01	-9.288972e+02
8.300000e-07	1.189742e-10	-1.528841e-08	8.410484e-01	-9.071379e+02
8.400000e-07	2.725312e-10	-1.490754e-08	1.926591e+00	-8.842441e+02
8.500000e-07	4.259952e-10	-1.449797e-08	3.011477e+00	-8.601005e+02
8.600000e-07	5.793322e-10	-1.406321e-08	4.095465e+00	-8.345815e+02
8.700000e-07	7.324781e-10	-1.360801e-08	5.178102e+00	-8.075416e+02
8.800000e-07	8.853566e-10	-1.312441e-08	6.258849e+00	-7.788059e+02
8.900000e-07	1.037891e-09	-1.260363e-08	7.337162e+00	-7.481626e+02
9.000000e-07	1.190013e-09	-1.204663e-08	8.412562e+00	-7.153593e+02
9.100000e-07	1.341643e-09	-1.145610e-08	9.484482e+00	-6.801040e+02
9.200000e-07	1.492753e-09	-1.081818e-08	1.055273e+01	-6.420665e+02
9.300000e-07	1.643334e-09	-1.011879e-08	1.161724e+01	-6.008796e+02
9.400000e-07	1.793346e-09	-9.355943e-09	1.267771e+01	-5.561397e+02
9.500000e-07	1.942722e-09	-8.530555e-09	1.373371e+01	-5.074090e+02
9.600000e-07	2.091398e-09	-7.631073e-09	1.478474e+01	-4.542262e+02
9.700000e-07	2.239356e-09	-6.644175e-09	1.583071e+01	-3.961340e+02
9.800000e-07	2.386535e-09	-5.568979e-09	1.687116e+01	-3.327266e+02
9.900000e-07	2.532829e-09	-4.403405e-09	1.790536e+01	-2.637184e+02
1.000000e-06	2.678230e-09	-3.143916e-09	1.893324e+01	-1.890253e+02
1.010000e-06	2.822665e-09	-1.783297e-09	1.995431e+01	-1.088439e+02
1.020000e-06	2.966047e-09	-3.359786e-10	2.096792e+01	-2.370838e+01
1.030000e-06	3.108361e-09	1.173310e-09	2.197398e+01	6.549112e+01
1.040000e-06	3.249498e-09	2.725396e-09	2.297172e+01	1.575420e+02
1.050000e-06	3.389369e-09	4.302704e-09	2.396051e+01	2.509930e+02
1.060000e-06	3.527952e-09	5.877773e-09	2.494020e+01	3.442783e+02
1.070000e-06	3.665203e-09	7.418419e-09	2.591047e+01	4.358585e+02
1.080000e-06	3.801047e-09	8.907383e-09	2.687080e+01	5.243547e+02
1.090000e-06	3.935494e-09	1.032920e-08	2.782125e+01	6.086505e+02
1.100000e-06	4.068541e-09	1.166809e-08	2.876180e+01	6.879475e+02
1.110000e-06	4.200098e-09	1.290899e-08	2.969182e+01	7.617699e+02
1.120000e-06	4.330151e-09	1.405077e-08	3.061121e+01	8.299272e+02
1.130000e-06	4.458670e-09	1.509873e-08	3.151975e+01	8.924497e+02
1.140000e-06	4.585632e-09	1.605556e-08	3.241728e+01	9.495177e+02
1.150000e-06	4.711022e-09	1.692391e-08	3.330371e+01	1.001398e+03
1.160000e-06	4.834763e-09	1.771064e-08	3.417847e+01	1.048403e+03
1.170000e-06	4.956794e-09	1.842427e-08	3.504115e+01	1.090862e+03
1.180000e-06	5.077007e-09	1.906889e-08	3.589097e+01	1.129118e+03
1.190000e-06	5.195332e-09	1.964467e-08	3.672745e+01	1.163526e+03
1.200000e-06	5.311696e-09	2.015959e-08	3.755006e+01	1.194448e+03
1.210000e-06	5.425995e-09	2.062491e-08	3.835808e+01	1.222248e+03
1.220000e-06	5.538214e-09	2.104487e-08	3.915139e+01	1.247281e+03
1.230000e-06	5.648442e-09	2.142194e-08	3.993063e+01	1.269875e+03
1.240000e-06	5.756724e-09	2.176195e-08	4.069611e+01	1.290321e+03
1.250000e-06	5.862967e-09	2.207279e-08	4.144718e+01	1.308869e+03
1.260000e-06	5.967062e-09	2.235683e-08	4.218306e+01	1.325726e+03
1.270000e-06	6.068996e-09	2.261338e-08	4.290366e+01	1.341067e+03
1.280000e-06	6.168734e-09	2.284504e-08	4.360874e+01	1.355044e+03
1.290000e-06	6.266172e-09	2.305800e-08	4.429756e+01	1.367795e+03
1.300000e-06	6.361340e-09	2.325470e-08	4.497033e+01	1.379446e+03
1.310000e-06	6.454314e-09	2.343284e-08	4.562760e+01	1.390117e+03
1.320000e-06	6.545058e-09	2.359428e-08	4.626910e+01	1.399914e+03
1.330000e-06	6.633440e-09	2.374386e-08	4.689390e+01	1.408926e+03
1.340000e-06	6.719507e-09	2.388331e-08	4.750234e+01	1.417231e+03
1.350000e-06	6.803294e-09	2.401065e-08	4.809465e+01	1.424889e+03
1.360000e-06	6.884632e-09	2.412623e-08	4.866966e+01	1.431952e+03
1.370000e-06	6.963458e-09	2.423333e-08	4.922690e+01	1.438469e+03
1.380000e-06	7.039729e-09	2.433334e-08	4.976609e+01	1.444485e+03
1.390000e-06	7.113324e-09	2.442464e-08	5.028635e+01	1.450047e+03
1.400000e-06	7.184315e-09	2.450679e-08	5.078821e+01	1.455196e+03
1.410000e-06	7.252804e-09	2.458511e-08	5.127238e+01	1.459971e+03
1.420000e-06	7.318658e-09	2.466073e-08	5.173793e+01	1.464404e+03
1.430000e-06	7.381888e-09	2.473008e-08	5.218492e+01	1.468520e+03
1.440000e-06	7.442643e-09	2.479338e-08	5.261442e+01	1.472338e+03
1.450000e-06	7.500809e-09	2.485299e-08	5.302561e+01	1.475876e+03
1.460000e-06	7.556274e-09	2.490995e-08	5.341772e+01	1.479151e+03
1.470000e-06	7.608820e-09	2.496018e-08	5.378918e+01	1.482178e+03
1.480000e-06	7.658187e-09	2.500338e-08	5.413817e+01	1.484975e+03
1.490000e-06	7.704640e-09	2.504422e-08	5.446656e+01	1.487552e+03
1.500000e-06	7.748433e-09	2.508335e-08	5.477615e+01	1.489918e+03
1.510000e-06	7.789416e-09	2.511923e-08	5.506587e+01	1.492073e+03
1.520000e-06	7.827625e-09	2.515025e-08	5.533598e+01	1.494017e+03
1.530000e-06	7.863173e-09	2.517894e-08	5.558728e+01	1.495752e+03
1.540000e-06	7.895923e-09	2.520556e-08	5.581881e+01	1.497283e+03
1.550000e-06	7.925920e-09	2.522746e-08	5.603086e+01	1.498625e+03
1.560000e-06	7.953203e-09	2.524365e-08	5.622373e+01	1.499796e+03
1.570000e-06	7.977588e-09	2.525729e-08	5.639612e+01	1.500817e+03
1.580000e-06	7.999162e-09	2.527077e-08	5.654863e+01	1.501701e+03
1.590000e-06	8.018002e-09	2.528269e-08	5.668182e+01	1.502455e+03
1.600000e-06	8.033949e-09	2.529184e-08	5.679456e+01	1.503074e+03
1.610000e-06	8.046904e-09	2.529873e-08	5.688614e+01	1.503544e+03
1.620000e-06	8.056727e-09	2.530332e-08	5.695558e+01	1.503855e+03
1.630000e-06	8.063561e-09	2.530488e-08	5.700390e+01	1.504003e+03
1.640000e-06	8.067642e-09	2.530359e-08	5.703275e+01	1.503999e+03
1.650000e-06	8.068880e-09	2.529910e-08	5.704150e+01	1.503864e+03
1.660000e-06	8.067368e-09	2.530050e-08	5.703081e+01	1.503627e+03
1.670000e-06	8.063281e-09	2.529650e-08	5.700192e+01	1.503314e+03
1.680000e-06	8.056492e-09	2.528766e-08	5.695393e+01	1.502934e+03
1.690000e-06	8.047020e-09	2.527881e-08	5.688696e+01	1.502481e+03
1.700000e-06	8.034788e-09	2.526654e-08	5.680049e+01	1.501927e+03
1.710000e-06	8.019763e-09	2.524979e-08	5.669428e+01	1.501238e+03
1.720000e-06	8.002265e-09	2.521955e-08	5.657058e+01	1.500384e+03
1.730000e-06	7.982500e-09	2.524672e-08	5.643085e+01	1.499351e+03
1.740000e-06	7.960004e-09	2.527412e-08	5.627182e+01	1.498147e+03
1.750000e-06	7.934072e-09	2.522705e-08	5.608850e+01	1.496800e+03
1.760000e-06	7.904508e-09	2.517096e-08	5.587950e+01	1.495352e+03
1.770000e-06	7.871812e-09	2.513279e-08	5.564836e+01	1.493839e+03
1.780000e-06	7.836574e-09	2.508842e-08	5.539926e+01	1.492281e+03
1.790000e-06	7.798816e-09	2.503312e-08	5.513234e+01	1.490672e+03
1.800000e-06	7.758875e-09	2.509586e-08	5.484997e+01	1.488985e+03
1.810000e-06	7.716829e-09	2.500776e-08	5.455274e+01	1.487183e+03
1.820000e-06	7.672149e-09	2.499152e-08	5.423688e+01	1.485228e+03
1.830000e-06	7.624807e-09	2.503396e-08	5.390221e+01	1.483100e+03
1.840000e-06	7.574580e-09	2.487687e-08	5.354714e+01	1.480804e+03
1.850000e-06	7.521265e-09	2.487776e-08	5.317024e+01	1.478362e+03
1.860000e-06	7.465161e-09	2.478173e-08	5.277362e+01	1.475809e+03
1.870000e-06	7.406385e-09	2.477465e-08	5.235812e+01	1.473174e+03
1.880000e-06	7.345028e-09	2.477767e-08	5.192437e+01	1.470468e+03
1.890000e-06	7.280932e-09	2.466616e-08	5.147125e+01	1.467681e+03
1.900000e-06	7.214118e-09	2.469390e-08	5.099892e+01	1.464782e+03
1.910000e-06	7.144586e-09	2.459228e-08	5.050737e+01	1.461736e+03
1.920000e-06	7.072261e-09	2.452416e-08	4.999608e+01	1.458511e+03
1.930000e-06	6.997334e-09	2.444312e-08	4.946641e+01	1.455095e+03
1.940000e-06	6.919643e-09	2.439623e-08	4.891718e+01	1.451500e+03
1.950000e-06	6.839336e-09	2.439191e-08	4.834947e+01	1.447751e+03
1.960000e-06	6.756642e-09	2.428209e-08	4.776487e+01	1.443880e+03
1.970000e-06	6.671501e-09	2.425992e-08	4.716299e+01	1.439907e+03
1.980000e-06	6.583918e-09	2.415597e-08	4.654384e+01	1.435835e+03
1.990000e-06	6.493981e-09	2.408326e-08	4.590804e+01	1.431643e+03
2.000000e-06	6.401867e-09	2.399108e-08	4.525686e+01	1.427298e+03
2.010000e-06	6.307414e-09	2.391030e-08	4.458914e+01	1.422765e+03
2.020000e-06	6.210680e-09	2.386809e-08	4.390530e+01	1.418019e+03
2.030000e-06	6.111771e-09	2.378024e-08	4.320608e+01	1.413059e+03
2.040000e-06	6.010649e-09	2.371018e-08	4.249121e+01	1.407902e+03
2.050000e-06	5.907323e-09	2.358693e-08	4.176077e+01	1.402578e+03
2.060000e-06	5.801873e-09	2.350729e-08	4.101531e+01	1.397117e+03
2.070000e-06	5.694435e-09	2.339594e-08	4.025580e+01	1.391535e+03
2.080000e-06	5.584942e-09	2.330612e-08	3.948176e+01	1.385827e+03
2.090000e-06	5.473390e-09	2.320965e-08	3.869316e+01	1.379969e+03
2.100000e-06	5.359738e-09	2.312032e-08	3.788972e+01	1.373930e+03
2.110000e-06	5.244011e-09	2.302281e-08	3.707161e+01	1.367676e+03
2.120000e-06	5.126225e-09	2.289832e-08	3.623894e+01	1.361190e+03
2.130000e-06	5.006455e-09	2.278156e-08	3.539225e+01	1.354474e+03
2.140000e-06	4.884869e-09	2.265618e-08	3.453272e+01	1.347544e+03
2.150000e-06	4.761531e-09	2.255094e-08	3.366081e+01	1.340420e+03
2.160000e-06	4.636493e-09	2.242642e-08	3.277687e+01	1.333119e+03
2.170000e-06	4.509783e-09	2.231223e-08	3.188111e+01	1.325641e+03
2.180000e-06	4.381463e-09	2.218033e-08	3.097398e+01	1.317968e+03
2.190000e-06	4.251618e-09	2.204855e-08	3.005607e+01	1.310071e+03
2.200000e-06	4.120281e-09	2.189989e-08	2.912760e+01	1.301918e+03
2.210000e-06	3.987446e-09	2.175206e-08	2.818855e+01	1.293485e+03
2.220000e-06	3.853184e-09	2.160678e-08	2.723941e+01	1.284766e+03
2.230000e-06	3.717503e-09	2.146300e-08	2.628024e+01	1.275769e+03
2.240000e-06	3.580435e-09	2.131563e-08	2.531126e+01	1.266511e+03
2.250000e-06	3.442049e-09	2.115466e-08	2.433296e+01	1.257005e+03
2.260000e-06	3.302359e-09	2.099176e-08	2.334545e+01	1.247254e+03
2.270000e-06	3.161402e-09	2.081627e-08	2.234898e+01	1.237239e+03
2.280000e-06	3.019263e-09	2.063784e-08	2.134416e+01	1.226929e+03
2.290000e-06	2.876012e-09	2.045365e-08	2.033147e+01	1.216285e+03
2.300000e-06	2.731690e-09	2.027448e-08	1.931121e+01	1.205275e+03
2.310000e-06	2.586398e-09	2.008729e-08	1.828410e+01	1.193880e+03
2.320000e-06	2.440231e-09	1.989147e-08	1.725079e+01	1.182099e+03
2.330000e-06	2.293220e-09	1.968476e-08	1.621152e+01	1.169943e+03
2.340000e-06	2.145358e-09	1.947198e-08	1.516624e+01	1.157424e+03
2.350000e-06	1.996709e-09	1.925160e-08	1.411540e+01	1.144546e+03
2.360000e-06	1.847373e-09	1.902398e-08	1.305969e+01	1.131295e+03
2.370000e-06	1.697408e-09	1.879402e-08	1.199954e+01	1.117634e+03
2.380000e-06	1.546861e-09	1.856015e-08	1.093528e+01	1.103514e+03
2.390000e-06	1.395784e-09	1.831815e-08	9.867267e+00	1.088881e+03
2.400000e-06	1.244217e-09	1.806261e-08	8.795792e+00	1.073686e+03
2.410000e-06	1.092204e-09	1.779414e-08	7.721159e+00	1.057895e+03
2.420000e-06	9.397904e-10	1.751562e-08	6.643701e+00	1.041481e+03
2.430000e-06	7.870418e-10	1.722816e-08	5.563873e+00	1.024428e+03
2.440000e-06	6.340169e-10	1.692866e-08	4.482090e+00	1.006710e+03
2.450000e-06	4.807619e-10	1.662107e-08	3.398681e+00	9.882877e+02
2.460000e-06	3.273299e-10	1.630249e-08	2.314021e+00	9.690989e+02
2.470000e-06	1.737803e-10	1.596678e-08	1.228529e+00	9.490623e+02
2.480000e-06	2.018322e-11	1.560975e-08	1.427018e-01	9.280805e+02
2.490000e-06	-1.333978e-10	1.523463e-08	-9.430119e-01	9.060473e+02
2.500000e-06	-2.869141e-10	1.484243e-08	-2.028268e+00	8.828514e+02
2.510000e-06	-4.403161e-10	1.443264e-08	-3.112717e+00	8.583757e+02
2.520000e-06	-5.935421e-10	1.400168e-08	-4.195921e+00	8.324903e+02
2.530000e-06	-7.465209e-10	1.354388e-08	-5.277377e+00	8.050435e+02
2.540000e-06	-8.991880e-10	1.305713e-08	-6.356631e+00	7.758516e+02
2.550000e-06	-1.051484e-09	1.253391e-08	-7.433263e+00	7.446928e+02
2.560000e-06	-1.203357e-09	1.196952e-08	-8.506900e+00	7.113047e+02
2.570000e-06	-1.354787e-09	1.136295e-08	-9.577404e+00	6.753855e+02
2.580000e-06	-1.505755e-09	1.071181e-08	-1.064465e+01	6.365958e+02
2.590000e-06	-1.656188e-09	1.000991e-08	-1.170811e+01	5.945592e+02
2.600000e-06	-1.806007e-09	9.247011e-09	-1.276723e+01	5.488631e+02
2.610000e-06	-1.955200e-09	8.415879e-09	-1.382192e+01	4.990623e+02
2.620000e-06	-2.103721e-09	7.508176e-09	-1.487186e+01	4.446933e+02
2.630000e-06	-2.251451e-09	6.513670e-09	-1.591621e+01	3.853063e+02
2.640000e-06	-2.398340e-09	5.426777e-09	-1.695461e+01	3.205183e+02
2.650000e-06	-2.544407e-09	4.246228e-09	-1.798721e+01	2.500863e+02
2.660000e-06	-2.689591e-09	2.974062e-09	-1.901357e+01	1.739895e+02
2.670000e-06	-2.833776e-09	1.611079e-09	-2.003285e+01	9.250478e+01
2.680000e-06	-2.976893e-09	1.655077e-10	-2.104460e+01	6.255552e+00
2.690000e-06	-3.118866e-09	-1.344142e-09	-2.204825e+01	-8.378231e+01
2.700000e-06	-3.259649e-09	-2.896599e-09	-2.304348e+01	-1.763268e+02
2.710000e-06	-3.399169e-09	-4.469248e-09	-2.402980e+01	-2.698854e+02
2.720000e-06	-3.537382e-09	-6.034707e-09	-2.500687e+01	-3.628853e+02
2.730000e-06	-3.674288e-09	-7.565217e-09	-2.597470e+01	-4.538156e+02
2.740000e-06	-3.809826e-09	-9.037947e-09	-2.693286e+01	-5.413552e+02
2.750000e-06	-3.943984e-09	-1.043676e-08	-2.788126e+01	-6.244640e+02
2.760000e-06	-4.076743e-09	-1.175167e-08	-2.881978e+01	-7.024256e+02
2.770000e-06	-4.208034e-09	-1.297439e-08	-2.974792e+01	-7.748405e+02
2.780000e-06	-4.337863e-09	-1.410139e-08	-3.066573e+01	-8.415799e+02
2.790000e-06	-4.466204e-09	-1.513487e-08	-3.157301e+01	-9.027183e+02
2.800000e-06	-4.592957e-09	-1.607914e-08	-3.246907e+01	-9.584628e+02
2.810000e-06	-4.718082e-09	-1.693698e-08	-3.335361e+01	-1.009095e+03
2.820000e-06	-4.841500e-09	-1.771143e-08	-3.422610e+01	-1.054932e+03
2.830000e-06	-4.963157e-09	-1.840928e-08	-3.508614e+01	-1.096308e+03
2.840000e-06	-5.083008e-09	-1.903869e-08	-3.593340e+01	-1.133570e+03
2.850000e-06	-5.200924e-09	-1.960791e-08	-3.676698e+01	-1.167073e+03
2.860000e-06	-5.316735e-09	-2.011970e-08	-3.758569e+01	-1.197181e+03
2.870000e-06	-5.430375e-09	-2.057957e-08	-3.838904e+01	-1.224258e+03
2.880000e-06	-5.541886e-09	-2.099388e-08	-3.917735e+01	-1.248652e+03
2.890000e-06	-5.651341e-09	-2.136638e-08	-3.995113e+01	-1.270684e+03
2.900000e-06	-5.758851e-09	-2.170319e-08	-4.071115e+01	-1.290635e+03
2.910000e-06	-5.864425e-09	-2.200917e-08	-4.145748e+01	-1.308743e+03
2.920000e-06	-5.967885e-09	-2.228873e-08	-4.218888e+01	-1.325206e+03
2.930000e-06	-6.069111e-09	-2.254547e-08	-4.290448e+01	-1.340193e+03
2.940000e-06	-6.168164e-09	-2.278010e-08	-4.360471e+01	-1.353852e+03
2.950000e-06	-6.265116e-09	-2.299238e-08	-4.429010e+01	-1.366317e+03
2.960000e-06	-6.359896e-09	-2.318556e-08	-4.496013e+01	-1.377713e+03
2.970000e-06	-6.452371e-09	-2.336246e-08	-4.561386e+01	-1.388157e+03
2.980000e-06	-6.542579e-09	-2.352395e-08	-4.625158e+01	-1.397750e+03
2.990000e-06	-6.630507e-09	-2.367213e-08	-4.687317e+01	-1.406580e+03
3.000000e-06	-6.716010e-09	-2.380944e-08	-4.747762e+01	-1.414718e+03
3.010000e-06	-6.799105e-09	-2.393840e-08	-4.806504e+01	-1.422224e+03
3.020000e-06	-6.879858e-09	-2.405961e-08	-4.863591e+01	-1.429147e+03
3.030000e-06	-6.958073e-09	-2.417221e-08	-4.918884e+01	-1.435535e+03
3.040000e-06	-7.033569e-09	-2.427580e-08	-4.972254e+01	-1.441434e+03
3.050000e-06	-7.106459e-09	-2.436954e-08	-5.023783e+01	-1.446889e+03
3.060000e-06	-7.176763e-09	-2.445519e-08	-5.073483e+01	-1.451942e+03
3.070000e-06	-7.244455e-09	-2.453351e-08	-5.121336e+01	-1.456630e+03
3.080000e-06	-7.309643e-09	-2.460465e-08	-5.167420e+01	-1.460982e+03
3.090000e-06	-7.372272e-09	-2.467065e-08	-5.211694e+01	-1.465023e+03
3.100000e-06	-7.432235e-09	-2.473378e-08	-5.254084e+01	-1.468770e+03
3.110000e-06	-7.489567e-09	-2.479560e-08	-5.294614e+01	-1.472242e+03
3.120000e-06	-7.544139e-09	-2.485270e-08	-5.333193e+01	-1.475453e+03
3.130000e-06	-7.595756e-09	-2.490477e-08	-5.369683e+01	-1.478423e+03
3.140000e-06	-7.644299e-09	-2.495254e-08	-5.403999e+01	-1.481164e+03
3.150000e-06	-7.689962e-09	-2.499407e-08	-5.436280e+01	-1.483689e+03
3.160000e-06	-7.733135e-09	-2.502989e-08	-5.466801e+01	-1.486002e+03
3.170000e-06	-7.773799e-09	-2.506340e-08	-5.495547e+01	-1.488106e+03
3.180000e-06	-7.811685e-09	-2.509722e-08	-5.522330e+01	-1.489998e+03
3.190000e-06	-7.846801e-09	-2.512936e-08	-5.547154e+01	-1.491682e+03
3.200000e-06	-7.879207e-09	-2.515674e-08	-5.570064e+01	-1.493165e+03
3.210000e-06	-7.908697e-09	-2.518088e-08	-5.590911e+01	-1.494463e+03
3.220000e-06	-7.935324e-09	-2.520325e-08	-5.609734e+01	-1.495595e+03
3.230000e-06	-7.959221e-09	-2.522241e-08	-5.626628e+01	-1.496582e+03
3.240000e-06	-7.980252e-09	-2.523628e-08	-5.641495e+01	-1.497434e+03
3.250000e-06	-7.998473e-09	-2.524707e-08	-5.654376e+01	-1.498156e+03
3.260000e-06	-8.013831e-09	-2.525704e-08	-5.665234e+01	-1.498739e+03
3.270000e-06	-8.026058e-09	-2.526505e-08	-5.673878e+01	-1.499171e+03
3.280000e-06	-8.035315e-09	-2.527005e-08	-5.680421e+01	-1.499442e+03
3.290000e-06	-8.041701e-09	-2.527242e-08	-5.684936e+01	-1.499551e+03
3.300000e-06	-8.045224e-09	-2.527704e-08	-5.687427e+01	-1.499513e+03
3.310000e-06	-8.046037e-09	-2.527736e-08	-5.688001e+01	-1.499350e+03
