# Temperatura_=_56.88478260869565
# Concentracion g/m^3_=_22000.0
# C_Vs_to_Am_M_A/Vsm_=_59384043850.047264
# pendiente_HvsI_1/m_=_3716.3
# ordenada_HvsI_A/m_=_1297.0
# frecuencia_Hz_=_301421.9192418635
# Promedio de 23 ciclos

Tiempo_(s)	Campo_(V.s)	Magnetizacion_(V.s)	Campo_(kA/m)	Magnetizacion_(A/m)
0.000000e+00	-6.660021e-09	-2.321301e-08	-4.769138e+01	-1.377714e+03
1.000000e-08	-6.657455e-09	-2.320848e-08	-4.767301e+01	-1.377576e+03
2.000000e-08	-6.652587e-09	-2.320268e-08	-4.763815e+01	-1.377270e+03
3.000000e-08	-6.645648e-09	-2.319607e-08	-4.758846e+01	-1.376809e+03
4.000000e-08	-6.636571e-09	-2.318809e-08	-4.752346e+01	-1.376203e+03
5.000000e-08	-6.625107e-09	-2.317566e-08	-4.744137e+01	-1.375454e+03
6.000000e-08	-6.611194e-09	-2.316076e-08	-4.734174e+01	-1.374559e+03
7.000000e-08	-6.594830e-09	-2.315137e-08	-4.722456e+01	-1.373509e+03
8.000000e-08	-6.576110e-09	-2.313247e-08	-4.709051e+01	-1.372299e+03
9.000000e-08	-6.555039e-09	-2.307478e-08	-4.693963e+01	-1.370927e+03
1.000000e-07	-6.531337e-09	-2.304024e-08	-4.676990e+01	-1.369406e+03
1.100000e-07	-6.504981e-09	-2.304422e-08	-4.658117e+01	-1.367755e+03
1.200000e-07	-6.476385e-09	-2.302923e-08	-4.637640e+01	-1.366000e+03
1.300000e-07	-6.446005e-09	-2.299376e-08	-4.615886e+01	-1.364164e+03
1.400000e-07	-6.414047e-09	-2.297685e-08	-4.593001e+01	-1.362261e+03
1.500000e-07	-6.380199e-09	-2.292703e-08	-4.568763e+01	-1.360289e+03
1.600000e-07	-6.344073e-09	-2.287085e-08	-4.542894e+01	-1.358231e+03
1.700000e-07	-6.305899e-09	-2.287168e-08	-4.515558e+01	-1.356058e+03
1.800000e-07	-6.265556e-09	-2.279086e-08	-4.486669e+01	-1.353739e+03
1.900000e-07	-6.222683e-09	-2.274325e-08	-4.455968e+01	-1.351249e+03
2.000000e-07	-6.177550e-09	-2.273499e-08	-4.423649e+01	-1.348576e+03
2.100000e-07	-6.130206e-09	-2.266797e-08	-4.389747e+01	-1.345723e+03
2.200000e-07	-6.080338e-09	-2.263110e-08	-4.354037e+01	-1.342706e+03
2.300000e-07	-6.027928e-09	-2.257040e-08	-4.316508e+01	-1.339549e+03
2.400000e-07	-5.973140e-09	-2.250975e-08	-4.277275e+01	-1.336273e+03
2.500000e-07	-5.916152e-09	-2.246247e-08	-4.236467e+01	-1.332891e+03
2.600000e-07	-5.856977e-09	-2.239626e-08	-4.194092e+01	-1.329405e+03
2.700000e-07	-5.795691e-09	-2.234954e-08	-4.150207e+01	-1.325803e+03
2.800000e-07	-5.732427e-09	-2.228731e-08	-4.104904e+01	-1.322067e+03
2.900000e-07	-5.667084e-09	-2.221300e-08	-4.058113e+01	-1.318181e+03
3.000000e-07	-5.599595e-09	-2.214118e-08	-4.009786e+01	-1.314132e+03
3.100000e-07	-5.530013e-09	-2.207668e-08	-3.959958e+01	-1.309918e+03
3.200000e-07	-5.458485e-09	-2.200970e-08	-3.908739e+01	-1.305546e+03
3.300000e-07	-5.385004e-09	-2.191946e-08	-3.856120e+01	-1.301029e+03
3.400000e-07	-5.309375e-09	-2.185763e-08	-3.801963e+01	-1.296381e+03
3.500000e-07	-5.231594e-09	-2.178294e-08	-3.746265e+01	-1.291609e+03
3.600000e-07	-5.151677e-09	-2.169130e-08	-3.689038e+01	-1.286711e+03
3.700000e-07	-5.069769e-09	-2.160586e-08	-3.630385e+01	-1.281677e+03
3.800000e-07	-4.986153e-09	-2.151556e-08	-3.570510e+01	-1.276486e+03
3.900000e-07	-4.900951e-09	-2.143300e-08	-3.509498e+01	-1.271121e+03
4.000000e-07	-4.814188e-09	-2.134019e-08	-3.447368e+01	-1.265564e+03
4.100000e-07	-4.725830e-09	-2.124172e-08	-3.384096e+01	-1.259811e+03
4.200000e-07	-4.635741e-09	-2.113750e-08	-3.319585e+01	-1.253863e+03
4.300000e-07	-4.543867e-09	-2.103854e-08	-3.253795e+01	-1.247734e+03
4.400000e-07	-4.450358e-09	-2.093512e-08	-3.186835e+01	-1.241440e+03
4.500000e-07	-4.355326e-09	-2.082179e-08	-3.118784e+01	-1.234997e+03
4.600000e-07	-4.258742e-09	-2.071382e-08	-3.049622e+01	-1.228411e+03
4.700000e-07	-4.160557e-09	-2.060019e-08	-2.979313e+01	-1.221682e+03
4.800000e-07	-4.060775e-09	-2.048392e-08	-2.907861e+01	-1.214793e+03
4.900000e-07	-3.959556e-09	-2.035893e-08	-2.835380e+01	-1.207726e+03
5.000000e-07	-3.857034e-09	-2.023402e-08	-2.761965e+01	-1.200457e+03
5.100000e-07	-3.753188e-09	-2.011263e-08	-2.687603e+01	-1.192967e+03
5.200000e-07	-3.647939e-09	-1.998783e-08	-2.612236e+01	-1.185247e+03
5.300000e-07	-3.541272e-09	-1.985439e-08	-2.535853e+01	-1.177297e+03
5.400000e-07	-3.433278e-09	-1.971186e-08	-2.458520e+01	-1.169129e+03
5.500000e-07	-3.324091e-09	-1.957123e-08	-2.380333e+01	-1.160755e+03
5.600000e-07	-3.213808e-09	-1.942579e-08	-2.301361e+01	-1.152188e+03
5.700000e-07	-3.102417e-09	-1.927529e-08	-2.221596e+01	-1.143430e+03
5.800000e-07	-2.989878e-09	-1.912273e-08	-2.141008e+01	-1.134472e+03
5.900000e-07	-2.876165e-09	-1.897184e-08	-2.059580e+01	-1.125295e+03
6.000000e-07	-2.761269e-09	-1.881648e-08	-1.977305e+01	-1.115871e+03
6.100000e-07	-2.645217e-09	-1.865099e-08	-1.894202e+01	-1.106174e+03
6.200000e-07	-2.528102e-09	-1.848029e-08	-1.810338e+01	-1.096184e+03
6.300000e-07	-2.410071e-09	-1.830819e-08	-1.725818e+01	-1.085894e+03
6.400000e-07	-2.291231e-09	-1.813230e-08	-1.640718e+01	-1.075308e+03
6.500000e-07	-2.171622e-09	-1.794829e-08	-1.555068e+01	-1.064439e+03
6.600000e-07	-2.051241e-09	-1.775853e-08	-1.468865e+01	-1.053298e+03
6.700000e-07	-1.930088e-09	-1.756604e-08	-1.382109e+01	-1.041891e+03
6.800000e-07	-1.808200e-09	-1.737101e-08	-1.294827e+01	-1.030211e+03
6.900000e-07	-1.685634e-09	-1.716967e-08	-1.207060e+01	-1.018234e+03
7.000000e-07	-1.562428e-09	-1.696129e-08	-1.118834e+01	-1.005927e+03
7.100000e-07	-1.438626e-09	-1.674795e-08	-1.030181e+01	-9.932515e+02
7.200000e-07	-1.314283e-09	-1.652868e-08	-9.411411e+00	-9.801759e+02
7.300000e-07	-1.189482e-09	-1.629948e-08	-8.517734e+00	-9.666787e+02
7.400000e-07	-1.064299e-09	-1.606218e-08	-7.621316e+00	-9.527518e+02
7.500000e-07	-9.387675e-10	-1.582000e-08	-6.722403e+00	-9.383969e+02
7.600000e-07	-8.129291e-10	-1.557208e-08	-5.821294e+00	-9.236164e+02
7.700000e-07	-6.868366e-10	-1.531693e-08	-4.918365e+00	-9.084040e+02
7.800000e-07	-5.605423e-10	-1.505353e-08	-4.013991e+00	-8.927357e+02
7.900000e-07	-4.340809e-10	-1.478104e-08	-3.108420e+00	-8.765671e+02
8.000000e-07	-3.074711e-10	-1.449776e-08	-2.201787e+00	-8.598355e+02
8.100000e-07	-1.807597e-10	-1.420243e-08	-1.294426e+00	-8.424686e+02
8.200000e-07	-5.399198e-11	-1.389600e-08	-3.866618e-01	-8.243943e+02
8.300000e-07	7.279221e-11	-1.357864e-08	5.212203e-01	-8.055500e+02
8.400000e-07	1.995505e-10	-1.324883e-08	1.428917e+00	-7.858866e+02
8.500000e-07	3.262392e-10	-1.290426e-08	2.336115e+00	-7.653660e+02
8.600000e-07	4.528107e-10	-1.254362e-08	3.242474e+00	-7.439537e+02
8.700000e-07	5.792317e-10	-1.216699e-08	4.147756e+00	-7.216082e+02
8.800000e-07	7.054689e-10	-1.177368e-08	5.051721e+00	-6.982708e+02
8.900000e-07	8.314832e-10	-1.136178e-08	5.954091e+00	-6.738612e+02
9.000000e-07	9.572276e-10	-1.092906e-08	6.854527e+00	-6.482774e+02
9.100000e-07	1.082648e-09	-1.047455e-08	7.752647e+00	-6.214021e+02
9.200000e-07	1.207714e-09	-9.996370e-09	8.648224e+00	-5.931101e+02
9.300000e-07	1.332384e-09	-9.491816e-09	9.540968e+00	-5.632761e+02
9.400000e-07	1.456588e-09	-8.958154e-09	1.043037e+01	-5.317765e+02
9.500000e-07	1.580260e-09	-8.394266e-09	1.131597e+01	-4.984880e+02
9.600000e-07	1.703336e-09	-7.800078e-09	1.219730e+01	-4.632806e+02
9.700000e-07	1.825765e-09	-7.172343e-09	1.307399e+01	-4.260119e+02
9.800000e-07	1.947507e-09	-6.505315e-09	1.394577e+01	-3.865250e+02
9.900000e-07	2.068497e-09	-5.795100e-09	1.481216e+01	-3.446537e+02
1.000000e-06	2.188697e-09	-5.040478e-09	1.567289e+01	-3.002379e+02
1.010000e-06	2.308115e-09	-4.242149e-09	1.652802e+01	-2.531454e+02
1.020000e-06	2.426743e-09	-3.398302e-09	1.737750e+01	-2.032974e+02
1.030000e-06	2.544521e-09	-2.508675e-09	1.822089e+01	-1.506929e+02
1.040000e-06	2.661354e-09	-1.575509e-09	1.905751e+01	-9.542523e+01
1.050000e-06	2.777115e-09	-6.015631e-10	1.988647e+01	-3.768991e+01
1.060000e-06	2.891693e-09	4.090216e-10	2.070694e+01	2.221902e+01
1.070000e-06	3.005073e-09	1.452127e-09	2.151883e+01	8.392087e+01
1.080000e-06	3.117295e-09	2.520863e-09	2.232244e+01	1.469659e+02
1.090000e-06	3.228399e-09	3.603106e-09	2.311803e+01	2.108554e+02
1.100000e-06	3.338416e-09	4.687769e-09	2.390585e+01	2.750616e+02
1.110000e-06	3.447371e-09	5.766956e-09	2.468606e+01	3.390470e+02
1.120000e-06	3.555175e-09	6.833041e-09	2.545803e+01	4.022829e+02
1.130000e-06	3.661661e-09	7.876260e-09	2.622056e+01	4.642680e+02
1.140000e-06	3.766735e-09	8.889899e-09	2.697298e+01	5.245474e+02
1.150000e-06	3.870388e-09	9.869732e-09	2.771523e+01	5.827304e+02
1.160000e-06	3.972672e-09	1.080983e-08	2.844766e+01	6.385045e+02
1.170000e-06	4.073605e-09	1.170591e-08	2.917043e+01	6.916439e+02
1.180000e-06	4.173070e-09	1.255462e-08	2.988268e+01	7.420089e+02
1.190000e-06	4.270910e-09	1.335482e-08	3.058330e+01	7.895377e+02
1.200000e-06	4.367109e-09	1.410544e-08	3.127216e+01	8.342301e+02
1.210000e-06	4.461773e-09	1.480813e-08	3.195004e+01	8.761295e+02
1.220000e-06	4.555002e-09	1.546546e-08	3.261764e+01	9.153053e+02
1.230000e-06	4.646735e-09	1.607949e-08	3.327453e+01	9.518408e+02
1.240000e-06	4.736763e-09	1.665185e-08	3.391920e+01	9.858281e+02
1.250000e-06	4.825001e-09	1.718397e-08	3.455106e+01	1.017369e+03
1.260000e-06	4.911530e-09	1.767629e-08	3.517069e+01	1.046579e+03
1.270000e-06	4.996444e-09	1.812969e-08	3.577874e+01	1.073592e+03
1.280000e-06	5.079667e-09	1.854862e-08	3.637469e+01	1.098558e+03
1.290000e-06	5.161008e-09	1.893623e-08	3.695716e+01	1.121640e+03
1.300000e-06	5.240435e-09	1.929316e-08	3.752592e+01	1.143001e+03
1.310000e-06	5.318000e-09	1.962155e-08	3.808136e+01	1.162795e+03
1.320000e-06	5.393581e-09	1.992638e-08	3.862258e+01	1.181155e+03
1.330000e-06	5.467029e-09	2.021022e-08	3.914853e+01	1.198192e+03
1.340000e-06	5.538440e-09	2.047469e-08	3.965990e+01	1.213993e+03
1.350000e-06	5.607948e-09	2.072195e-08	4.015763e+01	1.228631e+03
1.360000e-06	5.675487e-09	2.095273e-08	4.064127e+01	1.242174e+03
1.370000e-06	5.740893e-09	2.116570e-08	4.110963e+01	1.254692e+03
1.380000e-06	5.804229e-09	2.135954e-08	4.156317e+01	1.266262e+03
1.390000e-06	5.865671e-09	2.153596e-08	4.200315e+01	1.276965e+03
1.400000e-06	5.925136e-09	2.169810e-08	4.242896e+01	1.286878e+03
1.410000e-06	5.982414e-09	2.184774e-08	4.283913e+01	1.296070e+03
1.420000e-06	6.037507e-09	2.198749e-08	4.323364e+01	1.304591e+03
1.430000e-06	6.090335e-09	2.211861e-08	4.361193e+01	1.312478e+03
1.440000e-06	6.140620e-09	2.224121e-08	4.397202e+01	1.319752e+03
1.450000e-06	6.188430e-09	2.235446e-08	4.431438e+01	1.326433e+03
1.460000e-06	6.234099e-09	2.245635e-08	4.464141e+01	1.332543e+03
1.470000e-06	6.277664e-09	2.254775e-08	4.495337e+01	1.338116e+03
1.480000e-06	6.318886e-09	2.263089e-08	4.524856e+01	1.343198e+03
1.490000e-06	6.357810e-09	2.270597e-08	4.552728e+01	1.347840e+03
1.500000e-06	6.394657e-09	2.277360e-08	4.579114e+01	1.352091e+03
1.510000e-06	6.429271e-09	2.283702e-08	4.603901e+01	1.355990e+03
1.520000e-06	6.461494e-09	2.289792e-08	4.626975e+01	1.359562e+03
1.530000e-06	6.491503e-09	2.295353e-08	4.648464e+01	1.362812e+03
1.540000e-06	6.519348e-09	2.300284e-08	4.668404e+01	1.365737e+03
1.550000e-06	6.544765e-09	2.304697e-08	4.686604e+01	1.368328e+03
1.560000e-06	6.567743e-09	2.308423e-08	4.703058e+01	1.370586e+03
1.570000e-06	6.588570e-09	2.311297e-08	4.717972e+01	1.372519e+03
1.580000e-06	6.607163e-09	2.313581e-08	4.731287e+01	1.374152e+03
1.590000e-06	6.623300e-09	2.315585e-08	4.742843e+01	1.375517e+03
1.600000e-06	6.637002e-09	2.317293e-08	4.752654e+01	1.376649e+03
1.610000e-06	6.648120e-09	2.318819e-08	4.760616e+01	1.377576e+03
1.620000e-06	6.656615e-09	2.320068e-08	4.766699e+01	1.378317e+03
1.630000e-06	6.662785e-09	2.321034e-08	4.771117e+01	1.378880e+03
1.640000e-06	6.666746e-09	2.321658e-08	4.773954e+01	1.379264e+03
1.650000e-06	6.668312e-09	2.321757e-08	4.775075e+01	1.379465e+03
1.660000e-06	6.667515e-09	2.321560e-08	4.774504e+01	1.379485e+03
1.670000e-06	6.664659e-09	2.321282e-08	4.772459e+01	1.379328e+03
1.680000e-06	6.659637e-09	2.320543e-08	4.768863e+01	1.379005e+03
1.690000e-06	6.652320e-09	2.319414e-08	4.763624e+01	1.378529e+03
1.700000e-06	6.642883e-09	2.318160e-08	4.756867e+01	1.377907e+03
1.710000e-06	6.631295e-09	2.316861e-08	4.748568e+01	1.377143e+03
1.720000e-06	6.617342e-09	2.314869e-08	4.738576e+01	1.376231e+03
1.730000e-06	6.601225e-09	2.312280e-08	4.727035e+01	1.375165e+03
1.740000e-06	6.583137e-09	2.313670e-08	4.714083e+01	1.373937e+03
1.750000e-06	6.562496e-09	2.313800e-08	4.699303e+01	1.372549e+03
1.760000e-06	6.538719e-09	2.308333e-08	4.682277e+01	1.371013e+03
1.770000e-06	6.512141e-09	2.303252e-08	4.663244e+01	1.369350e+03
1.780000e-06	6.483212e-09	2.298451e-08	4.642529e+01	1.367585e+03
1.790000e-06	6.452240e-09	2.293181e-08	4.620351e+01	1.365741e+03
1.800000e-06	6.419667e-09	2.296664e-08	4.597025e+01	1.363831e+03
1.810000e-06	6.385282e-09	2.292177e-08	4.572403e+01	1.361851e+03
1.820000e-06	6.348658e-09	2.283436e-08	4.546177e+01	1.359782e+03
1.830000e-06	6.309850e-09	2.288384e-08	4.518387e+01	1.357595e+03
1.840000e-06	6.268790e-09	2.281566e-08	4.488985e+01	1.355259e+03
1.850000e-06	6.225592e-09	2.275149e-08	4.458052e+01	1.352750e+03
1.860000e-06	6.180273e-09	2.271484e-08	4.425599e+01	1.350057e+03
1.870000e-06	6.132573e-09	2.262418e-08	4.391442e+01	1.347185e+03
1.880000e-06	6.082698e-09	2.263952e-08	4.355727e+01	1.344152e+03
1.890000e-06	6.030413e-09	2.258782e-08	4.318287e+01	1.340981e+03
1.900000e-06	5.975586e-09	2.250541e-08	4.279026e+01	1.337694e+03
1.910000e-06	5.918598e-09	2.245404e-08	4.238218e+01	1.334301e+03
1.920000e-06	5.859526e-09	2.237054e-08	4.195918e+01	1.330803e+03
1.930000e-06	5.798349e-09	2.233871e-08	4.152110e+01	1.327187e+03
1.940000e-06	5.734975e-09	2.224586e-08	4.106729e+01	1.323437e+03
1.950000e-06	5.669525e-09	2.218433e-08	4.059861e+01	1.319533e+03
1.960000e-06	5.602083e-09	2.214536e-08	4.011567e+01	1.315466e+03
1.970000e-06	5.532391e-09	2.206514e-08	3.961661e+01	1.311235e+03
1.980000e-06	5.460581e-09	2.199442e-08	3.910239e+01	1.306847e+03
1.990000e-06	5.386830e-09	2.187367e-08	3.857428e+01	1.302316e+03
2.000000e-06	5.311056e-09	2.182812e-08	3.803167e+01	1.297654e+03
2.010000e-06	5.233130e-09	2.175492e-08	3.747365e+01	1.292869e+03
2.020000e-06	5.153187e-09	2.165346e-08	3.690120e+01	1.287957e+03
2.030000e-06	5.071521e-09	2.157307e-08	3.631640e+01	1.282907e+03
2.040000e-06	4.988107e-09	2.148202e-08	3.571908e+01	1.277699e+03
2.050000e-06	4.902845e-09	2.141114e-08	3.510854e+01	1.272313e+03
2.060000e-06	4.815692e-09	2.129070e-08	3.448445e+01	1.266736e+03
2.070000e-06	4.726865e-09	2.119955e-08	3.384837e+01	1.260961e+03
2.080000e-06	4.636482e-09	2.110682e-08	3.320115e+01	1.254993e+03
2.090000e-06	4.544477e-09	2.100960e-08	3.254232e+01	1.248846e+03
2.100000e-06	4.450794e-09	2.089429e-08	3.187147e+01	1.242535e+03
2.110000e-06	4.355423e-09	2.076697e-08	3.118853e+01	1.236077e+03
2.120000e-06	4.258546e-09	2.067851e-08	3.049481e+01	1.229476e+03
2.130000e-06	4.160265e-09	2.056360e-08	2.979104e+01	1.222730e+03
2.140000e-06	4.060565e-09	2.044844e-08	2.907710e+01	1.215824e+03
2.150000e-06	3.959293e-09	2.032068e-08	2.835191e+01	1.208736e+03
2.160000e-06	3.856421e-09	2.020553e-08	2.761526e+01	1.201444e+03
2.170000e-06	3.752130e-09	2.008224e-08	2.686845e+01	1.193930e+03
2.180000e-06	3.646593e-09	1.993999e-08	2.611272e+01	1.186185e+03
2.190000e-06	3.539904e-09	1.980593e-08	2.534873e+01	1.178211e+03
2.200000e-06	3.432008e-09	1.967216e-08	2.457611e+01	1.170020e+03
2.210000e-06	3.322902e-09	1.954115e-08	2.379481e+01	1.161625e+03
2.220000e-06	3.212536e-09	1.938916e-08	2.300450e+01	1.153038e+03
2.230000e-06	3.100923e-09	1.923471e-08	2.220526e+01	1.144259e+03
2.240000e-06	2.988128e-09	1.908731e-08	2.139755e+01	1.135279e+03
2.250000e-06	2.874226e-09	1.894004e-08	2.058192e+01	1.126077e+03
2.260000e-06	2.759261e-09	1.877818e-08	1.975867e+01	1.116624e+03
2.270000e-06	2.643175e-09	1.861005e-08	1.892740e+01	1.106897e+03
2.280000e-06	2.525976e-09	1.844523e-08	1.808815e+01	1.096875e+03
2.290000e-06	2.407733e-09	1.827570e-08	1.724144e+01	1.086553e+03
2.300000e-06	2.288552e-09	1.808982e-08	1.638800e+01	1.075936e+03
2.310000e-06	2.168534e-09	1.789909e-08	1.552857e+01	1.065037e+03
2.320000e-06	2.047791e-09	1.771600e-08	1.466395e+01	1.053868e+03
2.330000e-06	1.926384e-09	1.753185e-08	1.379457e+01	1.042432e+03
2.340000e-06	1.804332e-09	1.733463e-08	1.292057e+01	1.030721e+03
2.350000e-06	1.681669e-09	1.712547e-08	1.204220e+01	1.018711e+03
2.360000e-06	1.558430e-09	1.692038e-08	1.115971e+01	1.006366e+03
2.370000e-06	1.434636e-09	1.670981e-08	1.027324e+01	9.936495e+02
2.380000e-06	1.310315e-09	1.648755e-08	9.382990e+00	9.805296e+02
2.390000e-06	1.185509e-09	1.625470e-08	8.489277e+00	9.669865e+02
2.400000e-06	1.060275e-09	1.602150e-08	7.592495e+00	9.530136e+02
2.410000e-06	9.346463e-10	1.578590e-08	6.692888e+00	9.386130e+02
2.420000e-06	8.086646e-10	1.553419e-08	5.790753e+00	9.237869e+02
2.430000e-06	6.823962e-10	1.527156e-08	4.886565e+00	9.085272e+02
2.440000e-06	5.558837e-10	1.500745e-08	3.980629e+00	8.928078e+02
2.450000e-06	4.291519e-10	1.474108e-08	3.073122e+00	8.765821e+02
2.460000e-06	3.022350e-10	1.445944e-08	2.164291e+00	8.597861e+02
2.470000e-06	1.751954e-10	1.416152e-08	1.254579e+00	8.423467e+02
2.480000e-06	4.808442e-11	1.385599e-08	3.443573e-01	8.241927e+02
2.490000e-06	-7.903520e-11	1.353954e-08	-5.659266e-01	8.052628e+02
2.500000e-06	-2.061154e-10	1.320631e-08	-1.475928e+00	7.855092e+02
2.510000e-06	-3.331142e-10	1.285620e-08	-2.385347e+00	7.648948e+02
2.520000e-06	-4.599590e-10	1.249637e-08	-3.293663e+00	7.433848e+02
2.530000e-06	-5.866205e-10	1.212580e-08	-4.200667e+00	7.209361e+02
2.540000e-06	-7.130634e-10	1.173169e-08	-5.106105e+00	6.974881e+02
2.550000e-06	-8.392259e-10	1.131380e-08	-6.009534e+00	6.729580e+02
2.560000e-06	-9.650676e-10	1.087923e-08	-6.910666e+00	6.472417e+02
2.570000e-06	-1.090543e-09	1.042875e-08	-7.809177e+00	6.202206e+02
2.580000e-06	-1.215594e-09	9.953340e-09	-8.704649e+00	5.917694e+02
2.590000e-06	-1.340163e-09	9.448273e-09	-9.596666e+00	5.617628e+02
2.600000e-06	-1.464215e-09	8.917790e-09	-1.048499e+01	5.300776e+02
2.610000e-06	-1.587718e-09	8.360448e-09	-1.136937e+01	4.965899e+02
2.620000e-06	-1.710631e-09	7.768320e-09	-1.224953e+01	4.611687e+02
2.630000e-06	-1.832927e-09	7.135663e-09	-1.312527e+01	4.236702e+02
2.640000e-06	-1.954584e-09	6.466850e-09	-1.399644e+01	3.839358e+02
2.650000e-06	-2.075589e-09	5.762640e-09	-1.486294e+01	3.417993e+02
2.660000e-06	-2.195909e-09	5.015728e-09	-1.572453e+01	2.971023e+02
2.670000e-06	-2.315443e-09	4.222064e-09	-1.658050e+01	2.497172e+02
2.680000e-06	-2.434074e-09	3.381660e-09	-1.742999e+01	1.995723e+02
2.690000e-06	-2.551725e-09	2.497071e-09	-1.827248e+01	1.466762e+02
2.700000e-06	-2.668333e-09	1.567267e-09	-1.910749e+01	9.113308e+01
2.710000e-06	-2.783853e-09	5.931421e-10	-1.993471e+01	3.314918e+01
2.720000e-06	-2.898246e-09	-4.161348e-10	-2.075386e+01	-2.697142e+01
2.730000e-06	-3.011440e-09	-1.452211e-09	-2.156443e+01	-8.883970e+01
2.740000e-06	-3.123394e-09	-2.510554e-09	-2.236611e+01	-1.519997e+02
2.750000e-06	-3.234089e-09	-3.585067e-09	-2.315878e+01	-2.159487e+02
2.760000e-06	-3.343559e-09	-4.664605e-09	-2.394268e+01	-2.801570e+02
2.770000e-06	-3.451914e-09	-5.736922e-09	-2.471859e+01	-3.440870e+02
2.780000e-06	-3.559185e-09	-6.795723e-09	-2.548674e+01	-4.072121e+02
2.790000e-06	-3.665310e-09	-7.836354e-09	-2.624669e+01	-4.690352e+02
2.800000e-06	-3.770193e-09	-8.849052e-09	-2.699774e+01	-5.291074e+02
2.810000e-06	-3.873703e-09	-9.823736e-09	-2.773896e+01	-5.870458e+02
2.820000e-06	-3.975706e-09	-1.075693e-08	-2.846939e+01	-6.425468e+02
2.830000e-06	-4.076180e-09	-1.164814e-08	-2.918887e+01	-6.953941e+02
2.840000e-06	-4.175214e-09	-1.249405e-08	-2.989803e+01	-7.454570e+02
2.850000e-06	-4.272878e-09	-1.329092e-08	-3.059739e+01	-7.926809e+02
2.860000e-06	-4.369151e-09	-1.403874e-08	-3.128679e+01	-8.370713e+02
2.870000e-06	-4.463868e-09	-1.474087e-08	-3.196504e+01	-8.786753e+02
2.880000e-06	-4.556886e-09	-1.539721e-08	-3.263113e+01	-9.175640e+02
2.890000e-06	-4.648283e-09	-1.600718e-08	-3.328561e+01	-9.538219e+02
2.900000e-06	-4.738108e-09	-1.657482e-08	-3.392883e+01	-9.875420e+02
2.910000e-06	-4.826293e-09	-1.710395e-08	-3.456032e+01	-1.018827e+03
2.920000e-06	-4.912726e-09	-1.759496e-08	-3.517925e+01	-1.047795e+03
2.930000e-06	-4.997327e-09	-1.804752e-08	-3.578506e+01	-1.074581e+03
2.940000e-06	-5.080162e-09	-1.846454e-08	-3.637823e+01	-1.099338e+03
2.950000e-06	-5.161303e-09	-1.885115e-08	-3.695927e+01	-1.122227e+03
2.960000e-06	-5.240630e-09	-1.921027e-08	-3.752732e+01	-1.143413e+03
2.970000e-06	-5.317866e-09	-1.954327e-08	-3.808039e+01	-1.163047e+03
2.980000e-06	-5.392981e-09	-1.985284e-08	-3.861828e+01	-1.181261e+03
2.990000e-06	-5.466151e-09	-2.014121e-08	-3.914224e+01	-1.198162e+03
3.000000e-06	-5.537375e-09	-2.040814e-08	-3.965227e+01	-1.213835e+03
3.010000e-06	-5.606513e-09	-2.065303e-08	-4.014735e+01	-1.228353e+03
3.020000e-06	-5.673596e-09	-2.087728e-08	-4.062773e+01	-1.241782e+03
3.030000e-06	-5.738776e-09	-2.108456e-08	-4.109447e+01	-1.254195e+03
3.040000e-06	-5.802004e-09	-2.127738e-08	-4.154724e+01	-1.265668e+03
3.050000e-06	-5.863083e-09	-2.145719e-08	-4.198462e+01	-1.276283e+03
3.060000e-06	-5.921993e-09	-2.162680e-08	-4.240646e+01	-1.286116e+03
3.070000e-06	-5.978869e-09	-2.178649e-08	-4.281374e+01	-1.295233e+03
3.080000e-06	-6.033647e-09	-2.193390e-08	-4.320600e+01	-1.303685e+03
3.090000e-06	-6.086055e-09	-2.206654e-08	-4.358129e+01	-1.311505e+03
3.100000e-06	-6.135939e-09	-2.218722e-08	-4.393850e+01	-1.318715e+03
3.110000e-06	-6.183309e-09	-2.229809e-08	-4.427770e+01	-1.325333e+03
3.120000e-06	-6.228449e-09	-2.240082e-08	-4.460095e+01	-1.331384e+03
3.130000e-06	-6.271652e-09	-2.249674e-08	-4.491032e+01	-1.336902e+03
3.140000e-06	-6.312847e-09	-2.258513e-08	-4.520531e+01	-1.341934e+03
3.150000e-06	-6.351893e-09	-2.266525e-08	-4.548491e+01	-1.346532e+03
3.160000e-06	-6.388639e-09	-2.273714e-08	-4.574805e+01	-1.350743e+03
3.170000e-06	-6.423127e-09	-2.280205e-08	-4.599501e+01	-1.354607e+03
3.180000e-06	-6.455425e-09	-2.286035e-08	-4.622629e+01	-1.358144e+03
3.190000e-06	-6.485336e-09	-2.291433e-08	-4.644048e+01	-1.361360e+03
3.200000e-06	-6.512857e-09	-2.296492e-08	-4.663755e+01	-1.364249e+03
3.210000e-06	-6.538154e-09	-2.301072e-08	-4.681871e+01	-1.366805e+03
3.220000e-06	-6.561159e-09	-2.304976e-08	-4.698344e+01	-1.369027e+03
3.230000e-06	-6.581749e-09	-2.308343e-08	-4.713088e+01	-1.370927e+03
3.240000e-06	-6.600048e-09	-2.311246e-08	-4.726192e+01	-1.372529e+03
3.250000e-06	-6.616112e-09	-2.313585e-08	-4.737695e+01	-1.373868e+03
3.260000e-06	-6.629597e-09	-2.315496e-08	-4.747352e+01	-1.374976e+03
3.270000e-06	-6.640455e-09	-2.317154e-08	-4.755127e+01	-1.375883e+03
3.280000e-06	-6.648999e-09	-2.318544e-08	-4.761245e+01	-1.376605e+03
3.290000e-06	-6.655168e-09	-2.319610e-08	-4.765663e+01	-1.377148e+03
3.300000e-06	-6.658922e-09	-2.320354e-08	-4.768351e+01	-1.377513e+03
3.310000e-06	-6.660451e-09	-2.321048e-08	-4.769446e+01	-1.377695e+03
