# Configuracion:
# Concentracion g/m^3_=_22000.0
# C_Vs_to_Am_M_A/Vsm_=_59384043850.047264
# pendiente_HvsI_1/m_=_3716.3
# ordenada_HvsI_A/m_=_1297.0
# frecuencia_ref_Hz_=_301391.17461586214
# 
Resultados:
# tau_ns_=_(1.92+/-0.06)e+02
# dphi_rad_=_6.63+/-0.01
# SAR_W/g_=_1346.23+/-6.15
# Hc_kA/m_=_19.99+/-0.46
# Mr_A/m_=_794.27+/-14.97
# Magnetizacion_max_=_1356.64+/-26.26
# Suceptibilidad_a_M=0_=_(7.071+/-0.342)e-02

Nombre_archivo	Time_m_(s)	Temperatura_(ºC)	Mr_(A/m)	Hc_(kA/m)	Campo_max_(A/m)	Mag_max_(A/m)	f0	mag0	dphi0	SAR_(W/g)	Tau_(ns)	N	xi_M_0
300kHz_125dA_100Mss_bobN1M19-0008.txt	5.15	27.42	769.47	20.55	47750.75	1326.04	3.013994e+05	1.097923e+02	6.643104e+00	1348.38	198.729925	4645	6.555e-02
300kHz_125dA_100Mss_bobN1M19-0009.txt	5.62	30.28	771.52	20.64	47750.75	1323.45	3.013994e+05	1.096204e+02	6.645139e+00	1353.54	199.958810	4645	6.536e-02
300kHz_125dA_100Mss_bobN1M19-0010.txt	6.09	33.16	775.56	20.56	47750.75	1327.77	3.013994e+05	1.100686e+02	6.643657e+00	1353.75	199.064995	4645	6.602e-02
300kHz_125dA_100Mss_bobN1M19-0011.txt	6.56	36.07	777.06	20.54	47750.75	1328.89	3.013994e+05	1.102289e+02	6.643186e+00	1354.03	198.780662	4645	6.665e-02
300kHz_125dA_100Mss_bobN1M19-0012.txt	7.01	38.86	778.32	20.52	47750.75	1329.30	3.013994e+05	1.103305e+02	6.642750e+00	1353.71	198.517152	4645	6.755e-02
300kHz_125dA_100Mss_bobN1M19-0013.txt	7.49	41.79	783.00	20.39	47750.75	1333.25	3.013994e+05	1.108270e+02	6.640883e+00	1353.04	197.393239	4645	6.873e-02
300kHz_125dA_100Mss_bobN1M19-0014.txt	7.97	44.72	782.92	20.44	47750.75	1329.51	3.013994e+05	1.105525e+02	6.642004e+00	1353.74	198.068698	4645	6.832e-02
300kHz_125dA_100Mss_bobN1M19-0015.txt	8.42	47.38	785.87	20.25	47750.75	1338.02	3.013994e+05	1.113454e+02	6.637734e+00	1347.91	195.499637	4645	6.935e-02
300kHz_125dA_100Mss_bobN1M19-0016.txt	8.87	50.03	788.06	20.15	47750.75	1341.62	3.013994e+05	1.117230e+02	6.635511e+00	1344.36	194.166966	4645	7.031e-02
300kHz_125dA_100Mss_bobN1M19-0017.txt	9.33	52.65	791.32	20.02	47750.75	1347.24	3.013994e+05	1.123327e+02	6.632923e+00	1342.18	192.615292	4645	7.127e-02
300kHz_125dA_100Mss_bobN1M19-0018.txt	9.79	55.22	793.18	20.02	47750.75	1349.12	3.013994e+05	1.125179e+02	6.633029e+00	1344.78	192.678818	4645	6.908e-02
300kHz_125dA_100Mss_bobN1M19-0019.txt	10.69	60.19	798.12	19.92	47750.75	1356.88	3.013994e+05	1.132831e+02	6.630818e+00	1345.72	191.356366	4645	7.036e-02
300kHz_125dA_100Mss_bobN1M19-0020.txt	11.14	62.67	801.52	19.81	47750.75	1365.83	3.013994e+05	1.140291e+02	6.628404e+00	1345.55	189.913879	4645	7.161e-02
300kHz_125dA_100Mss_bobN1M19-0021.txt	11.58	65.09	802.69	19.78	47750.75	1368.69	3.013994e+05	1.142707e+02	6.627695e+00	1345.74	189.491635	4645	7.134e-02
300kHz_125dA_100Mss_bobN1M19-0022.txt	12.03	67.57	805.54	19.70	47750.75	1374.25	3.013994e+05	1.148279e+02	6.625951e+00	1345.73	188.453711	4645	7.286e-02
300kHz_125dA_100Mss_bobN1M19-0023.txt	12.49	70.14	809.00	19.62	47750.75	1380.32	3.013994e+05	1.153917e+02	6.624356e+00	1346.29	187.505038	4645	7.324e-02
300kHz_125dA_100Mss_bobN1M19-0024.txt	12.96	72.78	811.21	19.54	47750.75	1387.70	3.013994e+05	1.159966e+02	6.622471e+00	1346.16	186.384360	4645	7.414e-02
300kHz_125dA_100Mss_bobN1M19-0025.txt	13.41	75.26	813.98	19.40	47750.75	1392.31	3.013994e+05	1.165145e+02	6.619472e+00	1340.68	184.605358	4645	7.541e-02
300kHz_125dA_100Mss_bobN1M19-0026.txt	13.89	77.90	814.60	19.36	47750.75	1394.37	3.013994e+05	1.166919e+02	6.618596e+00	1339.35	184.086564	4645	7.568e-02
300kHz_125dA_100Mss_bobN1M19-0027.txt	14.33	80.25	813.12	19.30	47750.75	1397.58	3.013994e+05	1.168949e+02	6.616846e+00	1334.95	183.051163	4645	7.567e-02
300kHz_125dA_100Mss_bobN1M19-0028.txt	14.79	82.69	813.57	19.23	47750.75	1397.32	3.013994e+05	1.169438e+02	6.615715e+00	1331.15	182.381302	4645	7.633e-02
