# Configuracion:
# Concentracion g/m^3_=_22000.0
# C_Vs_to_Am_M_A/Vsm_=_59384043850.047264
# pendiente_HvsI_1/m_=_3716.3
# ordenada_HvsI_A/m_=_1297.0
# frecuencia_ref_Hz_=_301195.6155484964
# 
Resultados:
# tau_ns_=_(1.95+/-0.01)e+02
# dphi_rad_=_6.64+/-0.00
# SAR_W/g_=_767.44+/-27.22
# Hc_kA/m_=_16.55+/-0.07
# Mr_A/m_=_482.34+/-22.59
# Magnetizacion_max_=_1008.66+/-29.81
# Suceptibilidad_a_M=0_=_(4.236+/-0.270)e-02

Nombre_archivo	Time_m_(s)	Temperatura_(ºC)	Mr_(A/m)	Hc_(kA/m)	Campo_max_(A/m)	Mag_max_(A/m)	f0	mag0	dphi0	SAR_(W/g)	Tau_(ns)	N	xi_M_0
300kHz_100dA_100Mss_bobN1M19-0009.txt	6.43	24.92	437.79	16.32	38460.00	958.40	3.011400e+05	7.447479e+01	6.630111e+00	710.57	191.058092	4649	3.731e-02
300kHz_100dA_100Mss_bobN1M19-0010.txt	6.89	26.44	440.40	16.40	38460.00	959.04	3.011400e+05	7.454243e+01	6.632110e+00	715.14	192.253877	4649	3.748e-02
300kHz_100dA_100Mss_bobN1M19-0011.txt	7.35	26.80	442.48	16.45	38460.00	959.51	3.011400e+05	7.465390e+01	6.633343e+00	718.64	192.993362	4649	3.805e-02
300kHz_100dA_100Mss_bobN1M19-0012.txt	7.8	26.80	449.72	16.47	38460.00	968.54	3.011400e+05	7.547031e+01	6.633722e+00	727.25	193.220835	4649	3.879e-02
300kHz_100dA_100Mss_bobN1M19-0013.txt	8.28	27.72	452.91	16.51	38460.00	972.28	3.011400e+05	7.582767e+01	6.634417e+00	732.08	193.636753	4649	3.868e-02
300kHz_100dA_100Mss_bobN1M19-0014.txt	8.73	29.21	455.39	16.54	38460.00	973.30	3.011400e+05	7.597085e+01	6.635373e+00	735.38	194.210499	4649	3.941e-02
300kHz_100dA_100Mss_bobN1M19-0015.txt	9.23	30.84	457.65	16.54	38460.00	975.97	3.011400e+05	7.620193e+01	6.635558e+00	737.99	194.322445	4649	3.941e-02
300kHz_100dA_100Mss_bobN1M19-0016.txt	9.73	32.44	461.96	16.55	38460.00	981.92	3.011400e+05	7.669488e+01	6.635837e+00	743.33	194.489799	4649	3.987e-02
300kHz_100dA_100Mss_bobN1M19-0017.txt	10.22	34.00	462.78	16.59	38460.00	979.95	3.011400e+05	7.659401e+01	6.636908e+00	744.51	195.131876	4649	4.003e-02
300kHz_100dA_100Mss_bobN1M19-0018.txt	10.67	35.44	463.56	16.57	38460.00	982.82	3.011400e+05	7.681104e+01	6.636378e+00	745.55	194.813518	4649	3.994e-02
300kHz_100dA_100Mss_bobN1M19-0019.txt	11.56	38.35	471.50	16.60	38460.00	990.54	3.011400e+05	7.756656e+01	6.637509e+00	755.19	195.494983	4649	4.082e-02
300kHz_100dA_100Mss_bobN1M19-0020.txt	12.03	39.93	472.69	16.60	38460.00	993.69	3.011400e+05	7.786497e+01	6.637183e+00	757.43	195.298303	4649	4.083e-02
300kHz_100dA_100Mss_bobN1M19-0021.txt	12.51	42.10	473.25	16.62	38460.00	992.79	3.011400e+05	7.779398e+01	6.637770e+00	757.94	195.650611	4649	4.092e-02
300kHz_100dA_100Mss_bobN1M19-0022.txt	12.96	44.12	476.14	16.61	38460.00	996.20	3.011400e+05	7.809439e+01	6.637799e+00	760.92	195.667617	4649	4.128e-02
300kHz_100dA_100Mss_bobN1M19-0023.txt	13.43	45.63	481.66	16.61	38460.00	1004.24	3.011400e+05	7.886395e+01	6.637399e+00	767.59	195.425480	4649	4.224e-02
300kHz_100dA_100Mss_bobN1M19-0024.txt	13.88	47.03	481.87	16.60	38460.00	1005.43	3.011400e+05	7.889918e+01	6.637239e+00	767.60	195.330116	4649	4.226e-02
300kHz_100dA_100Mss_bobN1M19-0025.txt	14.34	48.39	483.79	16.61	38460.00	1008.11	3.011400e+05	7.916307e+01	6.637202e+00	770.09	195.307931	4649	4.236e-02
300kHz_100dA_100Mss_bobN1M19-0026.txt	14.83	49.81	483.69	16.62	38460.00	1007.90	3.011400e+05	7.916603e+01	6.637381e+00	770.50	195.414933	4649	4.246e-02
300kHz_100dA_100Mss_bobN1M19-0027.txt	15.28	51.11	488.16	16.61	38460.00	1013.86	3.011400e+05	7.967712e+01	6.637424e+00	775.56	195.442571	4649	4.281e-02
300kHz_100dA_100Mss_bobN1M19-0028.txt	15.73	52.42	489.86	16.59	38460.00	1016.56	3.011400e+05	7.990364e+01	6.636880e+00	776.62	195.115499	4649	4.325e-02
300kHz_100dA_100Mss_bobN1M19-0029.txt	16.18	53.70	493.78	16.59	38460.00	1022.18	3.011400e+05	8.040632e+01	6.636799e+00	781.33	195.066813	4649	4.353e-02
300kHz_100dA_100Mss_bobN1M19-0030.txt	16.63	54.96	492.95	16.59	38460.00	1020.21	3.011400e+05	8.025030e+01	6.636880e+00	779.99	195.115639	4649	4.360e-02
300kHz_100dA_100Mss_bobN1M19-0031.txt	17.08	56.21	492.33	16.61	38460.00	1018.70	3.011400e+05	8.011668e+01	6.637401e+00	779.79	195.428159	4649	4.336e-02
300kHz_100dA_100Mss_bobN1M19-0032.txt	17.53	57.38	497.02	16.60	38460.00	1025.10	3.011400e+05	8.069968e+01	6.637287e+00	785.22	195.360250	4649	4.397e-02
300kHz_100dA_100Mss_bobN1M19-0033.txt	17.99	58.57	499.43	16.60	38460.00	1027.85	3.011400e+05	8.099376e+01	6.637368e+00	788.26	195.408616	4649	4.446e-02
300kHz_100dA_100Mss_bobN1M19-0034.txt	18.44	59.83	499.84	16.60	38460.00	1028.10	3.011400e+05	8.101438e+01	6.637568e+00	788.88	195.528694	4649	4.447e-02
300kHz_100dA_100Mss_bobN1M19-0035.txt	18.9	61.12	501.42	16.58	38460.00	1033.20	3.011400e+05	8.145615e+01	6.636159e+00	790.16	194.682520	4649	4.477e-02
300kHz_100dA_100Mss_bobN1M19-0036.txt	19.38	62.39	504.28	16.56	38460.00	1038.56	3.011400e+05	8.187120e+01	6.635858e+00	793.54	194.503061	4649	4.519e-02
300kHz_100dA_100Mss_bobN1M19-0037.txt	19.84	63.58	503.69	16.57	38460.00	1037.62	3.011400e+05	8.183685e+01	6.635952e+00	793.41	194.558905	4649	4.499e-02
300kHz_100dA_100Mss_bobN1M19-0038.txt	20.74	66.00	508.02	16.54	38460.00	1043.67	3.011400e+05	8.233595e+01	6.635752e+00	797.81	194.439993	4649	4.549e-02
300kHz_100dA_100Mss_bobN1M19-0039.txt	21.2	67.22	509.85	16.53	38460.00	1046.30	3.011400e+05	8.260159e+01	6.635402e+00	799.63	194.229742	4649	4.548e-02
300kHz_100dA_100Mss_bobN1M19-0040.txt	21.67	68.44	509.93	16.50	38460.00	1049.05	3.011400e+05	8.278271e+01	6.634531e+00	799.48	193.708275	4649	4.591e-02
300kHz_100dA_100Mss_bobN1M19-0041.txt	22.12	69.60	512.68	16.48	38460.00	1055.15	3.011400e+05	8.330730e+01	6.633752e+00	802.84	193.240577	4649	4.632e-02
300kHz_100dA_100Mss_bobN1M19-0042.txt	22.59	70.77	512.01	16.50	38460.00	1052.70	3.011400e+05	8.313406e+01	6.634339e+00	802.46	193.591642	4649	4.580e-02
300kHz_100dA_100Mss_bobN1M19-0043.txt	23.04	71.82	517.58	16.44	38460.00	1063.59	3.011400e+05	8.402292e+01	6.632870e+00	807.78	192.712156	4649	4.701e-02
