# Temperatura_=_48.431142857142845
# Concentracion g/m^3_=_22000.0
# C_Vs_to_Am_M_A/Vsm_=_59384043850.047264
# pendiente_HvsI_1/m_=_3716.3
# ordenada_HvsI_A/m_=_1297.0
# frecuencia_Hz_=_301195.6155484964
# Promedio de 35 ciclos

Tiempo_(s)	Campo_(V.s)	Magnetizacion_(V.s)	Campo_(kA/m)	Magnetizacion_(A/m)
0.000000e+00	-5.316206e-09	-1.688245e-08	-3.825064e+01	-1.002937e+03
1.000000e-08	-5.314696e-09	-1.688406e-08	-3.823977e+01	-1.003173e+03
2.000000e-08	-5.311245e-09	-1.688601e-08	-3.821495e+01	-1.003196e+03
3.000000e-08	-5.306081e-09	-1.688197e-08	-3.817779e+01	-1.002991e+03
4.000000e-08	-5.299334e-09	-1.687250e-08	-3.812925e+01	-1.002532e+03
5.000000e-08	-5.290962e-09	-1.686073e-08	-3.806901e+01	-1.001796e+03
6.000000e-08	-5.280631e-09	-1.684573e-08	-3.799468e+01	-1.000775e+03
7.000000e-08	-5.268252e-09	-1.683551e-08	-3.790561e+01	-9.994833e+02
8.000000e-08	-5.253955e-09	-1.681820e-08	-3.780274e+01	-9.979616e+02
9.000000e-08	-5.237300e-09	-1.675189e-08	-3.768291e+01	-9.962666e+02
1.000000e-07	-5.218266e-09	-1.669772e-08	-3.754595e+01	-9.944590e+02
1.100000e-07	-5.197340e-09	-1.669252e-08	-3.739539e+01	-9.925867e+02
1.200000e-07	-5.174791e-09	-1.668300e-08	-3.723315e+01	-9.906727e+02
1.300000e-07	-5.150937e-09	-1.669596e-08	-3.706152e+01	-9.887099e+02
1.400000e-07	-5.125871e-09	-1.665979e-08	-3.688116e+01	-9.866652e+02
1.500000e-07	-5.098998e-09	-1.651002e-08	-3.668781e+01	-9.844915e+02
1.600000e-07	-5.070221e-09	-1.652254e-08	-3.648076e+01	-9.821437e+02
1.700000e-07	-5.040011e-09	-1.654353e-08	-3.626339e+01	-9.795927e+02
1.800000e-07	-5.008068e-09	-1.640353e-08	-3.603356e+01	-9.768332e+02
1.900000e-07	-4.973988e-09	-1.636694e-08	-3.578835e+01	-9.738829e+02
2.000000e-07	-4.938188e-09	-1.632326e-08	-3.553076e+01	-9.707739e+02
2.100000e-07	-4.900826e-09	-1.628570e-08	-3.526194e+01	-9.675400e+02
2.200000e-07	-4.861721e-09	-1.629082e-08	-3.498058e+01	-9.642046e+02
2.300000e-07	-4.820970e-09	-1.616633e-08	-3.468736e+01	-9.607736e+02
2.400000e-07	-4.778269e-09	-1.607165e-08	-3.438013e+01	-9.572350e+02
2.500000e-07	-4.733653e-09	-1.606407e-08	-3.405911e+01	-9.535659e+02
2.600000e-07	-4.687369e-09	-1.599295e-08	-3.372609e+01	-9.497425e+02
2.700000e-07	-4.639340e-09	-1.592272e-08	-3.338052e+01	-9.457492e+02
2.800000e-07	-4.589408e-09	-1.582605e-08	-3.302126e+01	-9.415842e+02
2.900000e-07	-4.537364e-09	-1.576662e-08	-3.264679e+01	-9.372585e+02
3.000000e-07	-4.483461e-09	-1.574098e-08	-3.225895e+01	-9.327899e+02
3.100000e-07	-4.428025e-09	-1.562680e-08	-3.186009e+01	-9.281947e+02
3.200000e-07	-4.371118e-09	-1.551108e-08	-3.145064e+01	-9.234811e+02
3.300000e-07	-4.312492e-09	-1.544827e-08	-3.102882e+01	-9.186464e+02
3.400000e-07	-4.252209e-09	-1.541247e-08	-3.059507e+01	-9.136798e+02
3.500000e-07	-4.190546e-09	-1.530670e-08	-3.015140e+01	-9.085684e+02
3.600000e-07	-4.127482e-09	-1.518490e-08	-2.969765e+01	-9.033050e+02
3.700000e-07	-4.063028e-09	-1.511376e-08	-2.923390e+01	-8.978924e+02
3.800000e-07	-3.996931e-09	-1.502131e-08	-2.875832e+01	-8.923433e+02
3.900000e-07	-3.929130e-09	-1.492050e-08	-2.827048e+01	-8.866756e+02
4.000000e-07	-3.859976e-09	-1.481890e-08	-2.777292e+01	-8.809048e+02
4.100000e-07	-3.789589e-09	-1.472502e-08	-2.726648e+01	-8.750363e+02
4.200000e-07	-3.717986e-09	-1.464703e-08	-2.675129e+01	-8.690621e+02
4.300000e-07	-3.645109e-09	-1.453857e-08	-2.622693e+01	-8.629624e+02
4.400000e-07	-3.570633e-09	-1.441815e-08	-2.569107e+01	-8.567121e+02
4.500000e-07	-3.494537e-09	-1.430811e-08	-2.514355e+01	-8.502902e+02
4.600000e-07	-3.417084e-09	-1.420883e-08	-2.458626e+01	-8.436874e+02
4.700000e-07	-3.338313e-09	-1.409734e-08	-2.401950e+01	-8.369092e+02
4.800000e-07	-3.258163e-09	-1.397035e-08	-2.344281e+01	-8.299742e+02
4.900000e-07	-3.176702e-09	-1.385963e-08	-2.285669e+01	-8.229058e+02
5.000000e-07	-3.094114e-09	-1.374549e-08	-2.226246e+01	-8.157236e+02
5.100000e-07	-3.010532e-09	-1.362376e-08	-2.166108e+01	-8.084347e+02
5.200000e-07	-2.926113e-09	-1.348962e-08	-2.105367e+01	-8.010311e+02
5.300000e-07	-2.840823e-09	-1.335902e-08	-2.044001e+01	-7.934921e+02
5.400000e-07	-2.754579e-09	-1.323756e-08	-1.981947e+01	-7.857920e+02
5.500000e-07	-2.667454e-09	-1.310684e-08	-1.919260e+01	-7.779094e+02
5.600000e-07	-2.579510e-09	-1.296937e-08	-1.855983e+01	-7.698338e+02
5.700000e-07	-2.490689e-09	-1.282908e-08	-1.792075e+01	-7.615684e+02
5.800000e-07	-2.400794e-09	-1.269456e-08	-1.727395e+01	-7.531263e+02
5.900000e-07	-2.309813e-09	-1.254852e-08	-1.661934e+01	-7.445233e+02
6.000000e-07	-2.217989e-09	-1.239221e-08	-1.595865e+01	-7.357695e+02
6.100000e-07	-2.125469e-09	-1.224169e-08	-1.529296e+01	-7.268635e+02
6.200000e-07	-2.032236e-09	-1.209557e-08	-1.462214e+01	-7.177915e+02
6.300000e-07	-1.938278e-09	-1.194303e-08	-1.394610e+01	-7.085324e+02
6.400000e-07	-1.843668e-09	-1.177966e-08	-1.326538e+01	-6.990656e+02
6.500000e-07	-1.748468e-09	-1.161758e-08	-1.258040e+01	-6.893791e+02
6.600000e-07	-1.652688e-09	-1.145426e-08	-1.189126e+01	-6.794743e+02
6.700000e-07	-1.556326e-09	-1.128172e-08	-1.119792e+01	-6.693644e+02
6.800000e-07	-1.459353e-09	-1.110275e-08	-1.050019e+01	-6.590687e+02
6.900000e-07	-1.361709e-09	-1.092813e-08	-9.797633e+00	-6.486023e+02
7.000000e-07	-1.263397e-09	-1.075581e-08	-9.090266e+00	-6.379679e+02
7.100000e-07	-1.164528e-09	-1.057491e-08	-8.378895e+00	-6.271510e+02
7.200000e-07	-1.065221e-09	-1.038446e-08	-7.664373e+00	-6.161216e+02
7.300000e-07	-9.655524e-10	-1.019215e-08	-6.947247e+00	-6.048415e+02
7.400000e-07	-8.655719e-10	-1.000150e-08	-6.227876e+00	-5.932752e+02
7.500000e-07	-7.653260e-10	-9.804089e-09	-5.506596e+00	-5.813994e+02
7.600000e-07	-6.648527e-10	-9.597524e-09	-4.783680e+00	-5.692079e+02
7.700000e-07	-5.641907e-10	-9.387178e-09	-4.059407e+00	-5.567103e+02
7.800000e-07	-4.633662e-10	-9.175416e-09	-3.333964e+00	-5.439242e+02
7.900000e-07	-3.623946e-10	-8.956448e-09	-2.607463e+00	-5.308646e+02
8.000000e-07	-2.613085e-10	-8.728984e-09	-1.880138e+00	-5.175328e+02
8.100000e-07	-1.601353e-10	-8.497010e-09	-1.152187e+00	-5.039105e+02
8.200000e-07	-5.889451e-11	-8.263220e-09	-4.237494e-01	-4.899596e+02
8.300000e-07	4.239083e-11	-8.024148e-09	3.050088e-01	-4.756287e+02
8.400000e-07	1.436629e-10	-7.774753e-09	1.033672e+00	-4.608630e+02
8.500000e-07	2.448705e-10	-7.517537e-09	1.761870e+00	-4.456154e+02
8.600000e-07	3.459978e-10	-7.253428e-09	2.489492e+00	-4.298542e+02
8.700000e-07	4.470129e-10	-6.979883e-09	3.216306e+00	-4.135661e+02
8.800000e-07	5.478862e-10	-6.695120e-09	3.942099e+00	-3.967539e+02
8.900000e-07	6.486020e-10	-6.402871e-09	4.666760e+00	-3.794304e+02
9.000000e-07	7.491306e-10	-6.105042e-09	5.390074e+00	-3.616116e+02
9.100000e-07	8.494308e-10	-5.799035e-09	6.111745e+00	-3.433105e+02
9.200000e-07	9.494621e-10	-5.482425e-09	6.831481e+00	-3.245338e+02
9.300000e-07	1.049193e-09	-5.156764e-09	7.549058e+00	-3.052816e+02
9.400000e-07	1.148556e-09	-4.825753e-09	8.263985e+00	-2.855485e+02
9.500000e-07	1.247450e-09	-4.485832e-09	8.975534e+00	-2.653248e+02
9.600000e-07	1.345786e-09	-4.134013e-09	9.683072e+00	-2.445968e+02
9.700000e-07	1.443492e-09	-3.774465e-09	1.038608e+01	-2.233464e+02
9.800000e-07	1.540553e-09	-3.409960e-09	1.108443e+01	-2.015489e+02
9.900000e-07	1.636999e-09	-3.036688e-09	1.177838e+01	-1.791728e+02
1.000000e-06	1.732860e-09	-2.650355e-09	1.246811e+01	-1.561809e+02
1.010000e-06	1.828138e-09	-2.250794e-09	1.315364e+01	-1.325342e+02
1.020000e-06	1.922826e-09	-1.838339e-09	1.383493e+01	-1.081973e+02
1.030000e-06	2.016881e-09	-1.413471e-09	1.451167e+01	-8.314491e+01
1.040000e-06	2.110251e-09	-9.775304e-10	1.518347e+01	-5.736617e+01
1.050000e-06	2.202955e-09	-5.320823e-10	1.585049e+01	-3.086667e+01
1.060000e-06	2.295013e-09	-7.683789e-11	1.651286e+01	-3.666917e+00
1.070000e-06	2.386298e-09	3.931772e-10	1.716966e+01	2.420150e+01
1.080000e-06	2.476580e-09	8.787264e-10	1.781925e+01	5.270059e+01
1.090000e-06	2.565767e-09	1.372585e-09	1.846096e+01	8.178937e+01
1.100000e-06	2.653960e-09	1.870162e-09	1.909552e+01	1.114246e+02
1.110000e-06	2.741265e-09	2.375526e-09	1.972368e+01	1.415586e+02
1.120000e-06	2.827678e-09	2.890951e-09	2.034543e+01	1.721344e+02
1.130000e-06	2.913155e-09	3.414963e-09	2.096045e+01	2.030813e+02
1.140000e-06	2.997732e-09	3.942458e-09	2.156899e+01	2.343118e+02
1.150000e-06	3.081410e-09	4.471973e-09	2.217106e+01	2.657209e+02
1.160000e-06	3.164005e-09	5.004522e-09	2.276534e+01	2.971899e+02
1.170000e-06	3.245378e-09	5.536087e-09	2.335082e+01	3.285929e+02
1.180000e-06	3.325538e-09	6.061855e-09	2.392759e+01	3.598040e+02
1.190000e-06	3.404489e-09	6.581636e-09	2.449565e+01	3.907044e+02
1.200000e-06	3.482243e-09	7.097370e-09	2.505510e+01	4.211871e+02
1.210000e-06	3.558795e-09	7.605694e-09	2.560589e+01	4.511587e+02
1.220000e-06	3.633992e-09	8.102994e-09	2.614695e+01	4.805394e+02
1.230000e-06	3.707633e-09	8.587123e-09	2.667680e+01	5.092601e+02
1.240000e-06	3.779784e-09	9.059924e-09	2.719593e+01	5.372599e+02
1.250000e-06	3.850607e-09	9.519065e-09	2.770551e+01	5.644844e+02
1.260000e-06	3.920119e-09	9.961994e-09	2.820566e+01	5.908842e+02
1.270000e-06	3.988372e-09	1.038938e-08	2.869675e+01	6.164153e+02
1.280000e-06	4.055239e-09	1.080321e-08	2.917786e+01	6.410401e+02
1.290000e-06	4.120466e-09	1.120487e-08	2.964717e+01	6.647288e+02
1.300000e-06	4.184167e-09	1.159167e-08	3.010551e+01	6.874597e+02
1.310000e-06	4.246510e-09	1.195996e-08	3.055407e+01	7.092205e+02
1.320000e-06	4.307505e-09	1.230933e-08	3.099294e+01	7.300077e+02
1.330000e-06	4.367174e-09	1.264050e-08	3.142226e+01	7.498264e+02
1.340000e-06	4.425232e-09	1.295411e-08	3.184000e+01	7.686893e+02
1.350000e-06	4.481521e-09	1.325402e-08	3.224500e+01	7.866156e+02
1.360000e-06	4.536206e-09	1.354235e-08	3.263847e+01	8.036289e+02
1.370000e-06	4.589241e-09	1.381735e-08	3.302006e+01	8.197555e+02
1.380000e-06	4.640369e-09	1.407664e-08	3.338793e+01	8.350220e+02
1.390000e-06	4.689470e-09	1.431979e-08	3.374121e+01	8.494542e+02
1.400000e-06	4.736772e-09	1.454866e-08	3.408155e+01	8.630757e+02
1.410000e-06	4.782491e-09	1.476505e-08	3.441051e+01	8.759082e+02
1.420000e-06	4.826675e-09	1.496729e-08	3.472842e+01	8.879725e+02
1.430000e-06	4.869084e-09	1.515574e-08	3.503356e+01	8.992897e+02
1.440000e-06	4.909583e-09	1.533309e-08	3.532495e+01	9.098824e+02
1.450000e-06	4.948394e-09	1.550021e-08	3.560420e+01	9.197748e+02
1.460000e-06	4.985612e-09	1.565545e-08	3.587199e+01	9.289926e+02
1.470000e-06	5.021201e-09	1.579782e-08	3.612805e+01	9.375616e+02
1.480000e-06	5.054882e-09	1.593090e-08	3.637039e+01	9.455064e+02
1.490000e-06	5.086660e-09	1.605468e-08	3.659903e+01	9.528506e+02
1.500000e-06	5.116786e-09	1.616737e-08	3.681580e+01	9.596170e+02
1.510000e-06	5.145276e-09	1.626947e-08	3.702078e+01	9.658295e+02
1.520000e-06	5.171905e-09	1.636290e-08	3.721238e+01	9.715147e+02
1.530000e-06	5.196474e-09	1.644975e-08	3.738916e+01	9.767026e+02
1.540000e-06	5.219171e-09	1.652901e-08	3.755247e+01	9.814256e+02
1.550000e-06	5.240196e-09	1.660155e-08	3.770374e+01	9.857159e+02
1.560000e-06	5.259535e-09	1.666789e-08	3.784289e+01	9.896010e+02
1.570000e-06	5.276953e-09	1.672837e-08	3.796822e+01	9.931004e+02
1.580000e-06	5.292375e-09	1.678201e-08	3.807918e+01	9.962237e+02
1.590000e-06	5.305905e-09	1.682747e-08	3.817652e+01	9.989718e+02
1.600000e-06	5.317385e-09	1.686638e-08	3.825912e+01	1.001342e+03
1.610000e-06	5.326651e-09	1.689971e-08	3.832580e+01	1.003335e+03
1.620000e-06	5.333955e-09	1.692726e-08	3.837834e+01	1.004961e+03
1.630000e-06	5.339538e-09	1.694870e-08	3.841852e+01	1.006242e+03
1.640000e-06	5.343391e-09	1.696510e-08	3.844624e+01	1.007212e+03
1.650000e-06	5.345269e-09	1.697672e-08	3.845975e+01	1.007910e+03
1.660000e-06	5.345181e-09	1.698494e-08	3.845912e+01	1.008371e+03
1.670000e-06	5.343425e-09	1.699077e-08	3.844648e+01	1.008617e+03
1.680000e-06	5.340086e-09	1.699013e-08	3.842246e+01	1.008650e+03
1.690000e-06	5.335034e-09	1.698669e-08	3.838611e+01	1.008455e+03
1.700000e-06	5.328069e-09	1.697809e-08	3.833599e+01	1.008008e+03
1.710000e-06	5.319394e-09	1.696267e-08	3.827358e+01	1.007284e+03
1.720000e-06	5.309167e-09	1.694173e-08	3.819999e+01	1.006274e+03
1.730000e-06	5.297208e-09	1.690446e-08	3.811395e+01	1.004994e+03
1.740000e-06	5.283315e-09	1.689694e-08	3.801398e+01	1.003481e+03
1.750000e-06	5.267371e-09	1.692375e-08	3.789927e+01	1.001793e+03
1.760000e-06	5.249131e-09	1.688047e-08	3.776803e+01	9.999908e+02
1.770000e-06	5.228374e-09	1.681847e-08	3.761868e+01	9.981221e+02
1.780000e-06	5.205402e-09	1.673649e-08	3.745339e+01	9.962116e+02
1.790000e-06	5.181013e-09	1.667936e-08	3.727792e+01	9.942529e+02
1.800000e-06	5.155633e-09	1.676032e-08	3.709530e+01	9.922138e+02
1.810000e-06	5.128702e-09	1.665933e-08	3.690153e+01	9.900475e+02
1.820000e-06	5.099841e-09	1.656722e-08	3.669387e+01	9.877085e+02
1.830000e-06	5.069279e-09	1.667244e-08	3.647398e+01	9.851670e+02
1.840000e-06	5.036874e-09	1.657547e-08	3.624082e+01	9.824167e+02
1.850000e-06	5.002593e-09	1.650674e-08	3.599416e+01	9.794746e+02
1.860000e-06	4.966768e-09	1.647622e-08	3.573640e+01	9.763726e+02
1.870000e-06	4.929074e-09	1.628648e-08	3.546519e+01	9.731446e+02
1.880000e-06	4.889517e-09	1.631958e-08	3.518057e+01	9.698146e+02
1.890000e-06	4.848332e-09	1.634822e-08	3.488424e+01	9.663891e+02
1.900000e-06	4.805429e-09	1.621120e-08	3.457555e+01	9.628567e+02
1.910000e-06	4.761053e-09	1.617475e-08	3.425626e+01	9.591946e+02
1.920000e-06	4.714892e-09	1.606482e-08	3.392412e+01	9.553789e+02
1.930000e-06	4.666772e-09	1.603942e-08	3.357790e+01	9.513938e+02
1.940000e-06	4.617068e-09	1.597918e-08	3.322027e+01	9.472367e+02
1.950000e-06	4.565687e-09	1.580003e-08	3.285058e+01	9.429185e+02
1.960000e-06	4.512414e-09	1.582690e-08	3.246728e+01	9.384566e+02
1.970000e-06	4.457185e-09	1.578181e-08	3.206990e+01	9.338677e+02
1.980000e-06	4.400270e-09	1.565938e-08	3.166039e+01	9.291603e+02
1.990000e-06	4.341958e-09	1.553975e-08	3.124083e+01	9.243320e+02
2.000000e-06	4.282197e-09	1.544869e-08	3.081084e+01	9.193722e+02
2.010000e-06	4.220858e-09	1.544705e-08	3.036950e+01	9.142681e+02
2.020000e-06	4.157821e-09	1.529593e-08	2.991595e+01	9.090122e+02
2.030000e-06	4.093275e-09	1.519472e-08	2.945152e+01	9.036066e+02
2.040000e-06	4.027339e-09	1.514176e-08	2.897711e+01	8.980640e+02
2.050000e-06	3.960012e-09	1.504847e-08	2.849269e+01	8.924022e+02
2.060000e-06	3.891331e-09	1.496470e-08	2.799852e+01	8.866369e+02
2.070000e-06	3.821022e-09	1.479519e-08	2.749264e+01	8.807739e+02
2.080000e-06	3.749177e-09	1.472431e-08	2.697571e+01	8.748057e+02
2.090000e-06	3.676038e-09	1.464041e-08	2.644946e+01	8.687128e+02
2.100000e-06	3.601623e-09	1.451717e-08	2.591404e+01	8.624703e+02
2.110000e-06	3.525884e-09	1.441224e-08	2.536909e+01	8.560567e+02
2.120000e-06	3.448536e-09	1.429518e-08	2.481257e+01	8.494623e+02
2.130000e-06	3.369691e-09	1.421951e-08	2.424527e+01	8.426920e+02
2.140000e-06	3.289672e-09	1.406754e-08	2.366952e+01	8.357641e+02
2.150000e-06	3.208590e-09	1.393089e-08	2.308613e+01	8.287022e+02
2.160000e-06	3.126439e-09	1.381876e-08	2.249505e+01	8.215258e+02
2.170000e-06	3.043270e-09	1.371417e-08	2.189663e+01	8.142427e+02
2.180000e-06	2.959131e-09	1.359715e-08	2.129124e+01	8.068454e+02
2.190000e-06	2.873799e-09	1.343905e-08	2.067727e+01	7.993136e+02
2.200000e-06	2.787224e-09	1.332286e-08	2.005436e+01	7.916216e+02
2.210000e-06	2.699605e-09	1.319736e-08	1.942393e+01	7.837477e+02
2.220000e-06	2.611122e-09	1.305821e-08	1.878729e+01	7.756810e+02
2.230000e-06	2.521785e-09	1.290125e-08	1.814450e+01	7.674241e+02
2.240000e-06	2.431618e-09	1.276365e-08	1.749573e+01	7.589900e+02
2.250000e-06	2.340760e-09	1.264428e-08	1.684200e+01	7.503945e+02
2.260000e-06	2.249191e-09	1.248975e-08	1.618315e+01	7.416480e+02
2.270000e-06	2.156820e-09	1.232287e-08	1.551854e+01	7.327495e+02
2.280000e-06	2.063510e-09	1.216453e-08	1.484716e+01	7.236857e+02
2.290000e-06	1.969315e-09	1.202583e-08	1.416942e+01	7.144356e+02
2.300000e-06	1.874396e-09	1.186807e-08	1.348646e+01	7.049785e+02
2.310000e-06	1.778809e-09	1.169124e-08	1.279871e+01	6.953019e+02
2.320000e-06	1.682627e-09	1.152703e-08	1.210667e+01	6.854066e+02
2.330000e-06	1.585918e-09	1.137160e-08	1.141084e+01	6.753057e+02
2.340000e-06	1.488733e-09	1.119726e-08	1.071158e+01	6.650182e+02
2.350000e-06	1.391052e-09	1.100340e-08	1.000876e+01	6.545597e+02
2.360000e-06	1.292874e-09	1.082325e-08	9.302358e+00	6.439335e+02
2.370000e-06	1.194258e-09	1.065594e-08	8.592799e+00	6.331255e+02
2.380000e-06	1.095295e-09	1.047301e-08	7.880755e+00	6.221062e+02
2.390000e-06	9.960607e-10	1.027117e-08	7.166751e+00	6.108376e+02
2.400000e-06	8.965467e-10	1.007488e-08	6.450737e+00	5.992841e+02
2.410000e-06	7.967424e-10	9.884358e-09	5.732635e+00	5.874215e+02
2.420000e-06	6.966682e-10	9.679048e-09	5.012591e+00	5.752431e+02
2.430000e-06	5.963609e-10	9.454970e-09	4.290870e+00	5.627580e+02
2.440000e-06	4.958488e-10	9.237128e-09	3.567675e+00	5.499839e+02
2.450000e-06	3.951355e-10	9.028471e-09	2.843034e+00	5.369359e+02
2.460000e-06	2.942434e-10	8.809460e-09	2.117106e+00	5.236159e+02
2.470000e-06	1.932247e-10	8.574709e-09	1.390267e+00	5.100065e+02
2.480000e-06	9.214316e-11	8.336741e-09	6.629761e-01	4.960702e+02
2.490000e-06	-8.982493e-12	8.102583e-09	-6.463228e-02	4.817557e+02
2.500000e-06	-1.101160e-10	7.855610e-09	-7.922972e-01	4.670084e+02
2.510000e-06	-2.111541e-10	7.591877e-09	-1.519275e+00	4.517806e+02
2.520000e-06	-3.120452e-10	7.323238e-09	-2.245196e+00	4.360400e+02
2.530000e-06	-4.128040e-10	7.056704e-09	-2.970166e+00	4.197727e+02
2.540000e-06	-5.134291e-10	6.779930e-09	-3.694173e+00	4.029810e+02
2.550000e-06	-6.138401e-10	6.483957e-09	-4.416639e+00	3.856774e+02
2.560000e-06	-7.139634e-10	6.179280e-09	-5.137037e+00	3.678780e+02
2.570000e-06	-8.138189e-10	5.873714e-09	-5.855508e+00	3.495959e+02
2.580000e-06	-9.134168e-10	5.560807e-09	-6.572125e+00	3.308381e+02
2.590000e-06	-1.012708e-09	5.232610e-09	-7.286538e+00	3.116049e+02
2.600000e-06	-1.111666e-09	4.897075e-09	-7.998549e+00	2.918911e+02
2.610000e-06	-1.210273e-09	4.561362e-09	-8.708036e+00	2.716870e+02
2.620000e-06	-1.308468e-09	4.217422e-09	-9.414559e+00	2.509793e+02
2.630000e-06	-1.406195e-09	3.857397e-09	-1.011772e+01	2.297499e+02
2.640000e-06	-1.503442e-09	3.485725e-09	-1.081742e+01	2.079743e+02
2.650000e-06	-1.600205e-09	3.110140e-09	-1.151364e+01	1.856215e+02
2.660000e-06	-1.696468e-09	2.727185e-09	-1.220626e+01	1.626542e+02
2.670000e-06	-1.792223e-09	2.329173e-09	-1.289522e+01	1.390335e+02
2.680000e-06	-1.887422e-09	1.917582e-09	-1.358020e+01	1.147237e+02
2.690000e-06	-1.981923e-09	1.497446e-09	-1.426014e+01	8.969909e+01
2.700000e-06	-2.075545e-09	1.067948e-09	-1.493376e+01	6.394824e+01
2.710000e-06	-2.168224e-09	6.229943e-10	-1.560059e+01	3.747615e+01
2.720000e-06	-2.260039e-09	1.632983e-10	-1.626121e+01	1.030286e+01
2.730000e-06	-2.351085e-09	-3.039475e-10	-1.691630e+01	-1.754035e+01
2.740000e-06	-2.441335e-09	-7.775511e-10	-1.756565e+01	-4.601566e+01
2.750000e-06	-2.530696e-09	-1.264351e-09	-1.820861e+01	-7.508217e+01
2.760000e-06	-2.619176e-09	-1.765706e-09	-1.884524e+01	-1.046967e+02
2.770000e-06	-2.706861e-09	-2.274142e-09	-1.947614e+01	-1.348118e+02
2.780000e-06	-2.793684e-09	-2.786265e-09	-2.010084e+01	-1.653710e+02
2.790000e-06	-2.879389e-09	-3.304955e-09	-2.071750e+01	-1.963042e+02
2.800000e-06	-2.963879e-09	-3.831684e-09	-2.132541e+01	-2.275243e+02
2.810000e-06	-3.047304e-09	-4.360340e-09	-2.192566e+01	-2.589270e+02
2.820000e-06	-3.129744e-09	-4.885918e-09	-2.251883e+01	-2.903941e+02
2.830000e-06	-3.211147e-09	-5.411026e-09	-2.310453e+01	-3.217997e+02
2.840000e-06	-3.291480e-09	-5.936367e-09	-2.368254e+01	-3.530179e+02
2.850000e-06	-3.370678e-09	-6.457022e-09	-2.425237e+01	-3.839293e+02
2.860000e-06	-3.448512e-09	-6.967993e-09	-2.481240e+01	-4.144266e+02
2.870000e-06	-3.524851e-09	-7.470159e-09	-2.536166e+01	-4.444160e+02
2.880000e-06	-3.599785e-09	-7.965382e-09	-2.590082e+01	-4.738171e+02
2.890000e-06	-3.673387e-09	-8.450017e-09	-2.643039e+01	-5.025605e+02
2.900000e-06	-3.745726e-09	-8.919255e-09	-2.695088e+01	-5.305851e+02
2.910000e-06	-3.816816e-09	-9.375907e-09	-2.746238e+01	-5.578362e+02
2.920000e-06	-3.886419e-09	-9.822606e-09	-2.796318e+01	-5.842643e+02
2.930000e-06	-3.954483e-09	-1.025551e-08	-2.845291e+01	-6.098251e+02
2.940000e-06	-4.021207e-09	-1.067170e-08	-2.893299e+01	-6.344810e+02
2.950000e-06	-4.086597e-09	-1.107016e-08	-2.940348e+01	-6.582016e+02
2.960000e-06	-4.150637e-09	-1.145163e-08	-2.986425e+01	-6.809650e+02
2.970000e-06	-4.213220e-09	-1.181767e-08	-3.031454e+01	-7.027586e+02
2.980000e-06	-4.274104e-09	-1.216753e-08	-3.075261e+01	-7.235786e+02
2.990000e-06	-4.333387e-09	-1.250198e-08	-3.117916e+01	-7.434297e+02
3.000000e-06	-4.391265e-09	-1.282312e-08	-3.159560e+01	-7.623246e+02
3.010000e-06	-4.447670e-09	-1.312880e-08	-3.200144e+01	-7.802820e+02
3.020000e-06	-4.502423e-09	-1.341508e-08	-3.239540e+01	-7.973255e+02
3.030000e-06	-4.555258e-09	-1.368384e-08	-3.277554e+01	-8.134813e+02
3.040000e-06	-4.606183e-09	-1.394039e-08	-3.314195e+01	-8.287762e+02
3.050000e-06	-4.655285e-09	-1.418522e-08	-3.349525e+01	-8.432358e+02
3.060000e-06	-4.702439e-09	-1.441495e-08	-3.383453e+01	-8.568839e+02
3.070000e-06	-4.747877e-09	-1.463016e-08	-3.416145e+01	-8.697423e+02
3.080000e-06	-4.791876e-09	-1.483398e-08	-3.447803e+01	-8.818317e+02
3.090000e-06	-4.834406e-09	-1.502763e-08	-3.478404e+01	-8.931733e+02
3.100000e-06	-4.875419e-09	-1.520655e-08	-3.507914e+01	-9.037895e+02
3.110000e-06	-4.914852e-09	-1.537143e-08	-3.536286e+01	-9.137046e+02
3.120000e-06	-4.952428e-09	-1.552828e-08	-3.563322e+01	-9.229441e+02
3.130000e-06	-4.988099e-09	-1.567815e-08	-3.588988e+01	-9.315338e+02
3.140000e-06	-5.022074e-09	-1.581558e-08	-3.613434e+01	-9.394986e+02
3.150000e-06	-5.054361e-09	-1.593883e-08	-3.636664e+01	-9.468618e+02
3.160000e-06	-5.084774e-09	-1.605198e-08	-3.658547e+01	-9.536466e+02
3.170000e-06	-5.113219e-09	-1.615653e-08	-3.679013e+01	-9.598765e+02
3.180000e-06	-5.139897e-09	-1.625267e-08	-3.698208e+01	-9.655781e+02
3.190000e-06	-5.164857e-09	-1.634074e-08	-3.716167e+01	-9.707812e+02
3.200000e-06	-5.188008e-09	-1.642257e-08	-3.732825e+01	-9.755183e+02
3.210000e-06	-5.209169e-09	-1.649854e-08	-3.748050e+01	-9.798216e+02
3.220000e-06	-5.228443e-09	-1.656522e-08	-3.761918e+01	-9.837188e+02
3.230000e-06	-5.246040e-09	-1.662156e-08	-3.774579e+01	-9.872299e+02
3.240000e-06	-5.261817e-09	-1.667225e-08	-3.785931e+01	-9.903646e+02
3.250000e-06	-5.275417e-09	-1.671796e-08	-3.795716e+01	-9.931241e+02
3.260000e-06	-5.286857e-09	-1.675782e-08	-3.803947e+01	-9.955061e+02
3.270000e-06	-5.296481e-09	-1.679115e-08	-3.810872e+01	-9.975106e+02
3.280000e-06	-5.304326e-09	-1.681929e-08	-3.816516e+01	-9.991472e+02
3.290000e-06	-5.310189e-09	-1.684252e-08	-3.820735e+01	-1.000438e+03
3.300000e-06	-5.314091e-09	-1.686118e-08	-3.823543e+01	-1.001416e+03
3.310000e-06	-5.316259e-09	-1.687449e-08	-3.825103e+01	-1.002121e+03
3.320000e-06	-5.316688e-09	-1.688008e-08	-3.825411e+01	-1.002589e+03
