# Temperatura_=_62.353809523809524
# Concentracion g/m^3_=_21500.0
# C_Vs_to_Am_M_A/Vsm_=_65563218390.804596
# pendiente_HvsI_1/m_=_3716.3
# ordenada_HvsI_A/m_=_1297.0
# frecuencia_Hz_=_302264.0430616108
# Promedio de 21 ciclos

Tiempo_(s)	Campo_(V.s)	Magnetizacion_(V.s)	Campo_(kA/m)	Magnetizacion_(A/m)
0.000000e+00	-6.744688e-09	-2.424665e-08	-4.767716e+01	-1.585902e+03
1.000000e-08	-6.742438e-09	-2.424623e-08	-4.766126e+01	-1.585935e+03
2.000000e-08	-6.737856e-09	-2.424142e-08	-4.762887e+01	-1.585965e+03
3.000000e-08	-6.731165e-09	-2.423361e-08	-4.758158e+01	-1.585905e+03
4.000000e-08	-6.722373e-09	-2.422747e-08	-4.751943e+01	-1.585681e+03
5.000000e-08	-6.711229e-09	-2.422158e-08	-4.744066e+01	-1.585258e+03
6.000000e-08	-6.697583e-09	-2.421418e-08	-4.734421e+01	-1.584644e+03
7.000000e-08	-6.681444e-09	-2.419503e-08	-4.723012e+01	-1.583891e+03
8.000000e-08	-6.662989e-09	-2.418646e-08	-4.709967e+01	-1.583076e+03
9.000000e-08	-6.642317e-09	-2.422398e-08	-4.695354e+01	-1.582275e+03
1.000000e-07	-6.619125e-09	-2.421564e-08	-4.678961e+01	-1.581543e+03
1.100000e-07	-6.593205e-09	-2.416334e-08	-4.660638e+01	-1.580896e+03
1.200000e-07	-6.564768e-09	-2.415370e-08	-4.640537e+01	-1.580311e+03
1.300000e-07	-6.534263e-09	-2.413601e-08	-4.618974e+01	-1.579732e+03
1.400000e-07	-6.502026e-09	-2.407179e-08	-4.596186e+01	-1.579096e+03
1.500000e-07	-6.467921e-09	-2.411213e-08	-4.572078e+01	-1.578348e+03
1.600000e-07	-6.431639e-09	-2.412771e-08	-4.546431e+01	-1.577465e+03
1.700000e-07	-6.393255e-09	-2.401835e-08	-4.519298e+01	-1.576459e+03
1.800000e-07	-6.352716e-09	-2.407442e-08	-4.490642e+01	-1.575371e+03
1.900000e-07	-6.309725e-09	-2.406469e-08	-4.460253e+01	-1.574256e+03
2.000000e-07	-6.264456e-09	-2.401748e-08	-4.428253e+01	-1.573162e+03
2.100000e-07	-6.216976e-09	-2.403999e-08	-4.394691e+01	-1.572111e+03
2.200000e-07	-6.166974e-09	-2.396166e-08	-4.359346e+01	-1.571088e+03
2.300000e-07	-6.114368e-09	-2.394625e-08	-4.322159e+01	-1.570042e+03
2.400000e-07	-6.059286e-09	-2.392931e-08	-4.283223e+01	-1.568899e+03
2.500000e-07	-6.001877e-09	-2.390296e-08	-4.242642e+01	-1.567588e+03
2.600000e-07	-5.942177e-09	-2.389243e-08	-4.200441e+01	-1.566057e+03
2.700000e-07	-5.880300e-09	-2.385071e-08	-4.156701e+01	-1.564292e+03
2.800000e-07	-5.816383e-09	-2.383584e-08	-4.111520e+01	-1.562324e+03
2.900000e-07	-5.750319e-09	-2.380458e-08	-4.064821e+01	-1.560217e+03
3.000000e-07	-5.682039e-09	-2.377422e-08	-4.016554e+01	-1.558049e+03
3.100000e-07	-5.611615e-09	-2.372339e-08	-3.966773e+01	-1.555891e+03
3.200000e-07	-5.539111e-09	-2.367246e-08	-3.915521e+01	-1.553782e+03
3.300000e-07	-5.464479e-09	-2.366854e-08	-3.862765e+01	-1.551719e+03
3.400000e-07	-5.387626e-09	-2.363435e-08	-3.808440e+01	-1.549656e+03
3.500000e-07	-5.308601e-09	-2.360254e-08	-3.752578e+01	-1.547522e+03
3.600000e-07	-5.227466e-09	-2.355454e-08	-3.695226e+01	-1.545239e+03
3.700000e-07	-5.144457e-09	-2.350222e-08	-3.636548e+01	-1.542747e+03
3.800000e-07	-5.059805e-09	-2.346803e-08	-3.576709e+01	-1.540027e+03
3.900000e-07	-4.973531e-09	-2.342382e-08	-3.515723e+01	-1.537100e+03
4.000000e-07	-4.885616e-09	-2.338348e-08	-3.453578e+01	-1.534024e+03
4.100000e-07	-4.795982e-09	-2.333042e-08	-3.390217e+01	-1.530875e+03
4.200000e-07	-4.704580e-09	-2.329480e-08	-3.325607e+01	-1.527718e+03
4.300000e-07	-4.611506e-09	-2.325035e-08	-3.259814e+01	-1.524590e+03
4.400000e-07	-4.516882e-09	-2.319230e-08	-3.192926e+01	-1.521481e+03
4.500000e-07	-4.420677e-09	-2.313038e-08	-3.124920e+01	-1.518341e+03
4.600000e-07	-4.322831e-09	-2.306852e-08	-3.055755e+01	-1.515091e+03
4.700000e-07	-4.223386e-09	-2.302313e-08	-2.985459e+01	-1.511645e+03
4.800000e-07	-4.122436e-09	-2.297314e-08	-2.914099e+01	-1.507942e+03
4.900000e-07	-4.020083e-09	-2.291607e-08	-2.841747e+01	-1.503959e+03
5.000000e-07	-3.916311e-09	-2.284740e-08	-2.768392e+01	-1.499721e+03
5.100000e-07	-3.811063e-09	-2.278025e-08	-2.693994e+01	-1.495290e+03
5.200000e-07	-3.704346e-09	-2.271282e-08	-2.618558e+01	-1.490750e+03
5.300000e-07	-3.596229e-09	-2.263856e-08	-2.542132e+01	-1.486172e+03
5.400000e-07	-3.486845e-09	-2.256208e-08	-2.464810e+01	-1.481595e+03
5.500000e-07	-3.376265e-09	-2.248972e-08	-2.386643e+01	-1.477009e+03
5.600000e-07	-3.264443e-09	-2.242441e-08	-2.307598e+01	-1.472355e+03
5.700000e-07	-3.151332e-09	-2.235452e-08	-2.227642e+01	-1.467543e+03
5.800000e-07	-3.036937e-09	-2.227087e-08	-2.146778e+01	-1.462476e+03
5.900000e-07	-2.921237e-09	-2.217595e-08	-2.064992e+01	-1.457082e+03
6.000000e-07	-2.804287e-09	-2.208110e-08	-1.982321e+01	-1.451332e+03
6.100000e-07	-2.686276e-09	-2.198959e-08	-1.898901e+01	-1.445250e+03
6.200000e-07	-2.567349e-09	-2.189770e-08	-1.814834e+01	-1.438905e+03
6.300000e-07	-2.447491e-09	-2.180143e-08	-1.730108e+01	-1.432386e+03
6.400000e-07	-2.326685e-09	-2.170445e-08	-1.644713e+01	-1.425772e+03
6.500000e-07	-2.205040e-09	-2.160844e-08	-1.558723e+01	-1.419102e+03
6.600000e-07	-2.082644e-09	-2.150571e-08	-1.472203e+01	-1.412360e+03
6.700000e-07	-1.959501e-09	-2.138909e-08	-1.385156e+01	-1.405475e+03
6.800000e-07	-1.835611e-09	-2.126294e-08	-1.297580e+01	-1.398338e+03
6.900000e-07	-1.711033e-09	-2.113816e-08	-1.209518e+01	-1.390832e+03
7.000000e-07	-1.585875e-09	-2.101847e-08	-1.121045e+01	-1.382869e+03
7.100000e-07	-1.460224e-09	-2.089777e-08	-1.032225e+01	-1.374411e+03
7.200000e-07	-1.334157e-09	-2.076777e-08	-9.431104e+00	-1.365483e+03
7.300000e-07	-1.207725e-09	-2.062837e-08	-8.537374e+00	-1.356161e+03
7.400000e-07	-1.080937e-09	-2.048284e-08	-7.641126e+00	-1.346542e+03
7.500000e-07	-9.538002e-10	-2.033122e-08	-6.742418e+00	-1.336710e+03
7.600000e-07	-8.263289e-10	-2.016990e-08	-5.841343e+00	-1.326696e+03
7.700000e-07	-6.985683e-10	-2.000161e-08	-4.938223e+00	-1.316462e+03
7.800000e-07	-5.705646e-10	-1.983282e-08	-4.033385e+00	-1.305899e+03
7.900000e-07	-4.423559e-10	-1.966284e-08	-3.127098e+00	-1.294846e+03
8.000000e-07	-3.139771e-10	-1.948495e-08	-2.219608e+00	-1.283131e+03
8.100000e-07	-1.854568e-10	-1.929263e-08	-1.311118e+00	-1.270607e+03
8.200000e-07	-5.683823e-11	-1.908584e-08	-4.019338e-01	-1.257185e+03
8.300000e-07	7.182352e-11	-1.886791e-08	5.075559e-01	-1.242841e+03
8.400000e-07	2.004884e-10	-1.864031e-08	1.417068e+00	-1.227599e+03
8.500000e-07	3.291102e-10	-1.839792e-08	2.326275e+00	-1.211496e+03
8.600000e-07	4.576319e-10	-1.813725e-08	3.234775e+00	-1.194531e+03
8.700000e-07	5.860057e-10	-1.785880e-08	4.142230e+00	-1.176629e+03
8.800000e-07	7.141793e-10	-1.756186e-08	5.048269e+00	-1.157617e+03
8.900000e-07	8.421064e-10	-1.724250e-08	5.952566e+00	-1.137239e+03
9.000000e-07	9.697338e-10	-1.689663e-08	6.854745e+00	-1.115192e+03
9.100000e-07	1.097007e-09	-1.652369e-08	7.754419e+00	-1.091181e+03
9.200000e-07	1.223890e-09	-1.612467e-08	8.651335e+00	-1.064969e+03
9.300000e-07	1.350371e-09	-1.569666e-08	9.545410e+00	-1.036392e+03
9.400000e-07	1.476436e-09	-1.523126e-08	1.043655e+01	-1.005338e+03
9.500000e-07	1.602046e-09	-1.471914e-08	1.132447e+01	-9.716524e+02
9.600000e-07	1.727128e-09	-1.415461e-08	1.220866e+01	-9.350197e+02
9.700000e-07	1.851570e-09	-1.353221e-08	1.308831e+01	-8.948145e+02
9.800000e-07	1.975270e-09	-1.283566e-08	1.396273e+01	-8.499843e+02
9.900000e-07	2.098197e-09	-1.204283e-08	1.483169e+01	-7.989988e+02
1.000000e-06	2.220342e-09	-1.112904e-08	1.569511e+01	-7.399047e+02
1.010000e-06	2.341655e-09	-1.006623e-08	1.655265e+01	-6.705020e+02
1.020000e-06	2.462037e-09	-8.818794e-09	1.740362e+01	-5.886336e+02
1.030000e-06	2.581450e-09	-7.346850e-09	1.824773e+01	-4.925504e+02
1.040000e-06	2.699918e-09	-5.628414e-09	1.908516e+01	-3.812907e+02
1.050000e-06	2.817409e-09	-3.679134e-09	1.991569e+01	-2.550020e+02
1.060000e-06	2.933801e-09	-1.544935e-09	2.073845e+01	-1.151362e+02
1.070000e-06	3.048987e-09	7.220608e-10	2.155268e+01	3.553342e+01
1.080000e-06	3.162958e-09	3.073986e-09	2.235833e+01	1.930933e+02
1.090000e-06	3.275714e-09	5.461866e-09	2.315538e+01	3.528498e+02
1.100000e-06	3.387247e-09	7.835525e-09	2.394380e+01	5.098172e+02
1.110000e-06	3.497627e-09	1.012996e-08	2.472405e+01	6.592550e+02
1.120000e-06	3.606900e-09	1.224562e-08	2.549649e+01	7.971655e+02
1.130000e-06	3.714964e-09	1.410739e-08	2.626038e+01	9.206714e+02
1.140000e-06	3.821667e-09	1.569914e-08	2.701465e+01	1.028217e+03
1.150000e-06	3.926917e-09	1.704039e-08	2.775865e+01	1.119569e+03
1.160000e-06	4.030691e-09	1.816271e-08	2.849221e+01	1.195637e+03
1.170000e-06	4.133052e-09	1.910056e-08	2.921579e+01	1.258155e+03
1.180000e-06	4.234042e-09	1.988544e-08	2.992967e+01	1.309303e+03
1.190000e-06	4.333531e-09	2.054086e-08	3.063295e+01	1.351329e+03
1.200000e-06	4.431360e-09	2.108599e-08	3.132449e+01	1.386252e+03
1.210000e-06	4.527513e-09	2.153779e-08	3.200418e+01	1.415677e+03
1.220000e-06	4.622068e-09	2.191344e-08	3.267258e+01	1.440734e+03
1.230000e-06	4.715108e-09	2.222572e-08	3.333027e+01	1.462132e+03
1.240000e-06	4.806534e-09	2.248454e-08	3.397654e+01	1.480280e+03
1.250000e-06	4.896143e-09	2.269811e-08	3.460998e+01	1.495441e+03
1.260000e-06	4.983900e-09	2.287746e-08	3.523032e+01	1.507869e+03
1.270000e-06	5.069900e-09	2.303060e-08	3.583824e+01	1.517888e+03
1.280000e-06	5.154189e-09	2.316215e-08	3.643407e+01	1.525919e+03
1.290000e-06	5.236640e-09	2.327368e-08	3.701691e+01	1.532446e+03
1.300000e-06	5.317094e-09	2.336810e-08	3.758563e+01	1.537950e+03
1.310000e-06	5.395563e-09	2.344838e-08	3.814032e+01	1.542834e+03
1.320000e-06	5.472019e-09	2.351768e-08	3.868077e+01	1.547366e+03
1.330000e-06	5.546313e-09	2.357807e-08	3.920595e+01	1.551664e+03
1.340000e-06	5.618471e-09	2.363025e-08	3.971602e+01	1.555709e+03
1.350000e-06	5.688628e-09	2.367714e-08	4.021195e+01	1.559404e+03
1.360000e-06	5.756804e-09	2.372137e-08	4.069389e+01	1.562632e+03
1.370000e-06	5.822872e-09	2.376306e-08	4.116091e+01	1.565324e+03
1.380000e-06	5.886802e-09	2.380027e-08	4.161283e+01	1.567487e+03
1.390000e-06	5.948748e-09	2.383292e-08	4.205072e+01	1.569217e+03
1.400000e-06	6.008726e-09	2.386166e-08	4.247469e+01	1.570669e+03
1.410000e-06	6.066550e-09	2.388883e-08	4.288345e+01	1.572018e+03
1.420000e-06	6.122157e-09	2.391468e-08	4.327652e+01	1.573406e+03
1.430000e-06	6.175499e-09	2.393860e-08	4.365359e+01	1.574908e+03
1.440000e-06	6.226334e-09	2.396148e-08	4.401294e+01	1.576516e+03
1.450000e-06	6.274665e-09	2.398361e-08	4.435458e+01	1.578152e+03
1.460000e-06	6.320773e-09	2.400352e-08	4.468052e+01	1.579698e+03
1.470000e-06	6.364765e-09	2.402029e-08	4.499150e+01	1.581039e+03
1.480000e-06	6.406435e-09	2.403512e-08	4.528606e+01	1.582099e+03
1.490000e-06	6.445758e-09	2.404920e-08	4.556403e+01	1.582868e+03
1.500000e-06	6.482933e-09	2.406335e-08	4.582681e+01	1.583402e+03
1.510000e-06	6.517862e-09	2.407759e-08	4.607372e+01	1.583803e+03
1.520000e-06	6.550370e-09	2.409119e-08	4.630352e+01	1.584188e+03
1.530000e-06	6.580594e-09	2.410390e-08	4.651718e+01	1.584649e+03
1.540000e-06	6.608601e-09	2.411497e-08	4.671515e+01	1.585231e+03
1.550000e-06	6.634137e-09	2.412356e-08	4.689567e+01	1.585916e+03
1.560000e-06	6.657178e-09	2.412941e-08	4.705854e+01	1.586632e+03
1.570000e-06	6.677968e-09	2.413548e-08	4.720551e+01	1.587281e+03
1.580000e-06	6.696467e-09	2.414275e-08	4.733628e+01	1.587767e+03
1.590000e-06	6.712455e-09	2.414988e-08	4.744929e+01	1.588029e+03
1.600000e-06	6.725868e-09	2.415595e-08	4.754411e+01	1.588061e+03
1.610000e-06	6.736624e-09	2.416015e-08	4.762015e+01	1.587906e+03
1.620000e-06	6.744761e-09	2.416290e-08	4.767767e+01	1.587649e+03
1.630000e-06	6.750530e-09	2.416351e-08	4.771845e+01	1.587386e+03
1.640000e-06	6.753975e-09	2.416252e-08	4.774281e+01	1.587195e+03
1.650000e-06	6.754970e-09	2.416173e-08	4.774985e+01	1.587112e+03
1.660000e-06	6.753630e-09	2.415896e-08	4.774038e+01	1.587121e+03
1.670000e-06	6.750140e-09	2.415571e-08	4.771571e+01	1.587162e+03
1.680000e-06	6.744367e-09	2.415681e-08	4.767491e+01	1.587152e+03
1.690000e-06	6.736300e-09	2.415574e-08	4.761788e+01	1.587006e+03
1.700000e-06	6.726039e-09	2.415173e-08	4.754535e+01	1.586672e+03
1.710000e-06	6.713439e-09	2.414851e-08	4.745629e+01	1.586137e+03
1.720000e-06	6.698518e-09	2.415429e-08	4.735081e+01	1.585437e+03
1.730000e-06	6.681515e-09	2.413387e-08	4.723063e+01	1.584639e+03
1.740000e-06	6.662285e-09	2.406280e-08	4.709469e+01	1.583824e+03
1.750000e-06	6.640095e-09	2.406634e-08	4.693784e+01	1.583058e+03
1.760000e-06	6.614678e-09	2.409672e-08	4.675817e+01	1.582375e+03
1.770000e-06	6.586611e-09	2.408238e-08	4.655978e+01	1.581768e+03
1.780000e-06	6.556450e-09	2.413227e-08	4.634657e+01	1.581193e+03
1.790000e-06	6.524712e-09	2.409596e-08	4.612222e+01	1.580589e+03
1.800000e-06	6.491510e-09	2.398538e-08	4.588752e+01	1.579895e+03
1.810000e-06	6.456161e-09	2.406952e-08	4.563766e+01	1.579071e+03
1.820000e-06	6.418404e-09	2.403993e-08	4.537076e+01	1.578115e+03
1.830000e-06	6.378491e-09	2.399916e-08	4.508863e+01	1.577056e+03
1.840000e-06	6.336323e-09	2.405636e-08	4.479054e+01	1.575947e+03
1.850000e-06	6.291965e-09	2.395030e-08	4.447699e+01	1.574840e+03
1.860000e-06	6.245312e-09	2.399669e-08	4.414721e+01	1.573770e+03
1.870000e-06	6.196247e-09	2.398611e-08	4.380038e+01	1.572739e+03
1.880000e-06	6.144940e-09	2.394076e-08	4.343770e+01	1.571711e+03
1.890000e-06	6.091055e-09	2.397870e-08	4.305680e+01	1.570620e+03
1.900000e-06	6.034709e-09	2.388269e-08	4.265850e+01	1.569391e+03
1.910000e-06	5.976185e-09	2.391184e-08	4.224481e+01	1.567959e+03
1.920000e-06	5.915346e-09	2.388901e-08	4.181475e+01	1.566295e+03
1.930000e-06	5.852271e-09	2.382584e-08	4.136888e+01	1.564410e+03
1.940000e-06	5.787046e-09	2.383329e-08	4.090782e+01	1.562354e+03
1.950000e-06	5.719757e-09	2.377417e-08	4.043216e+01	1.560204e+03
1.960000e-06	5.650270e-09	2.380781e-08	3.994097e+01	1.558034e+03
1.970000e-06	5.578507e-09	2.374496e-08	3.943369e+01	1.555902e+03
1.980000e-06	5.504675e-09	2.369619e-08	3.891179e+01	1.553822e+03
1.990000e-06	5.428672e-09	2.366998e-08	3.837454e+01	1.551767e+03
2.000000e-06	5.350507e-09	2.360484e-08	3.782201e+01	1.549674e+03
2.010000e-06	5.270357e-09	2.362477e-08	3.725544e+01	1.547464e+03
2.020000e-06	5.188387e-09	2.356072e-08	3.667601e+01	1.545068e+03
2.030000e-06	5.104641e-09	2.353925e-08	3.608403e+01	1.542447e+03
2.040000e-06	5.018994e-09	2.348801e-08	3.547860e+01	1.539606e+03
2.050000e-06	4.931541e-09	2.344688e-08	3.486042e+01	1.536587e+03
2.060000e-06	4.842441e-09	2.341056e-08	3.423058e+01	1.533461e+03
2.070000e-06	4.751744e-09	2.333330e-08	3.358946e+01	1.530301e+03
2.080000e-06	4.659358e-09	2.330364e-08	3.293640e+01	1.527159e+03
2.090000e-06	4.565241e-09	2.325085e-08	3.227110e+01	1.524045e+03
2.100000e-06	4.469487e-09	2.323660e-08	3.159423e+01	1.520927e+03
2.110000e-06	4.372254e-09	2.317894e-08	3.090691e+01	1.517735e+03
2.120000e-06	4.273603e-09	2.311278e-08	3.020956e+01	1.514384e+03
2.130000e-06	4.173414e-09	2.304758e-08	2.950135e+01	1.510799e+03
2.140000e-06	4.071615e-09	2.298598e-08	2.878175e+01	1.506938e+03
2.150000e-06	3.968210e-09	2.293869e-08	2.805079e+01	1.502805e+03
2.160000e-06	3.863367e-09	2.286832e-08	2.730967e+01	1.498449e+03
2.170000e-06	3.757233e-09	2.281287e-08	2.655943e+01	1.493947e+03
2.180000e-06	3.649862e-09	2.275161e-08	2.580044e+01	1.489379e+03
2.190000e-06	3.541223e-09	2.269668e-08	2.503250e+01	1.484800e+03
2.200000e-06	3.431238e-09	2.261904e-08	2.425503e+01	1.480223e+03
2.210000e-06	3.319865e-09	2.253037e-08	2.346775e+01	1.475608e+03
2.220000e-06	3.207133e-09	2.244484e-08	2.267087e+01	1.470877e+03
2.230000e-06	3.093136e-09	2.237558e-08	2.186504e+01	1.465932e+03
2.240000e-06	2.977883e-09	2.230944e-08	2.105034e+01	1.460687e+03
2.250000e-06	2.861414e-09	2.223024e-08	2.022704e+01	1.455093e+03
2.260000e-06	2.743780e-09	2.214074e-08	1.939550e+01	1.449150e+03
2.270000e-06	2.625014e-09	2.204710e-08	1.855597e+01	1.442910e+03
2.280000e-06	2.505201e-09	2.195730e-08	1.770903e+01	1.436456e+03
2.290000e-06	2.384495e-09	2.185502e-08	1.685578e+01	1.429876e+03
2.300000e-06	2.263041e-09	2.174828e-08	1.599724e+01	1.423229e+03
2.310000e-06	2.140895e-09	2.163997e-08	1.513381e+01	1.416525e+03
2.320000e-06	2.018042e-09	2.154526e-08	1.426538e+01	1.409714e+03
2.330000e-06	1.894463e-09	2.144783e-08	1.339182e+01	1.402701e+03
2.340000e-06	1.770191e-09	2.133594e-08	1.251336e+01	1.395369e+03
2.350000e-06	1.645295e-09	2.120770e-08	1.163049e+01	1.387614e+03
2.360000e-06	1.519853e-09	2.107501e-08	1.074376e+01	1.379372e+03
2.370000e-06	1.393909e-09	2.094615e-08	9.853481e+00	1.370643e+03
2.380000e-06	1.267507e-09	2.081402e-08	8.959967e+00	1.361482e+03
2.390000e-06	1.140645e-09	2.067805e-08	8.063197e+00	1.351982e+03
2.400000e-06	1.013342e-09	2.053661e-08	7.163312e+00	1.342236e+03
2.410000e-06	8.856449e-10	2.039600e-08	6.260644e+00	1.332302e+03
2.420000e-06	7.576251e-10	2.024643e-08	5.355691e+00	1.322174e+03
2.430000e-06	6.293756e-10	2.008289e-08	4.449116e+00	1.311772e+03
2.440000e-06	5.009203e-10	1.990371e-08	3.541085e+00	1.300953e+03
2.450000e-06	3.722911e-10	1.971804e-08	2.631825e+00	1.289547e+03
2.460000e-06	2.435274e-10	1.953381e-08	1.721614e+00	1.277391e+03
2.470000e-06	1.146687e-10	1.934615e-08	8.107310e-01	1.264368e+03
2.480000e-06	-1.424643e-11	1.914681e-08	-1.005506e-01	1.250426e+03
2.490000e-06	-1.431821e-10	1.892995e-08	-1.011977e+00	1.235572e+03
2.500000e-06	-2.720898e-10	1.869866e-08	-1.923207e+00	1.219843e+03
2.510000e-06	-4.009268e-10	1.845115e-08	-2.833936e+00	1.203259e+03
2.520000e-06	-5.296657e-10	1.818311e-08	-3.743972e+00	1.185783e+03
2.530000e-06	-6.582687e-10	1.789184e-08	-4.653048e+00	1.167283e+03
2.540000e-06	-7.866881e-10	1.758087e-08	-5.560825e+00	1.147537e+03
2.550000e-06	-9.148544e-10	1.725378e-08	-6.466814e+00	1.126256e+03
2.560000e-06	-1.042671e-09	1.690573e-08	-7.370329e+00	1.103136e+03
2.570000e-06	-1.170071e-09	1.652795e-08	-8.270901e+00	1.077909e+03
2.580000e-06	-1.297003e-09	1.611418e-08	-9.168163e+00	1.050381e+03
2.590000e-06	-1.423436e-09	1.566623e-08	-1.006190e+01	1.020423e+03
2.600000e-06	-1.549349e-09	1.518241e-08	-1.095196e+01	9.879130e+02
2.610000e-06	-1.674687e-09	1.465347e-08	-1.183796e+01	9.526233e+02
2.620000e-06	-1.799378e-09	1.406711e-08	-1.271938e+01	9.140801e+02
2.630000e-06	-1.923337e-09	1.341145e-08	-1.359563e+01	8.714283e+02
2.640000e-06	-2.046504e-09	1.267478e-08	-1.446627e+01	8.233462e+02
2.650000e-06	-2.168868e-09	1.183536e-08	-1.533125e+01	7.680511e+02
2.660000e-06	-2.290441e-09	1.086191e-08	-1.619063e+01	7.034219e+02
2.670000e-06	-2.411230e-09	9.718072e-09	-1.704447e+01	6.272422e+02
2.680000e-06	-2.531165e-09	8.369224e-09	-1.789227e+01	5.375386e+02
2.690000e-06	-2.650093e-09	6.786800e-09	-1.873296e+01	4.329619e+02
2.700000e-06	-2.767944e-09	4.957588e-09	-1.956603e+01	3.131433e+02
2.710000e-06	-2.884697e-09	2.903065e-09	-2.039134e+01	1.789522e+02
2.720000e-06	-3.000276e-09	6.681847e-10	-2.120835e+01	3.259468e+01
2.730000e-06	-3.114606e-09	-1.698242e-09	-2.201653e+01	-1.224800e+02
2.740000e-06	-3.227627e-09	-4.140498e-09	-2.281547e+01	-2.818664e+02
2.750000e-06	-3.339299e-09	-6.595460e-09	-2.360486e+01	-4.406434e+02
2.760000e-06	-3.449641e-09	-8.997007e-09	-2.438485e+01	-5.939000e+02
2.770000e-06	-3.558734e-09	-1.125766e-08	-2.515601e+01	-7.372606e+02
2.780000e-06	-3.666687e-09	-1.328135e-08	-2.591912e+01	-8.673237e+02
2.790000e-06	-3.773531e-09	-1.502555e-08	-2.667438e+01	-9.819444e+02
2.800000e-06	-3.879191e-09	-1.650569e-08	-2.742128e+01	-1.080324e+03
2.810000e-06	-3.983572e-09	-1.775497e-08	-2.815913e+01	-1.162904e+03
2.820000e-06	-4.086512e-09	-1.880253e-08	-2.888681e+01	-1.231102e+03
2.830000e-06	-4.187882e-09	-1.967403e-08	-2.960338e+01	-1.286949e+03
2.840000e-06	-4.287706e-09	-2.039806e-08	-3.030902e+01	-1.332704e+03
2.850000e-06	-4.386058e-09	-2.100262e-08	-3.100426e+01	-1.370515e+03
2.860000e-06	-4.482959e-09	-2.150800e-08	-3.168923e+01	-1.402182e+03
2.870000e-06	-4.578315e-09	-2.192616e-08	-3.236329e+01	-1.429042e+03
2.880000e-06	-4.671963e-09	-2.226982e-08	-3.302528e+01	-1.451977e+03
2.890000e-06	-4.763871e-09	-2.255456e-08	-3.367496e+01	-1.471509e+03
2.900000e-06	-4.854111e-09	-2.279460e-08	-3.431286e+01	-1.487948e+03
2.910000e-06	-4.942648e-09	-2.299577e-08	-3.493872e+01	-1.501537e+03
2.920000e-06	-5.029325e-09	-2.316150e-08	-3.555142e+01	-1.512565e+03
2.930000e-06	-5.114052e-09	-2.329965e-08	-3.615035e+01	-1.521409e+03
2.940000e-06	-5.196946e-09	-2.341816e-08	-3.673632e+01	-1.528535e+03
2.950000e-06	-5.278086e-09	-2.352133e-08	-3.730988e+01	-1.534433e+03
2.960000e-06	-5.357337e-09	-2.360945e-08	-3.787010e+01	-1.539548e+03
2.970000e-06	-5.434444e-09	-2.368268e-08	-3.841516e+01	-1.544212e+03
2.980000e-06	-5.509353e-09	-2.374529e-08	-3.894468e+01	-1.548608e+03
2.990000e-06	-5.582240e-09	-2.380211e-08	-3.945991e+01	-1.552772e+03
3.000000e-06	-5.653133e-09	-2.385312e-08	-3.996104e+01	-1.556634e+03
3.010000e-06	-5.721905e-09	-2.389715e-08	-4.044719e+01	-1.560078e+03
3.020000e-06	-5.788597e-09	-2.393500e-08	-4.091863e+01	-1.563008e+03
3.030000e-06	-5.853335e-09	-2.397129e-08	-4.137625e+01	-1.565395e+03
3.040000e-06	-5.916042e-09	-2.400714e-08	-4.181952e+01	-1.567299e+03
3.050000e-06	-5.976559e-09	-2.403917e-08	-4.224731e+01	-1.568852e+03
3.060000e-06	-6.034905e-09	-2.406413e-08	-4.265975e+01	-1.570227e+03
3.070000e-06	-6.091185e-09	-2.408422e-08	-4.305759e+01	-1.571584e+03
3.080000e-06	-6.145299e-09	-2.410437e-08	-4.344011e+01	-1.573033e+03
3.090000e-06	-6.196969e-09	-2.412492e-08	-4.380537e+01	-1.574601e+03
3.100000e-06	-6.246024e-09	-2.414375e-08	-4.415213e+01	-1.576237e+03
3.110000e-06	-6.292578e-09	-2.415967e-08	-4.448121e+01	-1.577837e+03
3.120000e-06	-6.337010e-09	-2.417559e-08	-4.479530e+01	-1.579279e+03
3.130000e-06	-6.379497e-09	-2.419279e-08	-4.509564e+01	-1.580467e+03
3.140000e-06	-6.419903e-09	-2.420858e-08	-4.538126e+01	-1.581360e+03
3.150000e-06	-6.458044e-09	-2.421813e-08	-4.565088e+01	-1.581987e+03
3.160000e-06	-6.493843e-09	-2.422388e-08	-4.590394e+01	-1.582433e+03
3.170000e-06	-6.527373e-09	-2.423042e-08	-4.614096e+01	-1.582811e+03
3.180000e-06	-6.558608e-09	-2.423974e-08	-4.636176e+01	-1.583231e+03
3.190000e-06	-6.587399e-09	-2.424784e-08	-4.656528e+01	-1.583759e+03
3.200000e-06	-6.613808e-09	-2.425388e-08	-4.675196e+01	-1.584405e+03
3.210000e-06	-6.637939e-09	-2.425817e-08	-4.692255e+01	-1.585118e+03
3.220000e-06	-6.659638e-09	-2.426176e-08	-4.707593e+01	-1.585808e+03
3.230000e-06	-6.678905e-09	-2.426460e-08	-4.721213e+01	-1.586375e+03
3.240000e-06	-6.695876e-09	-2.426502e-08	-4.733210e+01	-1.586739e+03
3.250000e-06	-6.710372e-09	-2.426372e-08	-4.743457e+01	-1.586869e+03
3.260000e-06	-6.722171e-09	-2.426221e-08	-4.751798e+01	-1.586787e+03
3.270000e-06	-6.731421e-09	-2.426323e-08	-4.758337e+01	-1.586564e+03
3.280000e-06	-6.738267e-09	-2.426272e-08	-4.763177e+01	-1.586293e+03
3.290000e-06	-6.742659e-09	-2.425954e-08	-4.766282e+01	-1.586064e+03
3.300000e-06	-6.744714e-09	-2.425264e-08	-4.767735e+01	-1.585933e+03
