# Configuracion:
# Concentracion g/m^3_=_21500.0
# C_Vs_to_Am_M_A/Vsm_=_65563218390.804596
# pendiente_HvsI_1/m_=_3716.3
# ordenada_HvsI_A/m_=_1297.0
# frecuencia_ref_Hz_=_302494.9451905317
# 
Resultados:
# tau_ns_=_(1.65+/-0.11)e+02
# dphi_rad_=_6.59+/-0.02
# SAR_W/g_=_1733.27+/-142.08
# Hc_kA/m_=_20.81+/-1.03
# Mr_A/m_=_1131.88+/-39.39
# Magnetizacion_max_=_1513.39+/-43.02
# Suceptibilidad_a_M=0_=_(1.563+/-0.022)e-01

Nombre_archivo	Time_m_(s)	Temperatura_(ºC)	Mr_(A/m)	Hc_(kA/m)	Campo_max_(A/m)	Mag_max_(A/m)	f0	mag0	dphi0	SAR_(W/g)	Tau_(ns)	N	xi_M_0
300kHz_150dA_100Mss_bobN1M15-0009.txt	7.84	30.61	1171.78	22.49	57041.50	1552.85	3.024411e+05	1.257662e+02	6.615859e+00	1939.44	181.805796	4629	1.543e-01
300kHz_150dA_100Mss_bobN1M15-0010.txt	8.29	34.46	1174.75	22.13	57041.50	1557.80	3.024411e+05	1.262795e+02	6.609498e+00	1911.47	178.066983	4629	1.596e-01
300kHz_150dA_100Mss_bobN1M15-0011.txt	8.75	38.38	1171.97	22.09	57041.50	1550.57	3.024411e+05	1.257661e+02	6.608874e+00	1900.19	177.702483	4629	1.603e-01
300kHz_150dA_100Mss_bobN1M15-0012.txt	9.2	42.12	1162.92	21.80	57041.50	1543.10	3.024411e+05	1.251758e+02	6.603544e+00	1861.39	174.581927	4629	1.570e-01
300kHz_150dA_100Mss_bobN1M15-0013.txt	9.65	45.76	1159.05	21.66	57041.50	1538.13	3.024411e+05	1.248418e+02	6.601349e+00	1844.14	173.300071	4629	1.544e-01
300kHz_150dA_100Mss_bobN1M15-0014.txt	10.1	49.36	1155.08	21.54	57041.50	1534.96	3.024411e+05	1.245898e+02	6.599011e+00	1827.35	171.937937	4629	1.556e-01
300kHz_150dA_100Mss_bobN1M15-0015.txt	10.55	52.78	1151.59	21.37	57041.50	1530.49	3.024411e+05	1.242705e+02	6.596337e+00	1807.74	170.381072	4629	1.568e-01
300kHz_150dA_100Mss_bobN1M15-0016.txt	11.0	56.20	1149.56	21.25	57041.50	1529.06	3.024411e+05	1.241952e+02	6.594176e+00	1794.59	169.126719	4629	1.573e-01
300kHz_150dA_100Mss_bobN1M15-0017.txt	11.45	59.58	1146.73	21.05	57041.50	1529.42	3.024411e+05	1.242023e+02	6.590373e+00	1773.44	166.920598	4629	1.591e-01
300kHz_150dA_100Mss_bobN1M15-0018.txt	11.89	62.88	1146.34	20.87	57041.50	1532.68	3.024411e+05	1.244766e+02	6.587079e+00	1758.89	165.015581	4629	1.555e-01
300kHz_150dA_100Mss_bobN1M15-0019.txt	12.79	69.62	1141.72	20.45	57041.50	1533.60	3.024411e+05	1.245731e+02	6.579346e+00	1716.80	160.556659	4629	1.551e-01
300kHz_150dA_100Mss_bobN1M15-0020.txt	13.28	73.05	1137.51	20.31	57041.50	1531.33	3.024411e+05	1.244127e+02	6.576766e+00	1700.09	159.074132	4629	1.562e-01
300kHz_150dA_100Mss_bobN1M15-0021.txt	13.73	76.02	1127.39	20.10	57041.50	1515.10	3.024411e+05	1.231768e+02	6.573806e+00	1666.71	157.375505	4629	1.577e-01
300kHz_150dA_100Mss_bobN1M15-0022.txt	14.18	78.68	1114.01	19.94	57041.50	1499.37	3.024411e+05	1.219061e+02	6.570573e+00	1631.68	155.524699	4629	1.584e-01
300kHz_150dA_100Mss_bobN1M15-0023.txt	14.63	80.89	1093.50	19.63	57041.50	1478.58	3.024411e+05	1.201937e+02	6.564882e+00	1577.75	152.272566	4629	1.565e-01
300kHz_150dA_100Mss_bobN1M15-0024.txt	15.08	82.96	1074.85	19.45	57041.50	1454.50	3.024411e+05	1.182416e+02	6.561689e+00	1535.00	150.453916	4629	1.514e-01
300kHz_150dA_100Mss_bobN1M15-0025.txt	15.54	84.43	1054.61	19.21	57041.50	1424.52	3.024411e+05	1.159174e+02	6.558252e+00	1486.73	148.498273	4629	1.544e-01
300kHz_150dA_100Mss_bobN1M15-0026.txt	15.99	85.87	1040.44	19.21	57041.50	1404.93	3.024411e+05	1.142907e+02	6.558175e+00	1465.47	148.455780	4629	1.544e-01
