# Configuracion:
# Concentracion g/m^3_=_21500.0
# C_Vs_to_Am_M_A/Vsm_=_65563218390.804596
# pendiente_HvsI_1/m_=_3716.3
# ordenada_HvsI_A/m_=_1297.0
# frecuencia_ref_Hz_=_302264.0430616108
# 
Resultados:
# tau_ns_=_(2.18+/-0.13)e+02
# dphi_rad_=_6.68+/-0.02
# SAR_W/g_=_1945.90+/-132.09
# Hc_kA/m_=_21.43+/-0.97
# Mr_A/m_=_1251.47+/-36.70
# Magnetizacion_max_=_1588.20+/-44.16
# Suceptibilidad_a_M=0_=_(1.894+/-0.039)e-01

Nombre_archivo	Time_m_(s)	Temperatura_(ºC)	Mr_(A/m)	Hc_(kA/m)	Campo_max_(A/m)	Mag_max_(A/m)	f0	mag0	dphi0	SAR_(W/g)	Tau_(ns)	N	xi_M_0
300kHz_125dA_100Mss_bobN1M15-0018.txt	7.24	25.14	1262.09	22.94	47750.75	1609.39	3.021800e+05	1.293929e+02	6.707699e+00	2104.88	238.012751	4633	1.775e-01
300kHz_125dA_100Mss_bobN1M15-0019.txt	8.16	32.93	1268.86	22.71	47750.75	1609.85	3.022453e+05	1.296744e+02	6.703763e+00	2091.53	235.521193	4632	1.870e-01
300kHz_125dA_100Mss_bobN1M15-0020.txt	8.62	36.75	1270.43	22.70	47750.75	1608.76	3.022453e+05	1.296991e+02	6.703570e+00	2091.03	235.399977	4632	1.881e-01
300kHz_125dA_100Mss_bobN1M15-0021.txt	9.07	40.45	1269.43	22.49	47750.75	1606.41	3.021800e+05	1.296665e+02	6.699381e+00	2070.44	232.757282	4633	1.857e-01
300kHz_125dA_100Mss_bobN1M15-0022.txt	9.52	44.01	1268.50	22.40	47750.75	1602.32	3.022453e+05	1.294335e+02	6.697662e+00	2059.13	231.678891	4632	1.899e-01
300kHz_125dA_100Mss_bobN1M15-0023.txt	10.02	47.95	1267.59	22.28	47750.75	1599.13	3.022453e+05	1.292568e+02	6.695193e+00	2044.77	230.126064	4632	1.919e-01
300kHz_125dA_100Mss_bobN1M15-0024.txt	10.47	51.23	1264.21	22.03	47750.75	1597.65	3.022453e+05	1.292098e+02	6.689441e+00	2017.09	226.525546	4632	1.896e-01
300kHz_125dA_100Mss_bobN1M15-0025.txt	10.91	54.44	1266.67	22.01	47750.75	1598.56	3.022453e+05	1.293395e+02	6.689402e+00	2018.93	226.503397	4632	1.901e-01
300kHz_125dA_100Mss_bobN1M15-0026.txt	11.37	57.73	1265.21	21.77	47750.75	1600.99	3.022453e+05	1.295996e+02	6.683730e+00	1996.28	222.971357	4632	1.910e-01
300kHz_125dA_100Mss_bobN1M15-0027.txt	11.82	60.92	1270.01	21.73	47750.75	1603.66	3.022453e+05	1.298959e+02	6.683501e+00	1999.76	222.829107	4632	1.904e-01
300kHz_125dA_100Mss_bobN1M15-0028.txt	12.27	64.12	1272.51	21.53	47750.75	1611.26	3.022453e+05	1.305302e+02	6.678525e+00	1985.88	219.745631	4632	1.947e-01
300kHz_125dA_100Mss_bobN1M15-0029.txt	12.72	67.31	1276.93	21.40	47750.75	1615.81	3.022453e+05	1.309791e+02	6.676084e+00	1981.04	218.238330	4632	1.909e-01
300kHz_125dA_100Mss_bobN1M15-0030.txt	13.17	70.47	1276.56	21.12	47750.75	1620.41	3.022453e+05	1.314385e+02	6.669547e+00	1956.59	214.215143	4632	1.934e-01
300kHz_125dA_100Mss_bobN1M15-0031.txt	13.63	73.65	1278.23	21.02	47750.75	1623.09	3.021800e+05	1.316884e+02	6.667299e+00	1949.05	212.838672	4633	1.903e-01
300kHz_125dA_100Mss_bobN1M15-0032.txt	14.08	76.71	1271.06	20.77	47750.75	1619.71	3.021800e+05	1.314032e+02	6.661436e+00	1916.59	209.254351	4633	1.926e-01
300kHz_125dA_100Mss_bobN1M15-0033.txt	14.54	79.66	1260.26	20.61	47750.75	1606.50	3.021800e+05	1.304274e+02	6.657814e+00	1885.01	207.050038	4633	1.946e-01
300kHz_125dA_100Mss_bobN1M15-0034.txt	14.99	82.54	1242.39	20.38	47750.75	1585.04	3.022453e+05	1.287655e+02	6.652855e+00	1837.89	204.039736	4632	1.936e-01
300kHz_125dA_100Mss_bobN1M15-0035.txt	15.45	84.94	1222.27	20.22	47750.75	1561.29	3.022453e+05	1.268293e+02	6.649163e+00	1793.00	201.807947	4632	1.882e-01
300kHz_125dA_100Mss_bobN1M15-0036.txt	15.9	87.28	1196.95	19.96	47750.75	1531.80	3.022453e+05	1.244987e+02	6.643397e+00	1733.54	198.332084	4632	1.885e-01
300kHz_125dA_100Mss_bobN1M15-0037.txt	16.37	85.88	1169.75	19.78	47750.75	1499.81	3.022453e+05	1.219073e+02	6.638991e+00	1677.58	195.687369	4632	1.864e-01
300kHz_125dA_100Mss_bobN1M15-0038.txt	17.28	85.32	1140.89	20.08	47750.75	1440.67	3.022453e+05	1.173294e+02	6.648059e+00	1653.92	201.140954	4632	1.844e-01
