# Configuracion:
# Concentracion g/m^3_=_21600.0
# C_Vs_to_Am_M_A/Vsm_=_65563218390.804596
# pendiente_HvsI_1/m_=_3716.3
# ordenada_HvsI_A/m_=_1297.0
# frecuencia_ref_Hz_=_302005.62826134823
# 
Resultados:
# tau_ns_=_(2.87+/-0.07)e+02
# dphi_rad_=_6.78+/-0.01
# SAR_W/g_=_1780.49+/-31.56
# Hc_kA/m_=_21.33+/-0.43
# Mr_A/m_=_1143.01+/-45.37
# Magnetizacion_max_=_1503.61+/-34.58
# Suceptibilidad_a_M=0_=_(1.627+/-0.181)e-01

Nombre_archivo	Time_m_(s)	Temperatura_(ºC)	Mr_(A/m)	Hc_(kA/m)	Campo_max_(A/m)	Mag_max_(A/m)	f0	mag0	dphi0	SAR_(W/g)	Tau_(ns)	N	xi_M_0
300kHz_100dA_100Mss_bobN1M15-0007.txt	14.52	24.04	1031.15	21.69	38460.00	1419.78	3.019845e+05	1.092278e+02	6.785848e+00	1665.12	289.758941	4636	1.244e-01
300kHz_100dA_100Mss_bobN1M15-0008.txt	14.97	27.10	1069.77	21.80	38460.00	1454.72	3.019193e+05	1.122797e+02	6.790118e+00	1724.56	292.697387	4637	1.344e-01
300kHz_100dA_100Mss_bobN1M15-0009.txt	15.47	30.45	1086.90	21.81	38460.00	1466.45	3.019193e+05	1.134932e+02	6.791814e+00	1748.51	293.869749	4637	1.432e-01
300kHz_100dA_100Mss_bobN1M15-0010.txt	15.92	33.46	1095.90	21.87	38460.00	1469.48	3.019193e+05	1.138936e+02	6.794618e+00	1763.50	295.809690	4637	1.439e-01
300kHz_100dA_100Mss_bobN1M15-0011.txt	16.37	36.48	1105.65	21.75	38460.00	1478.61	3.019193e+05	1.147935e+02	6.791461e+00	1767.43	293.626743	4637	1.466e-01
300kHz_100dA_100Mss_bobN1M15-0012.txt	16.82	39.49	1113.46	21.79	38460.00	1478.89	3.019193e+05	1.150062e+02	6.794267e+00	1779.62	295.567794	4637	1.479e-01
300kHz_100dA_100Mss_bobN1M15-0013.txt	17.27	42.43	1119.83	21.72	38460.00	1483.16	3.019193e+05	1.155042e+02	6.792537e+00	1781.80	294.368840	4637	1.519e-01
300kHz_100dA_100Mss_bobN1M15-0014.txt	17.72	45.31	1127.10	21.63	38460.00	1488.37	3.019193e+05	1.161006e+02	6.790072e+00	1783.10	292.667546	4637	1.520e-01
300kHz_100dA_100Mss_bobN1M15-0015.txt	18.17	47.10	1132.84	21.61	38460.00	1492.65	3.019193e+05	1.165085e+02	6.790021e+00	1789.20	292.634192	4637	1.539e-01
300kHz_100dA_100Mss_bobN1M15-0016.txt	18.62	47.10	1138.30	21.55	38460.00	1497.42	3.019193e+05	1.169908e+02	6.788406e+00	1791.37	291.520401	4637	1.570e-01
300kHz_100dA_100Mss_bobN1M15-0017.txt	19.06	47.47	1143.09	21.48	38460.00	1502.57	3.019193e+05	1.174444e+02	6.786599e+00	1792.44	290.278221	4637	1.598e-01
300kHz_100dA_100Mss_bobN1M15-0018.txt	19.52	50.32	1148.24	21.42	38460.00	1502.97	3.019193e+05	1.176861e+02	6.785714e+00	1793.24	289.670843	4637	1.646e-01
300kHz_100dA_100Mss_bobN1M15-0019.txt	20.47	56.12	1159.77	21.27	38460.00	1512.39	3.019193e+05	1.186906e+02	6.782389e+00	1797.60	287.393259	4637	1.720e-01
300kHz_100dA_100Mss_bobN1M15-0020.txt	20.95	59.00	1165.30	21.19	38460.00	1515.27	3.019193e+05	1.191235e+02	6.780257e+00	1797.09	285.938325	4637	1.726e-01
300kHz_100dA_100Mss_bobN1M15-0021.txt	21.4	61.58	1168.64	21.16	38460.00	1519.88	3.019193e+05	1.194680e+02	6.779429e+00	1799.54	285.374321	4637	1.773e-01
300kHz_100dA_100Mss_bobN1M15-0022.txt	21.85	64.15	1174.97	21.06	38460.00	1523.59	3.019193e+05	1.199384e+02	6.777447e+00	1800.01	284.025568	4637	1.768e-01
300kHz_100dA_100Mss_bobN1M15-0023.txt	22.29	66.65	1180.29	20.98	38460.00	1528.74	3.019193e+05	1.204544e+02	6.775549e+00	1801.38	282.734301	4637	1.752e-01
300kHz_100dA_100Mss_bobN1M15-0024.txt	22.75	69.28	1184.71	20.87	38460.00	1534.60	3.019193e+05	1.209730e+02	6.771959e+00	1797.02	280.302033	4637	1.798e-01
300kHz_100dA_100Mss_bobN1M15-0025.txt	23.19	71.74	1190.00	20.79	38460.00	1541.96	3.019193e+05	1.216061e+02	6.769496e+00	1798.05	278.642123	4637	1.823e-01
300kHz_100dA_100Mss_bobN1M15-0026.txt	23.64	74.22	1196.86	20.72	38460.00	1547.60	3.019193e+05	1.222296e+02	6.768116e+00	1802.55	277.709317	4637	1.867e-01
300kHz_100dA_100Mss_bobN1M15-0027.txt	24.09	76.65	1203.35	20.58	38460.00	1556.68	3.019193e+05	1.229544e+02	6.764103e+00	1799.42	275.012357	4637	1.872e-01
300kHz_100dA_100Mss_bobN1M15-0028.txt	24.55	78.95	1210.06	20.47	38460.00	1563.63	3.019193e+05	1.236023e+02	6.761031e+00	1798.24	272.957987	4637	1.902e-01
