# Configuracion:
# Concentracion g/m^3_=_21600.0
# C_Vs_to_Am_M_A/Vsm_=_65563218390.804596
# pendiente_HvsI_1/m_=_3716.3
# ordenada_HvsI_A/m_=_1297.0
# frecuencia_ref_Hz_=_302003.4668329302
# 
Resultados:
# tau_ns_=_(2.88+/-0.09)e+02
# dphi_rad_=_6.78+/-0.01
# SAR_W/g_=_1742.43+/-25.39
# Hc_kA/m_=_21.34+/-0.52
# Mr_A/m_=_1120.71+/-40.99
# Magnetizacion_max_=_1468.81+/-30.86
# Suceptibilidad_a_M=0_=_(1.616+/-0.175)e-01

Nombre_archivo	Time_m_(s)	Temperatura_(ºC)	Mr_(A/m)	Hc_(kA/m)	Campo_max_(A/m)	Mag_max_(A/m)	f0	mag0	dphi0	SAR_(W/g)	Tau_(ns)	N	xi_M_0
300kHz_100dA_100Mss_bobN1M15-0011.txt	6.97	22.10	1021.16	21.81	38460.00	1398.31	3.019845e+05	1.076458e+02	6.789505e+00	1651.91	292.260501	4636	1.268e-01
300kHz_100dA_100Mss_bobN1M15-0012.txt	7.42	25.01	1055.11	21.91	38460.00	1426.18	3.019193e+05	1.101763e+02	6.794215e+00	1704.72	295.519945	4637	1.350e-01
300kHz_100dA_100Mss_bobN1M15-0013.txt	7.88	28.10	1067.27	21.94	38460.00	1434.31	3.019193e+05	1.110394e+02	6.795658e+00	1722.49	296.519011	4637	1.379e-01
300kHz_100dA_100Mss_bobN1M15-0014.txt	8.32	31.04	1076.09	21.94	38460.00	1437.98	3.019193e+05	1.115212e+02	6.796739e+00	1733.29	297.272430	4637	1.409e-01
300kHz_100dA_100Mss_bobN1M15-0015.txt	8.78	34.13	1083.96	21.90	38460.00	1443.11	3.019845e+05	1.120408e+02	6.796168e+00	1739.98	296.872113	4636	1.439e-01
300kHz_100dA_100Mss_bobN1M15-0016.txt	9.23	37.16	1089.79	21.87	38460.00	1446.56	3.019845e+05	1.124723e+02	6.795510e+00	1744.64	296.418084	4636	1.468e-01
300kHz_100dA_100Mss_bobN1M15-0017.txt	9.68	40.22	1095.19	21.81	38460.00	1448.06	3.019193e+05	1.127977e+02	6.794402e+00	1745.86	295.649063	4637	1.516e-01
300kHz_100dA_100Mss_bobN1M15-0018.txt	10.13	43.23	1100.70	21.76	38460.00	1452.99	3.019845e+05	1.132437e+02	6.793416e+00	1750.06	294.967433	4636	1.509e-01
300kHz_100dA_100Mss_bobN1M15-0019.txt	11.03	48.99	1110.14	21.69	38460.00	1454.71	3.019193e+05	1.137301e+02	6.792589e+00	1754.60	294.394401	4637	1.542e-01
300kHz_100dA_100Mss_bobN1M15-0020.txt	11.47	51.71	1114.67	21.62	38460.00	1459.29	3.019193e+05	1.141676e+02	6.790702e+00	1755.40	293.092464	4637	1.582e-01
300kHz_100dA_100Mss_bobN1M15-0021.txt	11.92	54.50	1120.66	21.54	38460.00	1461.98	3.019193e+05	1.145990e+02	6.789264e+00	1757.47	292.101316	4637	1.581e-01
300kHz_100dA_100Mss_bobN1M15-0022.txt	12.37	57.18	1124.78	21.44	38460.00	1465.52	3.019193e+05	1.149113e+02	6.786472e+00	1753.38	290.180460	4637	1.614e-01
300kHz_100dA_100Mss_bobN1M15-0023.txt	12.84	59.96	1129.34	21.39	38460.00	1467.34	3.019193e+05	1.152048e+02	6.785774e+00	1755.63	289.698612	4637	1.635e-01
300kHz_100dA_100Mss_bobN1M15-0024.txt	13.28	62.55	1134.97	21.32	38460.00	1471.00	3.019193e+05	1.156474e+02	6.784195e+00	1757.31	288.617057	4637	1.682e-01
300kHz_100dA_100Mss_bobN1M15-0025.txt	13.73	65.21	1141.43	21.23	38460.00	1480.53	3.019193e+05	1.164549e+02	6.781245e+00	1760.04	286.600653	4637	1.715e-01
300kHz_100dA_100Mss_bobN1M15-0026.txt	14.18	67.79	1149.23	21.13	38460.00	1488.10	3.019193e+05	1.171726e+02	6.778889e+00	1763.21	284.991893	4637	1.765e-01
300kHz_100dA_100Mss_bobN1M15-0027.txt	14.62	70.21	1155.94	21.02	38460.00	1496.73	3.019193e+05	1.179286e+02	6.775556e+00	1763.63	282.725106	4637	1.759e-01
300kHz_100dA_100Mss_bobN1M15-0028.txt	15.07	72.64	1162.64	20.90	38460.00	1504.84	3.019193e+05	1.186638e+02	6.771986e+00	1762.81	280.308302	4637	1.761e-01
300kHz_100dA_100Mss_bobN1M15-0029.txt	15.52	74.85	1168.11	20.79	38460.00	1508.64	3.019193e+05	1.191071e+02	6.769617e+00	1761.51	278.707132	4637	1.791e-01
300kHz_100dA_100Mss_bobN1M15-0030.txt	15.97	77.05	1171.85	20.66	38460.00	1515.30	3.019845e+05	1.196613e+02	6.765330e+00	1755.72	275.825368	4636	1.831e-01
300kHz_100dA_100Mss_bobN1M15-0031.txt	16.41	78.72	1172.05	20.55	38460.00	1511.59	3.019193e+05	1.195220e+02	6.762895e+00	1745.13	274.190757	4637	1.883e-01
300kHz_100dA_100Mss_bobN1M15-0032.txt	16.87	80.42	1169.01	20.42	38460.00	1508.20	3.019193e+05	1.193381e+02	6.759369e+00	1730.63	271.835110	4637	1.858e-01
300kHz_100dA_100Mss_bobN1M15-0033.txt	17.32	81.51	1162.11	20.25	38460.00	1501.46	3.019193e+05	1.188919e+02	6.754064e+00	1706.40	268.302403	4637	1.827e-01
