# Temperatura_=_57.131052631578946
# Concentracion g/m^3_=_21500.0
# C_Vs_to_Am_M_A/Vsm_=_65563218390.804596
# pendiente_HvsI_1/m_=_3716.3
# ordenada_HvsI_A/m_=_1297.0
# frecuencia_Hz_=_302550.13799820247
# Promedio de 19 ciclos

Tiempo_(s)	Campo_(V.s)	Magnetizacion_(V.s)	Campo_(kA/m)	Magnetizacion_(A/m)
0.000000e+00	-8.109193e-09	-2.270912e-08	-5.683318e+01	-1.485291e+03
1.000000e-08	-8.105343e-09	-2.270989e-08	-5.680620e+01	-1.484852e+03
2.000000e-08	-8.098862e-09	-2.270334e-08	-5.676078e+01	-1.484321e+03
3.000000e-08	-8.089734e-09	-2.269577e-08	-5.669680e+01	-1.483786e+03
4.000000e-08	-8.077729e-09	-2.269080e-08	-5.661267e+01	-1.483321e+03
5.000000e-08	-8.062775e-09	-2.268001e-08	-5.650786e+01	-1.482963e+03
6.000000e-08	-8.045000e-09	-2.266568e-08	-5.638329e+01	-1.482699e+03
7.000000e-08	-8.024799e-09	-2.264782e-08	-5.624171e+01	-1.482472e+03
8.000000e-08	-8.002132e-09	-2.265478e-08	-5.608285e+01	-1.482200e+03
9.000000e-08	-7.976343e-09	-2.271767e-08	-5.590210e+01	-1.481803e+03
1.000000e-07	-7.947248e-09	-2.268872e-08	-5.569820e+01	-1.481224e+03
1.100000e-07	-7.915156e-09	-2.261729e-08	-5.547328e+01	-1.480450e+03
1.200000e-07	-7.880190e-09	-2.261008e-08	-5.522822e+01	-1.479513e+03
1.300000e-07	-7.842637e-09	-2.260093e-08	-5.496503e+01	-1.478480e+03
1.400000e-07	-7.802875e-09	-2.254848e-08	-5.468636e+01	-1.477433e+03
1.500000e-07	-7.760784e-09	-2.249385e-08	-5.439136e+01	-1.476439e+03
1.600000e-07	-7.715999e-09	-2.258492e-08	-5.407749e+01	-1.475537e+03
1.700000e-07	-7.668501e-09	-2.251173e-08	-5.374460e+01	-1.474724e+03
1.800000e-07	-7.618202e-09	-2.249299e-08	-5.339208e+01	-1.473959e+03
1.900000e-07	-7.564803e-09	-2.256422e-08	-5.301784e+01	-1.473177e+03
2.000000e-07	-7.508552e-09	-2.244399e-08	-5.262360e+01	-1.472314e+03
2.100000e-07	-7.449595e-09	-2.244409e-08	-5.221040e+01	-1.471322e+03
2.200000e-07	-7.387940e-09	-2.238962e-08	-5.177829e+01	-1.470186e+03
2.300000e-07	-7.323647e-09	-2.238212e-08	-5.132770e+01	-1.468921e+03
2.400000e-07	-7.256491e-09	-2.238966e-08	-5.085703e+01	-1.467567e+03
2.500000e-07	-7.186561e-09	-2.233032e-08	-5.036693e+01	-1.466166e+03
2.600000e-07	-7.113868e-09	-2.234431e-08	-4.985746e+01	-1.464748e+03
2.700000e-07	-7.038311e-09	-2.230485e-08	-4.932792e+01	-1.463312e+03
2.800000e-07	-6.959978e-09	-2.229119e-08	-4.877893e+01	-1.461826e+03
2.900000e-07	-6.878880e-09	-2.222112e-08	-4.821055e+01	-1.460234e+03
3.000000e-07	-6.795242e-09	-2.218955e-08	-4.762438e+01	-1.458475e+03
3.100000e-07	-6.709291e-09	-2.217698e-08	-4.702199e+01	-1.456505e+03
3.200000e-07	-6.620989e-09	-2.213252e-08	-4.640312e+01	-1.454312e+03
3.300000e-07	-6.530264e-09	-2.213882e-08	-4.576728e+01	-1.451922e+03
3.400000e-07	-6.437173e-09	-2.207679e-08	-4.511485e+01	-1.449400e+03
3.500000e-07	-6.341796e-09	-2.203124e-08	-4.444640e+01	-1.446825e+03
3.600000e-07	-6.244097e-09	-2.198995e-08	-4.376168e+01	-1.444269e+03
3.700000e-07	-6.144082e-09	-2.195459e-08	-4.306073e+01	-1.441775e+03
3.800000e-07	-6.041855e-09	-2.191234e-08	-4.234427e+01	-1.439340e+03
3.900000e-07	-5.937464e-09	-2.185957e-08	-4.161265e+01	-1.436914e+03
4.000000e-07	-5.830945e-09	-2.183617e-08	-4.086611e+01	-1.434415e+03
4.100000e-07	-5.722395e-09	-2.179470e-08	-4.010534e+01	-1.431750e+03
4.200000e-07	-5.611865e-09	-2.175730e-08	-3.933069e+01	-1.428844e+03
4.300000e-07	-5.499291e-09	-2.168638e-08	-3.854172e+01	-1.425664e+03
4.400000e-07	-5.384587e-09	-2.162625e-08	-3.773782e+01	-1.422223e+03
4.500000e-07	-5.267782e-09	-2.157871e-08	-3.691919e+01	-1.418581e+03
4.600000e-07	-5.148963e-09	-2.153302e-08	-3.608645e+01	-1.414820e+03
4.700000e-07	-5.028286e-09	-2.147837e-08	-3.524069e+01	-1.411018e+03
4.800000e-07	-4.905842e-09	-2.141257e-08	-3.438254e+01	-1.407222e+03
4.900000e-07	-4.781615e-09	-2.135574e-08	-3.351189e+01	-1.403430e+03
5.000000e-07	-4.655645e-09	-2.129320e-08	-3.262904e+01	-1.399591e+03
5.100000e-07	-4.527957e-09	-2.122800e-08	-3.173414e+01	-1.395614e+03
5.200000e-07	-4.398600e-09	-2.114575e-08	-3.082754e+01	-1.391404e+03
5.300000e-07	-4.267629e-09	-2.107065e-08	-2.990963e+01	-1.386883e+03
5.400000e-07	-4.135067e-09	-2.100140e-08	-2.898057e+01	-1.382022e+03
5.500000e-07	-4.000970e-09	-2.093516e-08	-2.804075e+01	-1.376846e+03
5.600000e-07	-3.865345e-09	-2.085416e-08	-2.709023e+01	-1.371428e+03
5.700000e-07	-3.728227e-09	-2.076294e-08	-2.612924e+01	-1.365865e+03
5.800000e-07	-3.589615e-09	-2.067262e-08	-2.515778e+01	-1.360240e+03
5.900000e-07	-3.449478e-09	-2.058678e-08	-2.417563e+01	-1.354598e+03
6.000000e-07	-3.307897e-09	-2.050087e-08	-2.318336e+01	-1.348918e+03
6.100000e-07	-3.165000e-09	-2.040277e-08	-2.218187e+01	-1.343120e+03
6.200000e-07	-3.020893e-09	-2.030388e-08	-2.117190e+01	-1.337081e+03
6.300000e-07	-2.875656e-09	-2.020339e-08	-2.015401e+01	-1.330670e+03
6.400000e-07	-2.729369e-09	-2.010058e-08	-1.912876e+01	-1.323792e+03
6.500000e-07	-2.582135e-09	-1.998370e-08	-1.809686e+01	-1.316409e+03
6.600000e-07	-2.434051e-09	-1.985812e-08	-1.705902e+01	-1.308557e+03
6.700000e-07	-2.285208e-09	-1.973124e-08	-1.601585e+01	-1.300332e+03
6.800000e-07	-2.135642e-09	-1.960898e-08	-1.496762e+01	-1.291852e+03
6.900000e-07	-1.985336e-09	-1.948648e-08	-1.391420e+01	-1.283217e+03
7.000000e-07	-1.834325e-09	-1.935025e-08	-1.285585e+01	-1.274466e+03
7.100000e-07	-1.682683e-09	-1.920427e-08	-1.179307e+01	-1.265553e+03
7.200000e-07	-1.530480e-09	-1.905336e-08	-1.072635e+01	-1.256351e+03
7.300000e-07	-1.377781e-09	-1.889841e-08	-9.656162e+00	-1.246681e+03
7.400000e-07	-1.224619e-09	-1.873186e-08	-8.582732e+00	-1.236364e+03
7.500000e-07	-1.071017e-09	-1.855516e-08	-7.506209e+00	-1.225271e+03
7.600000e-07	-9.170162e-10	-1.837387e-08	-6.426900e+00	-1.213363e+03
7.700000e-07	-7.626764e-10	-1.819029e-08	-5.345212e+00	-1.200701e+03
7.800000e-07	-6.080528e-10	-1.800023e-08	-4.261535e+00	-1.187412e+03
7.900000e-07	-4.532049e-10	-1.779415e-08	-3.176285e+00	-1.173635e+03
8.000000e-07	-2.981767e-10	-1.757255e-08	-2.089772e+00	-1.159443e+03
8.100000e-07	-1.430144e-10	-1.734006e-08	-1.002319e+00	-1.144780e+03
8.200000e-07	1.220708e-11	-1.709688e-08	8.554936e-02	-1.129426e+03
8.300000e-07	1.674620e-10	-1.683592e-08	1.173652e+00	-1.113008e+03
8.400000e-07	3.227205e-10	-1.654954e-08	2.261779e+00	-1.095069e+03
8.500000e-07	4.778765e-10	-1.623824e-08	3.349188e+00	-1.075163e+03
8.600000e-07	6.328555e-10	-1.590312e-08	4.435356e+00	-1.052959e+03
8.700000e-07	7.876281e-10	-1.553960e-08	5.520078e+00	-1.028313e+03
8.800000e-07	9.421749e-10	-1.513810e-08	6.603217e+00	-1.001274e+03
8.900000e-07	1.096422e-09	-1.469689e-08	7.684254e+00	-9.720042e+02
9.000000e-07	1.250287e-09	-1.421757e-08	8.762615e+00	-9.406135e+02
9.100000e-07	1.403690e-09	-1.369461e-08	9.837737e+00	-9.069436e+02
9.200000e-07	1.556569e-09	-1.311532e-08	1.090919e+01	-8.703417e+02
9.300000e-07	1.708896e-09	-1.246186e-08	1.197677e+01	-8.294956e+02
9.400000e-07	1.860599e-09	-1.171756e-08	1.303998e+01	-7.823858e+02
9.500000e-07	2.011595e-09	-1.085831e-08	1.409823e+01	-7.264002e+02
9.600000e-07	2.161807e-09	-9.846558e-09	1.515099e+01	-6.586182e+02
9.700000e-07	2.311188e-09	-8.623553e-09	1.619793e+01	-5.762397e+02
9.800000e-07	2.459708e-09	-7.122098e-09	1.723883e+01	-4.770912e+02
9.900000e-07	2.607341e-09	-5.298720e-09	1.827351e+01	-3.601206e+02
1.000000e-06	2.754041e-09	-3.178552e-09	1.930166e+01	-2.257814e+02
1.010000e-06	2.899744e-09	-8.569109e-10	2.032281e+01	-7.622144e+01
1.020000e-06	3.044411e-09	1.561907e-09	2.133671e+01	8.477657e+01
1.030000e-06	3.187941e-09	4.009600e-09	2.234264e+01	2.521099e+02
1.040000e-06	3.330226e-09	6.456446e-09	2.333984e+01	4.198844e+02
1.050000e-06	3.471173e-09	8.874318e-09	2.432767e+01	5.820732e+02
1.060000e-06	3.610717e-09	1.119021e-08	2.530566e+01	7.331961e+02
1.070000e-06	3.748863e-09	1.329145e-08	2.627386e+01	8.689074e+02
1.080000e-06	3.885580e-09	1.508204e-08	2.723203e+01	9.863974e+02
1.090000e-06	4.020819e-09	1.652708e-08	2.817985e+01	1.084552e+03
1.100000e-06	4.154600e-09	1.766755e-08	2.911746e+01	1.163860e+03
1.110000e-06	4.286907e-09	1.856964e-08	3.004473e+01	1.226108e+03
1.120000e-06	4.417693e-09	1.928321e-08	3.096134e+01	1.273932e+03
1.130000e-06	4.546974e-09	1.984550e-08	3.186741e+01	1.310322e+03
1.140000e-06	4.674687e-09	2.028608e-08	3.276248e+01	1.338174e+03
1.150000e-06	4.800801e-09	2.063231e-08	3.364635e+01	1.359954e+03
1.160000e-06	4.925290e-09	2.090641e-08	3.451883e+01	1.377513e+03
1.170000e-06	5.048050e-09	2.112473e-08	3.537919e+01	1.392069e+03
1.180000e-06	5.169016e-09	2.129843e-08	3.622698e+01	1.404303e+03
1.190000e-06	5.288083e-09	2.143775e-08	3.706146e+01	1.414537e+03
1.200000e-06	5.405135e-09	2.155252e-08	3.788182e+01	1.422927e+03
1.210000e-06	5.520085e-09	2.164984e-08	3.868744e+01	1.429618e+03
1.220000e-06	5.632887e-09	2.173279e-08	3.947802e+01	1.434841e+03
1.230000e-06	5.743628e-09	2.180265e-08	4.025415e+01	1.438929e+03
1.240000e-06	5.852368e-09	2.186323e-08	4.101625e+01	1.442276e+03
1.250000e-06	5.959016e-09	2.191995e-08	4.176369e+01	1.445261e+03
1.260000e-06	6.063455e-09	2.197269e-08	4.249565e+01	1.448174e+03
1.270000e-06	6.165661e-09	2.201840e-08	4.321196e+01	1.451166e+03
1.280000e-06	6.265575e-09	2.205834e-08	4.391221e+01	1.454242e+03
1.290000e-06	6.363099e-09	2.209595e-08	4.459570e+01	1.457290e+03
1.300000e-06	6.458272e-09	2.213294e-08	4.526272e+01	1.460148e+03
1.310000e-06	6.551186e-09	2.216881e-08	4.591390e+01	1.462666e+03
1.320000e-06	6.641792e-09	2.220098e-08	4.654892e+01	1.464766e+03
1.330000e-06	6.729988e-09	2.223100e-08	4.716704e+01	1.466467e+03
1.340000e-06	6.815831e-09	2.226208e-08	4.776866e+01	1.467871e+03
1.350000e-06	6.899323e-09	2.229349e-08	4.835382e+01	1.469136e+03
1.360000e-06	6.980304e-09	2.232166e-08	4.892138e+01	1.470416e+03
1.370000e-06	7.058716e-09	2.234552e-08	4.947092e+01	1.471822e+03
1.380000e-06	7.134485e-09	2.236810e-08	5.000195e+01	1.473386e+03
1.390000e-06	7.207554e-09	2.239104e-08	5.051405e+01	1.475058e+03
1.400000e-06	7.278057e-09	2.241419e-08	5.100817e+01	1.476733e+03
1.410000e-06	7.346014e-09	2.243551e-08	5.148445e+01	1.478283e+03
1.420000e-06	7.411310e-09	2.245509e-08	5.194208e+01	1.479607e+03
1.430000e-06	7.474024e-09	2.247471e-08	5.238161e+01	1.480659e+03
1.440000e-06	7.534251e-09	2.249478e-08	5.280370e+01	1.481461e+03
1.450000e-06	7.591828e-09	2.251259e-08	5.320724e+01	1.482097e+03
1.460000e-06	7.646629e-09	2.252672e-08	5.359131e+01	1.482679e+03
1.470000e-06	7.698414e-09	2.254085e-08	5.395424e+01	1.483315e+03
1.480000e-06	7.747077e-09	2.255635e-08	5.429529e+01	1.484070e+03
1.490000e-06	7.792933e-09	2.257059e-08	5.461668e+01	1.484951e+03
1.500000e-06	7.836068e-09	2.258222e-08	5.491899e+01	1.485904e+03
1.510000e-06	7.876348e-09	2.259150e-08	5.520129e+01	1.486835e+03
1.520000e-06	7.913869e-09	2.260125e-08	5.546426e+01	1.487641e+03
1.530000e-06	7.948623e-09	2.261223e-08	5.570783e+01	1.488245e+03
1.540000e-06	7.980489e-09	2.262165e-08	5.593116e+01	1.488616e+03
1.550000e-06	8.009590e-09	2.263009e-08	5.613511e+01	1.488784e+03
1.560000e-06	8.035807e-09	2.263819e-08	5.631886e+01	1.488823e+03
1.570000e-06	8.059036e-09	2.264598e-08	5.648166e+01	1.488831e+03
1.580000e-06	8.079480e-09	2.265197e-08	5.662494e+01	1.488897e+03
1.590000e-06	8.097052e-09	2.265537e-08	5.674809e+01	1.489070e+03
1.600000e-06	8.111568e-09	2.265934e-08	5.684983e+01	1.489351e+03
1.610000e-06	8.122899e-09	2.266493e-08	5.692924e+01	1.489687e+03
1.620000e-06	8.131096e-09	2.267039e-08	5.698669e+01	1.489992e+03
1.630000e-06	8.136448e-09	2.267336e-08	5.702420e+01	1.490176e+03
1.640000e-06	8.138910e-09	2.267439e-08	5.704146e+01	1.490170e+03
1.650000e-06	8.138493e-09	2.267522e-08	5.703853e+01	1.489952e+03
1.660000e-06	8.135417e-09	2.266798e-08	5.701697e+01	1.489549e+03
1.670000e-06	8.129589e-09	2.266194e-08	5.697613e+01	1.489031e+03
1.680000e-06	8.120995e-09	2.266005e-08	5.691590e+01	1.488488e+03
1.690000e-06	8.109626e-09	2.265695e-08	5.683622e+01	1.488000e+03
1.700000e-06	8.095350e-09	2.265554e-08	5.673617e+01	1.487613e+03
1.710000e-06	8.078498e-09	2.265964e-08	5.661806e+01	1.487329e+03
1.720000e-06	8.059362e-09	2.267283e-08	5.648395e+01	1.487098e+03
1.730000e-06	8.037604e-09	2.262441e-08	5.633146e+01	1.486845e+03
1.740000e-06	8.012567e-09	2.254394e-08	5.615598e+01	1.486485e+03
1.750000e-06	7.983706e-09	2.259234e-08	5.595371e+01	1.485953e+03
1.760000e-06	7.951351e-09	2.261548e-08	5.572695e+01	1.485225e+03
1.770000e-06	7.916454e-09	2.258304e-08	5.548237e+01	1.484323e+03
1.780000e-06	7.879233e-09	2.261451e-08	5.522151e+01	1.483306e+03
1.790000e-06	7.839847e-09	2.268257e-08	5.494548e+01	1.482254e+03
1.800000e-06	7.798541e-09	2.253768e-08	5.465598e+01	1.481241e+03
1.810000e-06	7.754706e-09	2.255590e-08	5.434876e+01	1.480313e+03
1.820000e-06	7.708041e-09	2.259838e-08	5.402171e+01	1.479480e+03
1.830000e-06	7.658583e-09	2.244274e-08	5.367509e+01	1.478707e+03
1.840000e-06	7.605839e-09	2.256116e-08	5.330543e+01	1.477935e+03
1.850000e-06	7.550129e-09	2.246972e-08	5.291499e+01	1.477097e+03
1.860000e-06	7.491783e-09	2.250777e-08	5.250608e+01	1.476139e+03
1.870000e-06	7.430732e-09	2.251195e-08	5.207820e+01	1.475037e+03
1.880000e-06	7.367042e-09	2.242900e-08	5.163183e+01	1.473800e+03
1.890000e-06	7.300464e-09	2.251535e-08	5.116522e+01	1.472463e+03
1.900000e-06	7.231051e-09	2.238800e-08	5.067874e+01	1.471070e+03
1.910000e-06	7.158772e-09	2.245269e-08	5.017217e+01	1.469654e+03
1.920000e-06	7.083669e-09	2.239323e-08	4.964582e+01	1.468223e+03
1.930000e-06	7.005791e-09	2.238878e-08	4.910000e+01	1.466753e+03
1.940000e-06	6.925224e-09	2.240183e-08	4.853535e+01	1.465192e+03
1.950000e-06	6.842241e-09	2.229927e-08	4.795377e+01	1.463480e+03
1.960000e-06	6.756693e-09	2.235736e-08	4.735421e+01	1.461564e+03
1.970000e-06	6.668599e-09	2.222539e-08	4.673680e+01	1.459425e+03
1.980000e-06	6.578158e-09	2.222774e-08	4.610294e+01	1.457078e+03
1.990000e-06	6.485430e-09	2.218755e-08	4.545306e+01	1.454581e+03
2.000000e-06	6.390370e-09	2.216885e-08	4.478684e+01	1.452011e+03
2.010000e-06	6.293025e-09	2.216755e-08	4.410459e+01	1.449444e+03
2.020000e-06	6.193470e-09	2.208847e-08	4.340686e+01	1.446932e+03
2.030000e-06	6.091622e-09	2.208994e-08	4.269307e+01	1.444484e+03
2.040000e-06	5.987599e-09	2.200188e-08	4.196402e+01	1.442061e+03
2.050000e-06	5.881521e-09	2.199507e-08	4.122057e+01	1.439588e+03
2.060000e-06	5.773476e-09	2.192087e-08	4.046334e+01	1.436972e+03
2.070000e-06	5.663354e-09	2.189354e-08	3.969155e+01	1.434131e+03
2.080000e-06	5.551102e-09	2.185459e-08	3.890483e+01	1.431018e+03
2.090000e-06	5.436740e-09	2.180817e-08	3.810333e+01	1.427638e+03
2.100000e-06	5.320268e-09	2.177083e-08	3.728704e+01	1.424038e+03
2.110000e-06	5.201797e-09	2.169385e-08	3.645674e+01	1.420297e+03
2.120000e-06	5.081392e-09	2.164575e-08	3.561288e+01	1.416498e+03
2.130000e-06	4.959199e-09	2.157748e-08	3.475649e+01	1.412698e+03
2.140000e-06	4.835208e-09	2.154203e-08	3.388750e+01	1.408907e+03
2.150000e-06	4.709429e-09	2.147344e-08	3.300598e+01	1.405086e+03
2.160000e-06	4.581890e-09	2.142035e-08	3.211213e+01	1.401152e+03
2.170000e-06	4.452715e-09	2.134739e-08	3.120681e+01	1.397008e+03
2.180000e-06	4.321967e-09	2.128839e-08	3.029046e+01	1.392569e+03
2.190000e-06	4.189624e-09	2.120779e-08	2.936293e+01	1.387791e+03
2.200000e-06	4.055736e-09	2.113140e-08	2.842458e+01	1.382688e+03
2.210000e-06	3.920284e-09	2.105197e-08	2.747527e+01	1.377321e+03
2.220000e-06	3.783267e-09	2.098035e-08	2.651498e+01	1.371784e+03
2.230000e-06	3.644770e-09	2.091370e-08	2.554433e+01	1.366168e+03
2.240000e-06	3.504902e-09	2.082543e-08	2.456407e+01	1.360528e+03
2.250000e-06	3.363691e-09	2.074154e-08	2.357439e+01	1.354862e+03
2.260000e-06	3.221185e-09	2.063708e-08	2.257564e+01	1.349103e+03
2.270000e-06	3.077428e-09	2.054876e-08	2.156812e+01	1.343135e+03
2.280000e-06	2.932557e-09	2.044238e-08	2.055280e+01	1.336828e+03
2.290000e-06	2.786630e-09	2.034394e-08	1.953007e+01	1.330072e+03
2.300000e-06	2.639743e-09	2.023459e-08	1.850061e+01	1.322813e+03
2.310000e-06	2.491975e-09	2.013161e-08	1.746498e+01	1.315071e+03
2.320000e-06	2.343380e-09	2.002034e-08	1.642355e+01	1.306927e+03
2.330000e-06	2.193986e-09	1.989506e-08	1.537653e+01	1.298498e+03
2.340000e-06	2.043816e-09	1.976555e-08	1.432406e+01	1.289895e+03
2.350000e-06	1.892990e-09	1.962818e-08	1.326700e+01	1.281173e+03
2.360000e-06	1.741545e-09	1.949726e-08	1.220560e+01	1.272309e+03
2.370000e-06	1.589559e-09	1.935346e-08	1.114041e+01	1.263193e+03
2.380000e-06	1.437035e-09	1.920604e-08	1.007144e+01	1.253657e+03
2.390000e-06	1.283997e-09	1.904649e-08	8.998884e+00	1.243515e+03
2.400000e-06	1.130512e-09	1.888444e-08	7.923180e+00	1.232622e+03
2.410000e-06	9.766266e-10	1.871231e-08	6.844679e+00	1.220916e+03
2.420000e-06	8.223982e-10	1.852824e-08	5.763771e+00	1.208431e+03
2.430000e-06	6.678855e-10	1.833392e-08	4.680871e+00	1.195284e+03
2.440000e-06	5.131487e-10	1.813350e-08	3.596400e+00	1.181617e+03
2.450000e-06	3.582071e-10	1.792848e-08	2.510494e+00	1.167528e+03
2.460000e-06	2.031163e-10	1.770990e-08	1.423542e+00	1.152996e+03
2.470000e-06	4.793084e-11	1.747340e-08	3.359270e-01	1.137843e+03
2.480000e-06	-1.072890e-10	1.721517e-08	-7.519293e-01	1.121730e+03
2.490000e-06	-2.624832e-10	1.693942e-08	-1.839606e+00	1.104215e+03
2.500000e-06	-4.176104e-10	1.664275e-08	-2.926813e+00	1.084837e+03
2.510000e-06	-5.726154e-10	1.631808e-08	-4.013163e+00	1.063228e+03
2.520000e-06	-7.274263e-10	1.596082e-08	-5.098153e+00	1.039194e+03
2.530000e-06	-8.819983e-10	1.557397e-08	-6.181469e+00	1.012740e+03
2.540000e-06	-1.036281e-09	1.515768e-08	-7.262754e+00	9.840104e+02
2.550000e-06	-1.190185e-09	1.470210e-08	-8.341392e+00	9.531491e+02
2.560000e-06	-1.343610e-09	1.419552e-08	-9.416668e+00	9.200864e+02
2.570000e-06	-1.496484e-09	1.363259e-08	-1.048808e+01	8.843120e+02
2.580000e-06	-1.648781e-09	1.300642e-08	-1.155546e+01	8.446882e+02
2.590000e-06	-1.800465e-09	1.230179e-08	-1.261853e+01	7.993687e+02
2.600000e-06	-1.951481e-09	1.149039e-08	-1.367693e+01	7.458692e+02
2.610000e-06	-2.101776e-09	1.053717e-08	-1.473027e+01	6.813109e+02
2.620000e-06	-2.251275e-09	9.397582e-09	-1.577803e+01	6.028177e+02
2.630000e-06	-2.399918e-09	8.009007e-09	-1.681979e+01	5.080109e+02
2.640000e-06	-2.547683e-09	6.304909e-09	-1.785540e+01	3.955161e+02
2.650000e-06	-2.694510e-09	4.267278e-09	-1.888444e+01	2.653839e+02
2.660000e-06	-2.840335e-09	1.968538e-09	-1.990645e+01	1.193339e+02
2.670000e-06	-2.985116e-09	-4.853198e-10	-2.092115e+01	-3.924003e+01
2.680000e-06	-3.128738e-09	-3.009858e-09	-2.192772e+01	-2.055228e+02
2.690000e-06	-3.271100e-09	-5.548924e-09	-2.292546e+01	-3.737597e+02
2.700000e-06	-3.412180e-09	-8.066427e-09	-2.391422e+01	-5.378921e+02
2.710000e-06	-3.551958e-09	-1.049773e-08	-2.489385e+01	-6.922428e+02
2.720000e-06	-3.690371e-09	-1.273815e-08	-2.586392e+01	-8.321361e+02
2.730000e-06	-3.827391e-09	-1.467542e-08	-2.682422e+01	-9.543534e+02
2.740000e-06	-3.963009e-09	-1.625654e-08	-2.777470e+01	-1.057356e+03
2.750000e-06	-4.097187e-09	-1.751080e-08	-2.871508e+01	-1.141253e+03
2.760000e-06	-4.229922e-09	-1.849888e-08	-2.964536e+01	-1.207545e+03
2.770000e-06	-4.361180e-09	-1.927714e-08	-3.056527e+01	-1.258701e+03
2.780000e-06	-4.490931e-09	-1.989086e-08	-3.147463e+01	-1.297668e+03
2.790000e-06	-4.619152e-09	-2.037669e-08	-3.237327e+01	-1.327403e+03
2.800000e-06	-4.745757e-09	-2.075944e-08	-3.326058e+01	-1.350503e+03
2.810000e-06	-4.870710e-09	-2.105861e-08	-3.413631e+01	-1.368980e+03
2.820000e-06	-4.993948e-09	-2.129210e-08	-3.500002e+01	-1.384206e+03
2.830000e-06	-5.115406e-09	-2.147748e-08	-3.585126e+01	-1.396981e+03
2.840000e-06	-5.235009e-09	-2.162723e-08	-3.668950e+01	-1.407698e+03
2.850000e-06	-5.352602e-09	-2.174840e-08	-3.751364e+01	-1.416538e+03
2.860000e-06	-5.468023e-09	-2.184717e-08	-3.832257e+01	-1.423637e+03
2.870000e-06	-5.581160e-09	-2.193121e-08	-3.911549e+01	-1.429201e+03
2.880000e-06	-5.692046e-09	-2.200567e-08	-3.989263e+01	-1.433538e+03
2.890000e-06	-5.800833e-09	-2.207126e-08	-4.065506e+01	-1.437033e+03
2.900000e-06	-5.907646e-09	-2.212783e-08	-4.140367e+01	-1.440077e+03
2.910000e-06	-6.012428e-09	-2.217663e-08	-4.213803e+01	-1.442989e+03
2.920000e-06	-6.114979e-09	-2.222064e-08	-4.285676e+01	-1.445957e+03
2.930000e-06	-6.215217e-09	-2.226221e-08	-4.355927e+01	-1.449020e+03
2.940000e-06	-6.313221e-09	-2.230040e-08	-4.424613e+01	-1.452090e+03
2.950000e-06	-6.409030e-09	-2.233436e-08	-4.491761e+01	-1.455012e+03
2.960000e-06	-6.502534e-09	-2.236641e-08	-4.557293e+01	-1.457627e+03
2.970000e-06	-6.593682e-09	-2.239709e-08	-4.621174e+01	-1.459835e+03
2.980000e-06	-6.682523e-09	-2.242616e-08	-4.683438e+01	-1.461630e+03
2.990000e-06	-6.768962e-09	-2.245279e-08	-4.744019e+01	-1.463096e+03
3.000000e-06	-6.852897e-09	-2.247721e-08	-4.802845e+01	-1.464381e+03
3.010000e-06	-6.934441e-09	-2.250030e-08	-4.859994e+01	-1.465645e+03
3.020000e-06	-7.013531e-09	-2.252226e-08	-4.915425e+01	-1.467015e+03
3.030000e-06	-7.089877e-09	-2.254260e-08	-4.968932e+01	-1.468541e+03
3.040000e-06	-7.163501e-09	-2.255944e-08	-5.020531e+01	-1.470196e+03
3.050000e-06	-7.234518e-09	-2.257413e-08	-5.070303e+01	-1.471883e+03
3.060000e-06	-7.302896e-09	-2.258876e-08	-5.118226e+01	-1.473476e+03
3.070000e-06	-7.368727e-09	-2.260492e-08	-5.164364e+01	-1.474865e+03
3.080000e-06	-7.432018e-09	-2.262081e-08	-5.208721e+01	-1.475986e+03
3.090000e-06	-7.492638e-09	-2.263622e-08	-5.251207e+01	-1.476846e+03
3.100000e-06	-7.550582e-09	-2.265021e-08	-5.291816e+01	-1.477514e+03
3.110000e-06	-7.605796e-09	-2.266385e-08	-5.330513e+01	-1.478100e+03
3.120000e-06	-7.658091e-09	-2.267505e-08	-5.367164e+01	-1.478715e+03
3.130000e-06	-7.707301e-09	-2.268185e-08	-5.401652e+01	-1.479438e+03
3.140000e-06	-7.753485e-09	-2.268682e-08	-5.434021e+01	-1.480292e+03
3.150000e-06	-7.797043e-09	-2.269369e-08	-5.464548e+01	-1.481235e+03
3.160000e-06	-7.838120e-09	-2.270238e-08	-5.493337e+01	-1.482182e+03
3.170000e-06	-7.876432e-09	-2.271109e-08	-5.520188e+01	-1.483030e+03
3.180000e-06	-7.911897e-09	-2.271851e-08	-5.545043e+01	-1.483690e+03
3.190000e-06	-7.944586e-09	-2.272467e-08	-5.567954e+01	-1.484120e+03
3.200000e-06	-7.974343e-09	-2.272922e-08	-5.588809e+01	-1.484334e+03
3.210000e-06	-8.001173e-09	-2.273150e-08	-5.607612e+01	-1.484397e+03
3.220000e-06	-8.025212e-09	-2.273117e-08	-5.624460e+01	-1.484405e+03
3.230000e-06	-8.046323e-09	-2.272913e-08	-5.639256e+01	-1.484451e+03
3.240000e-06	-8.064553e-09	-2.272845e-08	-5.652032e+01	-1.484596e+03
3.250000e-06	-8.079906e-09	-2.272895e-08	-5.662792e+01	-1.484855e+03
3.260000e-06	-8.092056e-09	-2.272821e-08	-5.671308e+01	-1.485185e+03
3.270000e-06	-8.101107e-09	-2.272503e-08	-5.677651e+01	-1.485507e+03
3.280000e-06	-8.107218e-09	-2.272250e-08	-5.681934e+01	-1.485730e+03
3.290000e-06	-8.110435e-09	-2.271959e-08	-5.684189e+01	-1.485777e+03
3.300000e-06	-8.110892e-09	-2.271520e-08	-5.684509e+01	-1.485612e+03
