# Configuracion:
# Concentracion g/m^3_=_21500.0
# C_Vs_to_Am_M_A/Vsm_=_65563218390.804596
# pendiente_HvsI_1/m_=_3716.3
# ordenada_HvsI_A/m_=_1297.0
# frecuencia_ref_Hz_=_302574.89719804673
# 
Resultados:
# tau_ns_=_(1.64+/-0.10)e+02
# dphi_rad_=_6.58+/-0.02
# SAR_W/g_=_1674.15+/-166.29
# Hc_kA/m_=_20.56+/-0.99
# Mr_A/m_=_1108.88+/-58.19
# Magnetizacion_max_=_1460.02+/-72.16
# Suceptibilidad_a_M=0_=_(1.558+/-0.019)e-01

Nombre_archivo	Time_m_(s)	Temperatura_(ºC)	Mr_(A/m)	Hc_(kA/m)	Campo_max_(A/m)	Mag_max_(A/m)	f0	mag0	dphi0	SAR_(W/g)	Tau_(ns)	N	xi_M_0
300kHz_150dA_100Mss_bobN1M15-0013.txt	6.22	24.58	1162.79	22.11	57041.50	1527.24	3.025719e+05	1.240208e+02	6.611377e+00	1888.51	179.105107	4627	1.583e-01
300kHz_150dA_100Mss_bobN1M15-0014.txt	6.67	28.63	1170.69	21.90	57041.50	1535.39	3.025719e+05	1.248305e+02	6.607957e+00	1881.74	177.100237	4627	1.577e-01
300kHz_150dA_100Mss_bobN1M15-0015.txt	7.11	32.54	1165.84	21.77	57041.50	1530.38	3.025719e+05	1.244581e+02	6.605606e+00	1863.02	175.724406	4627	1.549e-01
300kHz_150dA_100Mss_bobN1M15-0016.txt	7.59	36.62	1164.13	21.73	57041.50	1522.80	3.025719e+05	1.239371e+02	6.605752e+00	1856.04	175.811055	4627	1.548e-01
300kHz_150dA_100Mss_bobN1M15-0017.txt	8.04	40.42	1156.76	21.53	57041.50	1512.21	3.025719e+05	1.231797e+02	6.602304e+00	1825.65	173.795548	4627	1.567e-01
300kHz_150dA_100Mss_bobN1M15-0018.txt	8.48	43.99	1150.81	21.33	57041.50	1510.44	3.025719e+05	1.229858e+02	6.598427e+00	1801.38	171.536759	4627	1.592e-01
300kHz_150dA_100Mss_bobN1M15-0019.txt	9.39	51.24	1144.54	21.08	57041.50	1501.13	3.025719e+05	1.223401e+02	6.594460e+00	1770.11	169.231819	4627	1.566e-01
300kHz_150dA_100Mss_bobN1M15-0020.txt	9.84	54.75	1142.55	20.99	57041.50	1498.56	3.025719e+05	1.221345e+02	6.592782e+00	1757.92	168.259042	4627	1.576e-01
300kHz_150dA_100Mss_bobN1M15-0021.txt	10.29	58.20	1137.73	20.75	57041.50	1493.80	3.025719e+05	1.218187e+02	6.588651e+00	1730.71	165.866137	4627	1.542e-01
300kHz_150dA_100Mss_bobN1M15-0022.txt	10.75	61.70	1135.32	20.62	57041.50	1494.17	3.025719e+05	1.218407e+02	6.586170e+00	1717.40	164.432834	4627	1.557e-01
300kHz_150dA_100Mss_bobN1M15-0023.txt	11.21	65.11	1128.35	20.40	57041.50	1491.36	3.025719e+05	1.215469e+02	6.581807e+00	1689.33	161.916713	4627	1.583e-01
300kHz_150dA_100Mss_bobN1M15-0024.txt	11.66	68.35	1114.70	20.10	57041.50	1473.20	3.025719e+05	1.202030e+02	6.576797e+00	1643.44	159.035030	4627	1.553e-01
300kHz_150dA_100Mss_bobN1M15-0025.txt	12.11	71.48	1102.85	19.99	57041.50	1459.58	3.025719e+05	1.190341e+02	6.574557e+00	1615.40	157.750962	4627	1.564e-01
300kHz_150dA_100Mss_bobN1M15-0026.txt	12.59	74.46	1083.61	19.78	57041.50	1437.49	3.025719e+05	1.172475e+02	6.570571e+00	1569.99	155.469020	4627	1.537e-01
300kHz_150dA_100Mss_bobN1M15-0027.txt	13.04	77.18	1062.36	19.54	57041.50	1403.71	3.025719e+05	1.146532e+02	6.567818e+00	1520.94	153.895280	4627	1.547e-01
300kHz_150dA_100Mss_bobN1M15-0028.txt	13.49	79.20	1042.48	19.45	57041.50	1378.41	3.025719e+05	1.125585e+02	6.565919e+00	1483.46	152.812038	4627	1.552e-01
300kHz_150dA_100Mss_bobN1M15-0029.txt	13.94	81.23	1021.70	19.31	57041.50	1352.65	3.025719e+05	1.104008e+02	6.563121e+00	1441.01	151.217327	4627	1.552e-01
300kHz_150dA_100Mss_bobN1M15-0030.txt	14.39	82.40	998.70	19.05	57041.50	1323.24	3.025719e+05	1.080374e+02	6.558532e+00	1387.64	148.607259	4627	1.509e-01
300kHz_150dA_100Mss_bobN1M15-0031.txt	14.84	83.43	982.73	19.09	57041.50	1294.57	3.025719e+05	1.057569e+02	6.559963e+00	1365.23	149.420429	4627	1.549e-01
