# Temperatura_=_58.71105263157896
# Concentracion g/m^3_=_21500.0
# C_Vs_to_Am_M_A/Vsm_=_65563218390.804596
# pendiente_HvsI_1/m_=_3716.3
# ordenada_HvsI_A/m_=_1297.0
# frecuencia_Hz_=_302574.89719804673
# Promedio de 19 ciclos

Tiempo_(s)	Campo_(V.s)	Magnetizacion_(V.s)	Campo_(kA/m)	Magnetizacion_(A/m)
0.000000e+00	-8.094205e-09	-2.224890e-08	-5.683029e+01	-1.455104e+03
1.000000e-08	-8.090766e-09	-2.225418e-08	-5.680614e+01	-1.454689e+03
2.000000e-08	-8.084691e-09	-2.224971e-08	-5.676348e+01	-1.454211e+03
3.000000e-08	-8.076007e-09	-2.224152e-08	-5.670251e+01	-1.453753e+03
4.000000e-08	-8.064470e-09	-2.223474e-08	-5.662151e+01	-1.453377e+03
5.000000e-08	-8.049980e-09	-2.222451e-08	-5.651977e+01	-1.453099e+03
6.000000e-08	-8.032636e-09	-2.220987e-08	-5.639800e+01	-1.452890e+03
7.000000e-08	-8.012828e-09	-2.219022e-08	-5.625893e+01	-1.452683e+03
8.000000e-08	-7.990628e-09	-2.219174e-08	-5.610306e+01	-1.452397e+03
9.000000e-08	-7.965395e-09	-2.223316e-08	-5.592589e+01	-1.451965e+03
1.000000e-07	-7.936837e-09	-2.221900e-08	-5.572538e+01	-1.451352e+03
1.100000e-07	-7.905272e-09	-2.217341e-08	-5.550376e+01	-1.450570e+03
1.200000e-07	-7.870819e-09	-2.215393e-08	-5.526186e+01	-1.449669e+03
1.300000e-07	-7.833697e-09	-2.213162e-08	-5.500123e+01	-1.448725e+03
1.400000e-07	-7.794340e-09	-2.209200e-08	-5.472490e+01	-1.447808e+03
1.500000e-07	-7.752701e-09	-2.206606e-08	-5.443255e+01	-1.446965e+03
1.600000e-07	-7.708413e-09	-2.212119e-08	-5.412160e+01	-1.446202e+03
1.700000e-07	-7.661378e-09	-2.205265e-08	-5.379135e+01	-1.445481e+03
1.800000e-07	-7.611570e-09	-2.205233e-08	-5.344165e+01	-1.444736e+03
1.900000e-07	-7.558697e-09	-2.209105e-08	-5.307042e+01	-1.443893e+03
2.000000e-07	-7.502943e-09	-2.200167e-08	-5.267897e+01	-1.442897e+03
2.100000e-07	-7.444513e-09	-2.199698e-08	-5.226872e+01	-1.441727e+03
2.200000e-07	-7.383386e-09	-2.194240e-08	-5.183954e+01	-1.440406e+03
2.300000e-07	-7.319644e-09	-2.194554e-08	-5.139200e+01	-1.438991e+03
2.400000e-07	-7.253056e-09	-2.194461e-08	-5.092448e+01	-1.437554e+03
2.500000e-07	-7.183662e-09	-2.189418e-08	-5.043726e+01	-1.436152e+03
2.600000e-07	-7.111531e-09	-2.188705e-08	-4.993082e+01	-1.434813e+03
2.700000e-07	-7.036536e-09	-2.185512e-08	-4.940427e+01	-1.433514e+03
2.800000e-07	-6.958755e-09	-2.183788e-08	-4.885816e+01	-1.432192e+03
2.900000e-07	-6.878206e-09	-2.177726e-08	-4.829262e+01	-1.430759e+03
3.000000e-07	-6.795099e-09	-2.175276e-08	-4.770912e+01	-1.429128e+03
3.100000e-07	-6.709679e-09	-2.172982e-08	-4.710937e+01	-1.427243e+03
3.200000e-07	-6.621900e-09	-2.169614e-08	-4.649306e+01	-1.425096e+03
3.300000e-07	-6.531696e-09	-2.169533e-08	-4.585973e+01	-1.422735e+03
3.400000e-07	-6.439127e-09	-2.164353e-08	-4.520980e+01	-1.420246e+03
3.500000e-07	-6.344270e-09	-2.159576e-08	-4.454379e+01	-1.417733e+03
3.600000e-07	-6.247093e-09	-2.155522e-08	-4.386150e+01	-1.415281e+03
3.700000e-07	-6.147598e-09	-2.152366e-08	-4.316294e+01	-1.412932e+03
3.800000e-07	-6.045906e-09	-2.148381e-08	-4.244894e+01	-1.410667e+03
3.900000e-07	-5.942035e-09	-2.143704e-08	-4.171965e+01	-1.408413e+03
4.000000e-07	-5.836022e-09	-2.140713e-08	-4.097533e+01	-1.406061e+03
4.100000e-07	-5.727974e-09	-2.136772e-08	-4.021671e+01	-1.403499e+03
4.200000e-07	-5.617957e-09	-2.132695e-08	-3.944427e+01	-1.400647e+03
4.300000e-07	-5.505897e-09	-2.125942e-08	-3.865749e+01	-1.397480e+03
4.400000e-07	-5.391705e-09	-2.119840e-08	-3.785573e+01	-1.394036e+03
4.500000e-07	-5.275417e-09	-2.115129e-08	-3.703926e+01	-1.390402e+03
4.600000e-07	-5.157101e-09	-2.110887e-08	-3.620855e+01	-1.386690e+03
4.700000e-07	-5.036905e-09	-2.105935e-08	-3.536464e+01	-1.382995e+03
4.800000e-07	-4.914944e-09	-2.099712e-08	-3.450834e+01	-1.379365e+03
4.900000e-07	-4.791198e-09	-2.093653e-08	-3.363950e+01	-1.375784e+03
5.000000e-07	-4.665693e-09	-2.087380e-08	-3.275832e+01	-1.372174e+03
5.100000e-07	-4.538490e-09	-2.080988e-08	-3.186521e+01	-1.368415e+03
5.200000e-07	-4.409620e-09	-2.073463e-08	-3.096040e+01	-1.364383e+03
5.300000e-07	-4.279130e-09	-2.066319e-08	-3.004422e+01	-1.359988e+03
5.400000e-07	-4.147031e-09	-2.059741e-08	-2.911674e+01	-1.355203e+03
5.500000e-07	-4.013400e-09	-2.053273e-08	-2.817850e+01	-1.350070e+03
5.600000e-07	-3.878249e-09	-2.045326e-08	-2.722959e+01	-1.344690e+03
5.700000e-07	-3.741580e-09	-2.036280e-08	-2.627002e+01	-1.339187e+03
5.800000e-07	-3.603447e-09	-2.027334e-08	-2.530017e+01	-1.333666e+03
5.900000e-07	-3.463801e-09	-2.018939e-08	-2.431970e+01	-1.328179e+03
6.000000e-07	-3.322679e-09	-2.010489e-08	-2.332887e+01	-1.322696e+03
6.100000e-07	-3.180217e-09	-2.001071e-08	-2.232863e+01	-1.317118e+03
6.200000e-07	-3.036526e-09	-1.991431e-08	-2.131976e+01	-1.311295e+03
6.300000e-07	-2.891714e-09	-1.981642e-08	-2.030302e+01	-1.305075e+03
6.400000e-07	-2.745821e-09	-1.971540e-08	-1.927869e+01	-1.298351e+03
6.500000e-07	-2.598934e-09	-1.960135e-08	-1.824738e+01	-1.291090e+03
6.600000e-07	-2.451211e-09	-1.947975e-08	-1.721020e+01	-1.283347e+03
6.700000e-07	-2.302719e-09	-1.935725e-08	-1.616762e+01	-1.275242e+03
6.800000e-07	-2.153483e-09	-1.923741e-08	-1.511982e+01	-1.266922e+03
6.900000e-07	-2.003533e-09	-1.911624e-08	-1.406701e+01	-1.258505e+03
7.000000e-07	-1.852895e-09	-1.898349e-08	-1.300935e+01	-1.250029e+03
7.100000e-07	-1.701619e-09	-1.884084e-08	-1.194723e+01	-1.241436e+03
7.200000e-07	-1.549774e-09	-1.869361e-08	-1.088111e+01	-1.232569e+03
7.300000e-07	-1.397415e-09	-1.854240e-08	-9.811380e+00	-1.223220e+03
7.400000e-07	-1.244565e-09	-1.838042e-08	-8.738208e+00	-1.213183e+03
7.500000e-07	-1.091266e-09	-1.820933e-08	-7.661881e+00	-1.202321e+03
7.600000e-07	-9.375798e-10	-1.803233e-08	-6.582830e+00	-1.190608e+03
7.700000e-07	-7.835530e-10	-1.785172e-08	-5.501392e+00	-1.178132e+03
7.800000e-07	-6.292477e-10	-1.766284e-08	-4.417997e+00	-1.165063e+03
7.900000e-07	-4.747310e-10	-1.745970e-08	-3.333119e+00	-1.151576e+03
8.000000e-07	-3.200398e-10	-1.724286e-08	-2.247015e+00	-1.137772e+03
8.100000e-07	-1.652021e-10	-1.701678e-08	-1.159883e+00	-1.123597e+03
8.200000e-07	-1.027134e-11	-1.678162e-08	-7.209752e-02	-1.108806e+03
8.300000e-07	1.446971e-10	-1.652908e-08	1.015953e+00	-1.092986e+03
8.400000e-07	2.996632e-10	-1.625296e-08	2.103986e+00	-1.075632e+03
8.500000e-07	4.545527e-10	-1.595228e-08	3.191482e+00	-1.056258e+03
8.600000e-07	6.092834e-10	-1.562596e-08	4.277863e+00	-1.034515e+03
8.700000e-07	7.638256e-10	-1.526795e-08	5.362921e+00	-1.010276e+03
8.800000e-07	9.181382e-10	-1.487310e-08	6.446365e+00	-9.836365e+02
8.900000e-07	1.072162e-09	-1.444205e-08	7.527781e+00	-9.548245e+02
9.000000e-07	1.225827e-09	-1.397444e-08	8.606680e+00	-9.240183e+02
9.100000e-07	1.379046e-09	-1.346397e-08	9.682448e+00	-8.911044e+02
9.200000e-07	1.531746e-09	-1.289786e-08	1.075457e+01	-8.554346e+02
9.300000e-07	1.683871e-09	-1.225843e-08	1.182266e+01	-8.156503e+02
9.400000e-07	1.835381e-09	-1.152878e-08	1.288643e+01	-7.696392e+02
9.500000e-07	1.986220e-09	-1.068385e-08	1.394548e+01	-7.146671e+02
9.600000e-07	2.136309e-09	-9.684380e-09	1.499927e+01	-6.476917e+02
9.700000e-07	2.285584e-09	-8.472231e-09	1.604735e+01	-5.658249e+02
9.800000e-07	2.434010e-09	-6.978612e-09	1.708947e+01	-4.668694e+02
9.900000e-07	2.581546e-09	-5.157028e-09	1.812533e+01	-3.498317e+02
1.000000e-06	2.728147e-09	-3.036165e-09	1.915463e+01	-2.153080e+02
1.010000e-06	2.873769e-09	-7.143219e-10	2.017706e+01	-6.565410e+01
1.020000e-06	3.018345e-09	1.699332e-09	2.119214e+01	9.510820e+01
1.030000e-06	3.161799e-09	4.136394e-09	2.219935e+01	2.616511e+02
1.040000e-06	3.304025e-09	6.568527e-09	2.319793e+01	4.279142e+02
1.050000e-06	3.444909e-09	8.958448e-09	2.418710e+01	5.877985e+02
1.060000e-06	3.584414e-09	1.122254e-08	2.516658e+01	7.358635e+02
1.070000e-06	3.722517e-09	1.325733e-08	2.613621e+01	8.679117e+02
1.080000e-06	3.859182e-09	1.498356e-08	2.709575e+01	9.813654e+02
1.090000e-06	3.994396e-09	1.636715e-08	2.804510e+01	1.075387e+03
1.100000e-06	4.128177e-09	1.745346e-08	2.898439e+01	1.150737e+03
1.110000e-06	4.260478e-09	1.830787e-08	2.991329e+01	1.209431e+03
1.120000e-06	4.391265e-09	1.897914e-08	3.083156e+01	1.254253e+03
1.130000e-06	4.520534e-09	1.950620e-08	3.173917e+01	1.288251e+03
1.140000e-06	4.648239e-09	1.992033e-08	3.263580e+01	1.314293e+03
1.150000e-06	4.774389e-09	2.024777e-08	3.352151e+01	1.334749e+03
1.160000e-06	4.898916e-09	2.050594e-08	3.439584e+01	1.351342e+03
1.170000e-06	5.021717e-09	2.070974e-08	3.525803e+01	1.365159e+03
1.180000e-06	5.142727e-09	2.087082e-08	3.610766e+01	1.376773e+03
1.190000e-06	5.261865e-09	2.100205e-08	3.694413e+01	1.386441e+03
1.200000e-06	5.379011e-09	2.111022e-08	3.776663e+01	1.394295e+03
1.210000e-06	5.494070e-09	2.120237e-08	3.857447e+01	1.400493e+03
1.220000e-06	5.606998e-09	2.127914e-08	3.936735e+01	1.405294e+03
1.230000e-06	5.717848e-09	2.134551e-08	4.014564e+01	1.409062e+03
1.240000e-06	5.826692e-09	2.140545e-08	4.090984e+01	1.412204e+03
1.250000e-06	5.933453e-09	2.145945e-08	4.165943e+01	1.415094e+03
1.260000e-06	6.038013e-09	2.150724e-08	4.239355e+01	1.417994e+03
1.270000e-06	6.140352e-09	2.154939e-08	4.311208e+01	1.421013e+03
1.280000e-06	6.240418e-09	2.158933e-08	4.381466e+01	1.424115e+03
1.290000e-06	6.338107e-09	2.162795e-08	4.450055e+01	1.427159e+03
1.300000e-06	6.433447e-09	2.166509e-08	4.516993e+01	1.429967e+03
1.310000e-06	6.526532e-09	2.169821e-08	4.582350e+01	1.432398e+03
1.320000e-06	6.617304e-09	2.172928e-08	4.646081e+01	1.434397e+03
1.330000e-06	6.705659e-09	2.175992e-08	4.708117e+01	1.436010e+03
1.340000e-06	6.791673e-09	2.178994e-08	4.768508e+01	1.437367e+03
1.350000e-06	6.875345e-09	2.181839e-08	4.827255e+01	1.438638e+03
1.360000e-06	6.956529e-09	2.184481e-08	4.884255e+01	1.439976e+03
1.370000e-06	7.035164e-09	2.186979e-08	4.939466e+01	1.441473e+03
1.380000e-06	7.111191e-09	2.189624e-08	4.992845e+01	1.443135e+03
1.390000e-06	7.184524e-09	2.192178e-08	5.044333e+01	1.444886e+03
1.400000e-06	7.255271e-09	2.194412e-08	5.094005e+01	1.446599e+03
1.410000e-06	7.323495e-09	2.196365e-08	5.141905e+01	1.448141e+03
1.420000e-06	7.389056e-09	2.198205e-08	5.187936e+01	1.449414e+03
1.430000e-06	7.452009e-09	2.200058e-08	5.232137e+01	1.450392e+03
1.440000e-06	7.512475e-09	2.201875e-08	5.274591e+01	1.451120e+03
1.450000e-06	7.570293e-09	2.203561e-08	5.315185e+01	1.451702e+03
1.460000e-06	7.625387e-09	2.205181e-08	5.353867e+01	1.452263e+03
1.470000e-06	7.677547e-09	2.206838e-08	5.390489e+01	1.452911e+03
1.480000e-06	7.726556e-09	2.208418e-08	5.424899e+01	1.453702e+03
1.490000e-06	7.772711e-09	2.209725e-08	5.457305e+01	1.454625e+03
1.500000e-06	7.816159e-09	2.210806e-08	5.487810e+01	1.455611e+03
1.510000e-06	7.856761e-09	2.211777e-08	5.516317e+01	1.456552e+03
1.520000e-06	7.894589e-09	2.212780e-08	5.542877e+01	1.457343e+03
1.530000e-06	7.929673e-09	2.213695e-08	5.567510e+01	1.457911e+03
1.540000e-06	7.961902e-09	2.214383e-08	5.590137e+01	1.458240e+03
1.550000e-06	7.991355e-09	2.214953e-08	5.610817e+01	1.458373e+03
1.560000e-06	8.017947e-09	2.215614e-08	5.629488e+01	1.458399e+03
1.570000e-06	8.041535e-09	2.216495e-08	5.646048e+01	1.458419e+03
1.580000e-06	8.062332e-09	2.217468e-08	5.660651e+01	1.458518e+03
1.590000e-06	8.080307e-09	2.218248e-08	5.673271e+01	1.458736e+03
1.600000e-06	8.095242e-09	2.218677e-08	5.683757e+01	1.459060e+03
1.610000e-06	8.107025e-09	2.218949e-08	5.692030e+01	1.459424e+03
1.620000e-06	8.115650e-09	2.219021e-08	5.698086e+01	1.459738e+03
1.630000e-06	8.121378e-09	2.219000e-08	5.702107e+01	1.459913e+03
1.640000e-06	8.124241e-09	2.218941e-08	5.704117e+01	1.459894e+03
1.650000e-06	8.124222e-09	2.219115e-08	5.704104e+01	1.459671e+03
1.660000e-06	8.121529e-09	2.219121e-08	5.702213e+01	1.459285e+03
1.670000e-06	8.116088e-09	2.219352e-08	5.698393e+01	1.458813e+03
1.680000e-06	8.107875e-09	2.219486e-08	5.692626e+01	1.458342e+03
1.690000e-06	8.096934e-09	2.219175e-08	5.684944e+01	1.457941e+03
1.700000e-06	8.083092e-09	2.218823e-08	5.675226e+01	1.457639e+03
1.710000e-06	8.066594e-09	2.218671e-08	5.663642e+01	1.457417e+03
1.720000e-06	8.047794e-09	2.219226e-08	5.650443e+01	1.457216e+03
1.730000e-06	8.026461e-09	2.215582e-08	5.635464e+01	1.456956e+03
1.740000e-06	8.001982e-09	2.210197e-08	5.618278e+01	1.456564e+03
1.750000e-06	7.973734e-09	2.212322e-08	5.598445e+01	1.455996e+03
1.760000e-06	7.941872e-09	2.213870e-08	5.576074e+01	1.455252e+03
1.770000e-06	7.907356e-09	2.213409e-08	5.551839e+01	1.454374e+03
1.780000e-06	7.870503e-09	2.215759e-08	5.525965e+01	1.453432e+03
1.790000e-06	7.831408e-09	2.218344e-08	5.498516e+01	1.452501e+03
1.800000e-06	7.790437e-09	2.208448e-08	5.469749e+01	1.451637e+03
1.810000e-06	7.747102e-09	2.210029e-08	5.439323e+01	1.450855e+03
1.820000e-06	7.700919e-09	2.212782e-08	5.406898e+01	1.450127e+03
1.830000e-06	7.651999e-09	2.204715e-08	5.372551e+01	1.449395e+03
1.840000e-06	7.599853e-09	2.210539e-08	5.335938e+01	1.448582e+03
1.850000e-06	7.544642e-09	2.203322e-08	5.297174e+01	1.447626e+03
1.860000e-06	7.486805e-09	2.205292e-08	5.256566e+01	1.446498e+03
1.870000e-06	7.426250e-09	2.204008e-08	5.214050e+01	1.445210e+03
1.880000e-06	7.363076e-09	2.198599e-08	5.169694e+01	1.443811e+03
1.890000e-06	7.297054e-09	2.202820e-08	5.123340e+01	1.442372e+03
1.900000e-06	7.228201e-09	2.195022e-08	5.074997e+01	1.440956e+03
1.910000e-06	7.156491e-09	2.198941e-08	5.024649e+01	1.439601e+03
1.920000e-06	7.081928e-09	2.195047e-08	4.972297e+01	1.438295e+03
1.930000e-06	7.004603e-09	2.193983e-08	4.918006e+01	1.436986e+03
1.940000e-06	6.924544e-09	2.193105e-08	4.861796e+01	1.435588e+03
1.950000e-06	6.842049e-09	2.186909e-08	4.803875e+01	1.434013e+03
1.960000e-06	6.757034e-09	2.189468e-08	4.744186e+01	1.432193e+03
1.970000e-06	6.669455e-09	2.179747e-08	4.682695e+01	1.430108e+03
1.980000e-06	6.579497e-09	2.178057e-08	4.619535e+01	1.427793e+03
1.990000e-06	6.487255e-09	2.174339e-08	4.554771e+01	1.425325e+03
2.000000e-06	6.392692e-09	2.172845e-08	4.488377e+01	1.422808e+03
2.010000e-06	6.295807e-09	2.172103e-08	4.420353e+01	1.420334e+03
2.020000e-06	6.196715e-09	2.166198e-08	4.350779e+01	1.417957e+03
2.030000e-06	6.095362e-09	2.164426e-08	4.279618e+01	1.415675e+03
2.040000e-06	5.991829e-09	2.157603e-08	4.206926e+01	1.413427e+03
2.050000e-06	5.886206e-09	2.155542e-08	4.132768e+01	1.411109e+03
2.060000e-06	5.778611e-09	2.149419e-08	4.057224e+01	1.408608e+03
2.070000e-06	5.668985e-09	2.146145e-08	3.980254e+01	1.405832e+03
2.080000e-06	5.557232e-09	2.142702e-08	3.901791e+01	1.402742e+03
2.090000e-06	5.443385e-09	2.138986e-08	3.821858e+01	1.399359e+03
2.100000e-06	5.327426e-09	2.135201e-08	3.740442e+01	1.395762e+03
2.110000e-06	5.209459e-09	2.128186e-08	3.657616e+01	1.392059e+03
2.120000e-06	5.089533e-09	2.122454e-08	3.573414e+01	1.388351e+03
2.130000e-06	4.967807e-09	2.116150e-08	3.487949e+01	1.384703e+03
2.140000e-06	4.844306e-09	2.112180e-08	3.401238e+01	1.381114e+03
2.150000e-06	4.719018e-09	2.106293e-08	3.313272e+01	1.377520e+03
2.160000e-06	4.591956e-09	2.100820e-08	3.224060e+01	1.373810e+03
2.170000e-06	4.463218e-09	2.094046e-08	3.133672e+01	1.369855e+03
2.180000e-06	4.332916e-09	2.088223e-08	3.042185e+01	1.365556e+03
2.190000e-06	4.201035e-09	2.080833e-08	2.949591e+01	1.360865e+03
2.200000e-06	4.067613e-09	2.073346e-08	2.855913e+01	1.355811e+03
2.210000e-06	3.932641e-09	2.065590e-08	2.761148e+01	1.350480e+03
2.220000e-06	3.796102e-09	2.058423e-08	2.665283e+01	1.344996e+03
2.230000e-06	3.658054e-09	2.051527e-08	2.568358e+01	1.339471e+03
2.240000e-06	3.518641e-09	2.042910e-08	2.470474e+01	1.333974e+03
2.250000e-06	3.377879e-09	2.034202e-08	2.371644e+01	1.328496e+03
2.260000e-06	3.235818e-09	2.024204e-08	2.271901e+01	1.322953e+03
2.270000e-06	3.092493e-09	2.015749e-08	2.171271e+01	1.317205e+03
2.280000e-06	2.948026e-09	2.006324e-08	2.069840e+01	1.311097e+03
2.290000e-06	2.802509e-09	1.996864e-08	1.967670e+01	1.304504e+03
2.300000e-06	2.656011e-09	1.986179e-08	1.864812e+01	1.297375e+03
2.310000e-06	2.508612e-09	1.975468e-08	1.761322e+01	1.289741e+03
2.320000e-06	2.360361e-09	1.964357e-08	1.657233e+01	1.281712e+03
2.330000e-06	2.211314e-09	1.952109e-08	1.552586e+01	1.273432e+03
2.340000e-06	2.061493e-09	1.939554e-08	1.447395e+01	1.265031e+03
2.350000e-06	1.911008e-09	1.926433e-08	1.341738e+01	1.256571e+03
2.360000e-06	1.759893e-09	1.913827e-08	1.235639e+01	1.248017e+03
2.370000e-06	1.608241e-09	1.900342e-08	1.129162e+01	1.239236e+03
2.380000e-06	1.456081e-09	1.886070e-08	1.022329e+01	1.230027e+03
2.390000e-06	1.303410e-09	1.870400e-08	9.151364e+00	1.220177e+03
2.400000e-06	1.150275e-09	1.854172e-08	8.076186e+00	1.209528e+03
2.410000e-06	9.967201e-10	1.837293e-08	6.998063e+00	1.198023e+03
2.420000e-06	8.428083e-10	1.819542e-08	5.917432e+00	1.185723e+03
2.430000e-06	6.886036e-10	1.800902e-08	4.834743e+00	1.172783e+03
2.440000e-06	5.341784e-10	1.781515e-08	3.750507e+00	1.159386e+03
2.450000e-06	3.795583e-10	1.761563e-08	2.664903e+00	1.145659e+03
2.460000e-06	2.247707e-10	1.740224e-08	1.578122e+00	1.131590e+03
2.470000e-06	6.986113e-11	1.717157e-08	4.904850e-01	1.116985e+03
2.480000e-06	-8.509508e-11	1.691992e-08	-5.974794e-01	1.101468e+03
2.490000e-06	-2.400409e-10	1.665007e-08	-1.685371e+00	1.084545e+03
2.500000e-06	-3.949083e-10	1.636056e-08	-2.772712e+00	1.065714e+03
2.510000e-06	-5.496404e-10	1.604703e-08	-3.859103e+00	1.044584e+03
2.520000e-06	-7.042105e-10	1.570021e-08	-4.944357e+00	1.020967e+03
2.530000e-06	-8.585687e-10	1.532041e-08	-6.028123e+00	9.949078e+02
2.540000e-06	-1.012635e-09	1.490815e-08	-7.109839e+00	9.666154e+02
2.550000e-06	-1.166328e-09	1.445816e-08	-8.188932e+00	9.363017e+02
2.560000e-06	-1.319565e-09	1.396208e-08	-9.264826e+00	9.039499e+02
2.570000e-06	-1.472259e-09	1.341130e-08	-1.033691e+01	8.690657e+02
2.580000e-06	-1.624368e-09	1.279911e-08	-1.140488e+01	8.304784e+02
2.590000e-06	-1.775866e-09	1.210880e-08	-1.246857e+01	7.862591e+02
2.600000e-06	-1.926720e-09	1.131401e-08	-1.352773e+01	7.338064e+02
2.610000e-06	-2.076875e-09	1.037623e-08	-1.458199e+01	6.701166e+02
2.620000e-06	-2.226251e-09	9.246927e-09	-1.563077e+01	5.922140e+02
2.630000e-06	-2.374773e-09	7.862879e-09	-1.667356e+01	4.976778e+02
2.640000e-06	-2.522406e-09	6.156464e-09	-1.771010e+01	3.851707e+02
2.650000e-06	-2.669123e-09	4.116043e-09	-1.874022e+01	2.548659e+02
2.660000e-06	-2.814879e-09	1.817388e-09	-1.976359e+01	1.086774e+02
2.670000e-06	-2.959569e-09	-6.332159e-10	-2.077947e+01	-4.976565e+01
2.680000e-06	-3.103092e-09	-3.152129e-09	-2.178716e+01	-2.154153e+02
2.690000e-06	-3.245354e-09	-5.681579e-09	-2.278600e+01	-3.823319e+02
2.700000e-06	-3.386313e-09	-8.174212e-09	-2.377569e+01	-5.443588e+02
2.710000e-06	-3.525969e-09	-1.055422e-08	-2.475623e+01	-6.958300e+02
2.720000e-06	-3.664304e-09	-1.272632e-08	-2.572749e+01	-8.321924e+02
2.730000e-06	-3.801282e-09	-1.459693e-08	-2.668923e+01	-9.504418e+02
2.740000e-06	-3.936843e-09	-1.611348e-08	-2.764102e+01	-1.049308e+03
2.750000e-06	-4.070990e-09	-1.730716e-08	-2.858288e+01	-1.129181e+03
2.760000e-06	-4.203713e-09	-1.824392e-08	-2.951474e+01	-1.191800e+03
2.770000e-06	-4.334968e-09	-1.898099e-08	-3.043629e+01	-1.239807e+03
2.780000e-06	-4.464734e-09	-1.955995e-08	-3.134740e+01	-1.276229e+03
2.790000e-06	-4.592957e-09	-2.001400e-08	-3.224766e+01	-1.304016e+03
2.800000e-06	-4.719577e-09	-2.036955e-08	-3.313668e+01	-1.325681e+03
2.810000e-06	-4.844556e-09	-2.064814e-08	-3.401417e+01	-1.343116e+03
2.820000e-06	-4.967814e-09	-2.086779e-08	-3.487957e+01	-1.357557e+03
2.830000e-06	-5.089298e-09	-2.104198e-08	-3.573252e+01	-1.369689e+03
2.840000e-06	-5.208914e-09	-2.118234e-08	-3.657236e+01	-1.379830e+03
2.850000e-06	-5.326532e-09	-2.129766e-08	-3.739817e+01	-1.388127e+03
2.860000e-06	-5.442005e-09	-2.139442e-08	-3.820892e+01	-1.394720e+03
2.870000e-06	-5.555222e-09	-2.147540e-08	-3.900383e+01	-1.399842e+03
2.880000e-06	-5.666224e-09	-2.154414e-08	-3.978319e+01	-1.403831e+03
2.890000e-06	-5.775126e-09	-2.160469e-08	-4.054779e+01	-1.407093e+03
2.900000e-06	-5.882051e-09	-2.165837e-08	-4.129853e+01	-1.410017e+03
2.910000e-06	-5.986955e-09	-2.170674e-08	-4.203507e+01	-1.412898e+03
2.920000e-06	-6.089638e-09	-2.175060e-08	-4.275602e+01	-1.415887e+03
2.930000e-06	-6.190011e-09	-2.179177e-08	-4.346075e+01	-1.418980e+03
2.940000e-06	-6.288162e-09	-2.183076e-08	-4.414988e+01	-1.422055e+03
2.950000e-06	-6.384114e-09	-2.186717e-08	-4.482356e+01	-1.424938e+03
2.960000e-06	-6.477768e-09	-2.190055e-08	-4.548112e+01	-1.427474e+03
2.970000e-06	-6.569080e-09	-2.193085e-08	-4.612223e+01	-1.429582e+03
2.980000e-06	-6.658084e-09	-2.195895e-08	-4.674714e+01	-1.431282e+03
2.990000e-06	-6.744709e-09	-2.198451e-08	-4.735534e+01	-1.432689e+03
3.000000e-06	-6.828841e-09	-2.200736e-08	-4.794604e+01	-1.433966e+03
3.010000e-06	-6.910568e-09	-2.202897e-08	-4.851986e+01	-1.435277e+03
3.020000e-06	-6.989849e-09	-2.205041e-08	-4.907649e+01	-1.436732e+03
3.030000e-06	-7.066406e-09	-2.207266e-08	-4.961401e+01	-1.438358e+03
3.040000e-06	-7.140245e-09	-2.209338e-08	-5.013244e+01	-1.440098e+03
3.050000e-06	-7.211473e-09	-2.211175e-08	-5.063254e+01	-1.441835e+03
3.060000e-06	-7.280063e-09	-2.212798e-08	-5.111412e+01	-1.443431e+03
3.070000e-06	-7.346107e-09	-2.214301e-08	-5.157782e+01	-1.444778e+03
3.080000e-06	-7.409627e-09	-2.215718e-08	-5.202380e+01	-1.445830e+03
3.090000e-06	-7.470484e-09	-2.216814e-08	-5.245108e+01	-1.446613e+03
3.100000e-06	-7.528676e-09	-2.217747e-08	-5.285965e+01	-1.447221e+03
3.110000e-06	-7.584171e-09	-2.218829e-08	-5.324929e+01	-1.447776e+03
3.120000e-06	-7.636757e-09	-2.220106e-08	-5.361850e+01	-1.448396e+03
3.130000e-06	-7.686258e-09	-2.221288e-08	-5.396605e+01	-1.449150e+03
3.140000e-06	-7.732728e-09	-2.222312e-08	-5.429232e+01	-1.450046e+03
3.150000e-06	-7.776573e-09	-2.223329e-08	-5.460016e+01	-1.451027e+03
3.160000e-06	-7.817940e-09	-2.224236e-08	-5.489060e+01	-1.451991e+03
3.170000e-06	-7.856544e-09	-2.224859e-08	-5.516165e+01	-1.452828e+03
3.180000e-06	-7.892305e-09	-2.225088e-08	-5.541273e+01	-1.453457e+03
3.190000e-06	-7.925320e-09	-2.225155e-08	-5.564453e+01	-1.453845e+03
3.200000e-06	-7.955420e-09	-2.225415e-08	-5.585586e+01	-1.454021e+03
3.210000e-06	-7.982576e-09	-2.226093e-08	-5.604653e+01	-1.454065e+03
3.220000e-06	-8.006955e-09	-2.226788e-08	-5.621770e+01	-1.454078e+03
3.230000e-06	-8.028414e-09	-2.227142e-08	-5.636836e+01	-1.454153e+03
3.240000e-06	-8.046971e-09	-2.227179e-08	-5.649865e+01	-1.454342e+03
3.250000e-06	-8.062678e-09	-2.227078e-08	-5.660893e+01	-1.454644e+03
3.260000e-06	-8.075208e-09	-2.226848e-08	-5.669691e+01	-1.455007e+03
3.270000e-06	-8.084619e-09	-2.226361e-08	-5.676299e+01	-1.455343e+03
3.280000e-06	-8.091094e-09	-2.225739e-08	-5.680845e+01	-1.455561e+03
3.290000e-06	-8.094676e-09	-2.225210e-08	-5.683360e+01	-1.455595e+03
3.300000e-06	-8.095503e-09	-2.224936e-08	-5.683940e+01	-1.455421e+03
