# Temperatura_=_55.73277777777777
# Concentracion g/m^3_=_21500.0
# C_Vs_to_Am_M_A/Vsm_=_65563218390.804596
# pendiente_HvsI_1/m_=_3716.3
# ordenada_HvsI_A/m_=_1297.0
# frecuencia_Hz_=_302272.9627022499
# Promedio de 18 ciclos

Tiempo_(s)	Campo_(V.s)	Magnetizacion_(V.s)	Campo_(kA/m)	Magnetizacion_(A/m)
0.000000e+00	-6.734675e-09	-2.488719e-08	-4.766661e+01	-1.626830e+03
1.000000e-08	-6.731163e-09	-2.488500e-08	-4.764175e+01	-1.626897e+03
2.000000e-08	-6.725459e-09	-2.487949e-08	-4.760137e+01	-1.626957e+03
3.000000e-08	-6.717694e-09	-2.487383e-08	-4.754642e+01	-1.626908e+03
4.000000e-08	-6.707660e-09	-2.486822e-08	-4.747539e+01	-1.626665e+03
5.000000e-08	-6.695177e-09	-2.485989e-08	-4.738704e+01	-1.626184e+03
6.000000e-08	-6.680231e-09	-2.484558e-08	-4.728125e+01	-1.625479e+03
7.000000e-08	-6.662897e-09	-2.482355e-08	-4.715856e+01	-1.624615e+03
8.000000e-08	-6.643348e-09	-2.482910e-08	-4.702019e+01	-1.623688e+03
9.000000e-08	-6.621417e-09	-2.485608e-08	-4.686497e+01	-1.622795e+03
1.000000e-07	-6.596817e-09	-2.483128e-08	-4.669085e+01	-1.622009e+03
1.100000e-07	-6.569569e-09	-2.479669e-08	-4.649800e+01	-1.621352e+03
1.200000e-07	-6.540028e-09	-2.479278e-08	-4.628891e+01	-1.620797e+03
1.300000e-07	-6.508642e-09	-2.474677e-08	-4.606676e+01	-1.620273e+03
1.400000e-07	-6.475513e-09	-2.470362e-08	-4.583228e+01	-1.619693e+03
1.500000e-07	-6.440304e-09	-2.476162e-08	-4.558308e+01	-1.618977e+03
1.600000e-07	-6.402920e-09	-2.470674e-08	-4.531848e+01	-1.618079e+03
1.700000e-07	-6.363504e-09	-2.465678e-08	-4.503950e+01	-1.616996e+03
1.800000e-07	-6.321718e-09	-2.471593e-08	-4.474375e+01	-1.615767e+03
1.900000e-07	-6.277561e-09	-2.465283e-08	-4.443121e+01	-1.614458e+03
2.000000e-07	-6.231271e-09	-2.464437e-08	-4.410358e+01	-1.613136e+03
2.100000e-07	-6.182581e-09	-2.461802e-08	-4.375895e+01	-1.611844e+03
2.200000e-07	-6.131284e-09	-2.455028e-08	-4.339588e+01	-1.610590e+03
2.300000e-07	-6.077411e-09	-2.454693e-08	-4.301458e+01	-1.609339e+03
2.400000e-07	-6.021157e-09	-2.451922e-08	-4.261642e+01	-1.608025e+03
2.500000e-07	-5.962612e-09	-2.451031e-08	-4.220206e+01	-1.606574e+03
2.600000e-07	-5.901805e-09	-2.447986e-08	-4.177167e+01	-1.604925e+03
2.700000e-07	-5.838923e-09	-2.444485e-08	-4.132660e+01	-1.603052e+03
2.800000e-07	-5.773979e-09	-2.442405e-08	-4.086694e+01	-1.600973e+03
2.900000e-07	-5.706828e-09	-2.438289e-08	-4.039166e+01	-1.598741e+03
3.000000e-07	-5.637495e-09	-2.434966e-08	-3.990093e+01	-1.596432e+03
3.100000e-07	-5.566065e-09	-2.429702e-08	-3.939536e+01	-1.594116e+03
3.200000e-07	-5.492569e-09	-2.427050e-08	-3.887517e+01	-1.591838e+03
3.300000e-07	-5.416888e-09	-2.425517e-08	-3.833952e+01	-1.589599e+03
3.400000e-07	-5.339006e-09	-2.421024e-08	-3.778828e+01	-1.587360e+03
3.500000e-07	-5.258982e-09	-2.417238e-08	-3.722188e+01	-1.585050e+03
3.600000e-07	-5.176948e-09	-2.411467e-08	-3.664127e+01	-1.582592e+03
3.700000e-07	-5.093176e-09	-2.407484e-08	-3.604835e+01	-1.579923e+03
3.800000e-07	-5.007761e-09	-2.403589e-08	-3.544379e+01	-1.577020e+03
3.900000e-07	-4.920733e-09	-2.398893e-08	-3.482783e+01	-1.573901e+03
4.000000e-07	-4.832055e-09	-2.393825e-08	-3.420018e+01	-1.570623e+03
4.100000e-07	-4.741611e-09	-2.388618e-08	-3.356003e+01	-1.567263e+03
4.200000e-07	-4.649434e-09	-2.385115e-08	-3.290762e+01	-1.563889e+03
4.300000e-07	-4.555656e-09	-2.379839e-08	-3.224388e+01	-1.560540e+03
4.400000e-07	-4.460319e-09	-2.374226e-08	-3.156910e+01	-1.557209e+03
4.500000e-07	-4.363379e-09	-2.367889e-08	-3.088298e+01	-1.553846e+03
4.600000e-07	-4.264804e-09	-2.362116e-08	-3.018529e+01	-1.550369e+03
4.700000e-07	-4.164672e-09	-2.356631e-08	-2.947657e+01	-1.546690e+03
4.800000e-07	-4.063114e-09	-2.350285e-08	-2.875776e+01	-1.542742e+03
4.900000e-07	-3.960167e-09	-2.343348e-08	-2.802912e+01	-1.538502e+03
5.000000e-07	-3.855762e-09	-2.336251e-08	-2.729016e+01	-1.533995e+03
5.100000e-07	-3.749874e-09	-2.330140e-08	-2.654071e+01	-1.529286e+03
5.200000e-07	-3.642545e-09	-2.323583e-08	-2.578106e+01	-1.524463e+03
5.300000e-07	-3.533874e-09	-2.316206e-08	-2.501191e+01	-1.519603e+03
5.400000e-07	-3.423993e-09	-2.308220e-08	-2.423420e+01	-1.514748e+03
5.500000e-07	-3.312893e-09	-2.300402e-08	-2.344785e+01	-1.509890e+03
5.600000e-07	-3.200532e-09	-2.292645e-08	-2.265258e+01	-1.504968e+03
5.700000e-07	-3.086909e-09	-2.284272e-08	-2.184838e+01	-1.499887e+03
5.800000e-07	-2.971996e-09	-2.275175e-08	-2.103505e+01	-1.494543e+03
5.900000e-07	-2.855773e-09	-2.265916e-08	-2.021245e+01	-1.488860e+03
6.000000e-07	-2.738375e-09	-2.256990e-08	-1.938153e+01	-1.482806e+03
6.100000e-07	-2.620007e-09	-2.247942e-08	-1.854374e+01	-1.476407e+03
6.200000e-07	-2.500716e-09	-2.238233e-08	-1.769942e+01	-1.469736e+03
6.300000e-07	-2.380494e-09	-2.227762e-08	-1.684852e+01	-1.462888e+03
6.400000e-07	-2.259408e-09	-2.217190e-08	-1.599149e+01	-1.455946e+03
6.500000e-07	-2.137527e-09	-2.206493e-08	-1.512885e+01	-1.448950e+03
6.600000e-07	-2.014880e-09	-2.195222e-08	-1.426078e+01	-1.441880e+03
6.700000e-07	-1.891473e-09	-2.183065e-08	-1.338732e+01	-1.434657e+03
6.800000e-07	-1.767342e-09	-2.170683e-08	-1.250875e+01	-1.427159e+03
6.900000e-07	-1.642584e-09	-2.158431e-08	-1.162574e+01	-1.419259e+03
7.000000e-07	-1.517309e-09	-2.145843e-08	-1.073907e+01	-1.410863e+03
7.100000e-07	-1.391595e-09	-2.132432e-08	-9.849297e+00	-1.401932e+03
7.200000e-07	-1.265502e-09	-2.117989e-08	-8.956831e+00	-1.392502e+03
7.300000e-07	-1.139048e-09	-2.103023e-08	-8.061816e+00	-1.382664e+03
7.400000e-07	-1.012231e-09	-2.087814e-08	-7.164236e+00	-1.372535e+03
7.500000e-07	-8.850469e-10	-2.072211e-08	-6.264051e+00	-1.362215e+03
7.600000e-07	-7.575395e-10	-2.055738e-08	-5.361581e+00	-1.351746e+03
7.700000e-07	-6.297876e-10	-2.038649e-08	-4.457380e+00	-1.341088e+03
7.800000e-07	-5.018285e-10	-2.021227e-08	-3.551712e+00	-1.330116e+03
7.900000e-07	-3.736936e-10	-2.003043e-08	-2.644800e+00	-1.318648e+03
8.000000e-07	-2.454141e-10	-1.983728e-08	-1.736865e+00	-1.306481e+03
8.100000e-07	-1.170027e-10	-1.963252e-08	-8.279963e-01	-1.293447e+03
8.200000e-07	1.149188e-11	-1.941954e-08	8.146112e-02	-1.279440e+03
8.300000e-07	1.400071e-10	-1.919773e-08	9.910646e-01	-1.264438e+03
8.400000e-07	2.685084e-10	-1.896222e-08	1.900570e+00	-1.248481e+03
8.500000e-07	3.969324e-10	-1.870834e-08	2.809528e+00	-1.231633e+03
8.600000e-07	5.252074e-10	-1.843615e-08	3.717431e+00	-1.213923e+03
8.700000e-07	6.532967e-10	-1.814682e-08	4.624019e+00	-1.195303e+03
8.800000e-07	7.811783e-10	-1.783754e-08	5.529139e+00	-1.175613e+03
8.900000e-07	9.088018e-10	-1.750456e-08	6.432431e+00	-1.154590e+03
9.000000e-07	1.036096e-09	-1.714705e-08	7.333394e+00	-1.131909e+03
9.100000e-07	1.163033e-09	-1.676549e-08	8.231824e+00	-1.107239e+03
9.200000e-07	1.289589e-09	-1.635605e-08	9.127564e+00	-1.080307e+03
9.300000e-07	1.415727e-09	-1.591324e-08	1.002034e+01	-1.050925e+03
9.400000e-07	1.541418e-09	-1.543123e-08	1.090996e+01	-1.018977e+03
9.500000e-07	1.666619e-09	-1.490599e-08	1.179610e+01	-9.843330e+02
9.600000e-07	1.791252e-09	-1.433304e-08	1.267823e+01	-9.467247e+02
9.700000e-07	1.915197e-09	-1.369993e-08	1.355548e+01	-9.055906e+02
9.800000e-07	2.038345e-09	-1.298842e-08	1.442709e+01	-8.599416e+02
9.900000e-07	2.160678e-09	-1.218024e-08	1.529294e+01	-8.082922e+02
1.000000e-06	2.282208e-09	-1.125416e-08	1.615311e+01	-7.486987e+02
1.010000e-06	2.402872e-09	-1.018215e-08	1.700714e+01	-6.789258e+02
1.020000e-06	2.522580e-09	-8.926022e-09	1.785440e+01	-5.967349e+02
1.030000e-06	2.641344e-09	-7.445768e-09	1.869499e+01	-5.002591e+02
1.040000e-06	2.759168e-09	-5.717960e-09	1.952892e+01	-3.884011e+02
1.050000e-06	2.875947e-09	-3.751892e-09	2.035546e+01	-2.611799e+02
1.060000e-06	2.991543e-09	-1.590768e-09	2.117362e+01	-1.199494e+02
1.070000e-06	3.105899e-09	7.096814e-10	2.198301e+01	3.256447e+01
1.080000e-06	3.219040e-09	3.092623e-09	2.278380e+01	1.924345e+02
1.090000e-06	3.330979e-09	5.517732e-09	2.357607e+01	3.548945e+02
1.100000e-06	3.441767e-09	7.950015e-09	2.436021e+01	5.148394e+02
1.110000e-06	3.551461e-09	1.030318e-08	2.513660e+01	6.673843e+02
1.120000e-06	3.660021e-09	1.246054e-08	2.590496e+01	8.083861e+02
1.130000e-06	3.767282e-09	1.435455e-08	2.666413e+01	9.348451e+02
1.140000e-06	3.873091e-09	1.597577e-08	2.741302e+01	1.045122e+03
1.150000e-06	3.977406e-09	1.734712e-08	2.815134e+01	1.138947e+03
1.160000e-06	4.080279e-09	1.850227e-08	2.887945e+01	1.217235e+03
1.170000e-06	4.181799e-09	1.947350e-08	2.959799e+01	1.281758e+03
1.180000e-06	4.281906e-09	2.028730e-08	3.030652e+01	1.334746e+03
1.190000e-06	4.380410e-09	2.096590e-08	3.100371e+01	1.378496e+03
1.200000e-06	4.477214e-09	2.153177e-08	3.168887e+01	1.415060e+03
1.210000e-06	4.572391e-09	2.200412e-08	3.236251e+01	1.446052e+03
1.220000e-06	4.666044e-09	2.239929e-08	3.302536e+01	1.472589e+03
1.230000e-06	4.758159e-09	2.272854e-08	3.367733e+01	1.495349e+03
1.240000e-06	4.848529e-09	2.300316e-08	3.431695e+01	1.514710e+03
1.250000e-06	4.937026e-09	2.323310e-08	3.494332e+01	1.530911e+03
1.260000e-06	5.023733e-09	2.342696e-08	3.555701e+01	1.544194e+03
1.270000e-06	5.108745e-09	2.359077e-08	3.615870e+01	1.554896e+03
1.280000e-06	5.191981e-09	2.372914e-08	3.674783e+01	1.563466e+03
1.290000e-06	5.273255e-09	2.384504e-08	3.732306e+01	1.570429e+03
1.300000e-06	5.352561e-09	2.394362e-08	3.788437e+01	1.576306e+03
1.310000e-06	5.429922e-09	2.403021e-08	3.843191e+01	1.581533e+03
1.320000e-06	5.505168e-09	2.410671e-08	3.896449e+01	1.586400e+03
1.330000e-06	5.578235e-09	2.417340e-08	3.948164e+01	1.591026e+03
1.340000e-06	5.649247e-09	2.423091e-08	3.998425e+01	1.595384e+03
1.350000e-06	5.718305e-09	2.428251e-08	4.047302e+01	1.599356e+03
1.360000e-06	5.785300e-09	2.432890e-08	4.094720e+01	1.602813e+03
1.370000e-06	5.850113e-09	2.437017e-08	4.140593e+01	1.605671e+03
1.380000e-06	5.912889e-09	2.440668e-08	4.185024e+01	1.607942e+03
1.390000e-06	5.973752e-09	2.444106e-08	4.228101e+01	1.609731e+03
1.400000e-06	6.032534e-09	2.447465e-08	4.269706e+01	1.611218e+03
1.410000e-06	6.089105e-09	2.450670e-08	4.309745e+01	1.612596e+03
1.420000e-06	6.143485e-09	2.453430e-08	4.348234e+01	1.614031e+03
1.430000e-06	6.195455e-09	2.455737e-08	4.385017e+01	1.615606e+03
1.440000e-06	6.244848e-09	2.457838e-08	4.419977e+01	1.617315e+03
1.450000e-06	6.291872e-09	2.459985e-08	4.453258e+01	1.619070e+03
1.460000e-06	6.336811e-09	2.462089e-08	4.485066e+01	1.620737e+03
1.470000e-06	6.379545e-09	2.463988e-08	4.515311e+01	1.622184e+03
1.480000e-06	6.419885e-09	2.465811e-08	4.543863e+01	1.623326e+03
1.490000e-06	6.458010e-09	2.467513e-08	4.570847e+01	1.624147e+03
1.500000e-06	6.493983e-09	2.469074e-08	4.596308e+01	1.624708e+03
1.510000e-06	6.527573e-09	2.470321e-08	4.620081e+01	1.625122e+03
1.520000e-06	6.558779e-09	2.471277e-08	4.642168e+01	1.625519e+03
1.530000e-06	6.587807e-09	2.472195e-08	4.662713e+01	1.626003e+03
1.540000e-06	6.614464e-09	2.473266e-08	4.681580e+01	1.626625e+03
1.550000e-06	6.638586e-09	2.474418e-08	4.698653e+01	1.627366e+03
1.560000e-06	6.660378e-09	2.475474e-08	4.714077e+01	1.628145e+03
1.570000e-06	6.679929e-09	2.476268e-08	4.727915e+01	1.628854e+03
1.580000e-06	6.697040e-09	2.476888e-08	4.740025e+01	1.629386e+03
1.590000e-06	6.711617e-09	2.477337e-08	4.750342e+01	1.629672e+03
1.600000e-06	6.723598e-09	2.477604e-08	4.758822e+01	1.629704e+03
1.610000e-06	6.732900e-09	2.477850e-08	4.765405e+01	1.629534e+03
1.620000e-06	6.739725e-09	2.478085e-08	4.770236e+01	1.629258e+03
1.630000e-06	6.744268e-09	2.478423e-08	4.773451e+01	1.628983e+03
1.640000e-06	6.746384e-09	2.478779e-08	4.774949e+01	1.628796e+03
1.650000e-06	6.746075e-09	2.479008e-08	4.774729e+01	1.628734e+03
1.660000e-06	6.743606e-09	2.478545e-08	4.772982e+01	1.628776e+03
1.670000e-06	6.738918e-09	2.477949e-08	4.769663e+01	1.628851e+03
1.680000e-06	6.731901e-09	2.477540e-08	4.764697e+01	1.628858e+03
1.690000e-06	6.722695e-09	2.477060e-08	4.758181e+01	1.628701e+03
1.700000e-06	6.711248e-09	2.476712e-08	4.750078e+01	1.628317e+03
1.710000e-06	6.697405e-09	2.476704e-08	4.740281e+01	1.627697e+03
1.720000e-06	6.681365e-09	2.477673e-08	4.728928e+01	1.626887e+03
1.730000e-06	6.663287e-09	2.474029e-08	4.716132e+01	1.625973e+03
1.740000e-06	6.642597e-09	2.469205e-08	4.701488e+01	1.625056e+03
1.750000e-06	6.618642e-09	2.470680e-08	4.684533e+01	1.624221e+03
1.760000e-06	6.591751e-09	2.470316e-08	4.665500e+01	1.623513e+03
1.770000e-06	6.562541e-09	2.470306e-08	4.644825e+01	1.622923e+03
1.780000e-06	6.531508e-09	2.475430e-08	4.622861e+01	1.622397e+03
1.790000e-06	6.499091e-09	2.467347e-08	4.599916e+01	1.621850e+03
1.800000e-06	6.464887e-09	2.463442e-08	4.575707e+01	1.621196e+03
1.810000e-06	6.428261e-09	2.469942e-08	4.549784e+01	1.620374e+03
1.820000e-06	6.389423e-09	2.462126e-08	4.522295e+01	1.619363e+03
1.830000e-06	6.348377e-09	2.465915e-08	4.493243e+01	1.618186e+03
1.840000e-06	6.305067e-09	2.465971e-08	4.462589e+01	1.616901e+03
1.850000e-06	6.259587e-09	2.458529e-08	4.430399e+01	1.615578e+03
1.860000e-06	6.211666e-09	2.464303e-08	4.396481e+01	1.614271e+03
1.870000e-06	6.161520e-09	2.458630e-08	4.360989e+01	1.613004e+03
1.880000e-06	6.108960e-09	2.458701e-08	4.323788e+01	1.611758e+03
1.890000e-06	6.053775e-09	2.456257e-08	4.284729e+01	1.610478e+03
1.900000e-06	5.996367e-09	2.449032e-08	4.244097e+01	1.609090e+03
1.910000e-06	5.936695e-09	2.453226e-08	4.201862e+01	1.607526e+03
1.920000e-06	5.874732e-09	2.446336e-08	4.158006e+01	1.605744e+03
1.930000e-06	5.810572e-09	2.445255e-08	4.112594e+01	1.603743e+03
1.940000e-06	5.744316e-09	2.443273e-08	4.065699e+01	1.601564e+03
1.950000e-06	5.675990e-09	2.439107e-08	4.017340e+01	1.599277e+03
1.960000e-06	5.605353e-09	2.440250e-08	3.967344e+01	1.596958e+03
1.970000e-06	5.532583e-09	2.431036e-08	3.915838e+01	1.594661e+03
1.980000e-06	5.457726e-09	2.429327e-08	3.862856e+01	1.592409e+03
1.990000e-06	5.380651e-09	2.424084e-08	3.808304e+01	1.590177e+03
2.000000e-06	5.301522e-09	2.421587e-08	3.752297e+01	1.587905e+03
2.010000e-06	5.220482e-09	2.420846e-08	3.694939e+01	1.585515e+03
2.020000e-06	5.137687e-09	2.413729e-08	3.636338e+01	1.582937e+03
2.030000e-06	5.053050e-09	2.411358e-08	3.576434e+01	1.580128e+03
2.040000e-06	4.966525e-09	2.404589e-08	3.515193e+01	1.577091e+03
2.050000e-06	4.878261e-09	2.402673e-08	3.452722e+01	1.573869e+03
2.060000e-06	4.788404e-09	2.396881e-08	3.389123e+01	1.570533e+03
2.070000e-06	4.696938e-09	2.391204e-08	3.324384e+01	1.567158e+03
2.080000e-06	4.603755e-09	2.387008e-08	3.258432e+01	1.563797e+03
2.090000e-06	4.508876e-09	2.381495e-08	3.191278e+01	1.560462e+03
2.100000e-06	4.412417e-09	2.378280e-08	3.123006e+01	1.557121e+03
2.110000e-06	4.314542e-09	2.370551e-08	3.053732e+01	1.553700e+03
2.120000e-06	4.215206e-09	2.365105e-08	2.983424e+01	1.550112e+03
2.130000e-06	4.114297e-09	2.358762e-08	2.912003e+01	1.546278e+03
2.140000e-06	4.011753e-09	2.353972e-08	2.839424e+01	1.542156e+03
2.150000e-06	3.907675e-09	2.347645e-08	2.765760e+01	1.537750e+03
2.160000e-06	3.802248e-09	2.340016e-08	2.691141e+01	1.533112e+03
2.170000e-06	3.695566e-09	2.333637e-08	2.615633e+01	1.528325e+03
2.180000e-06	3.587659e-09	2.326724e-08	2.539259e+01	1.523473e+03
2.190000e-06	3.478425e-09	2.320327e-08	2.461945e+01	1.518614e+03
2.200000e-06	3.367823e-09	2.311785e-08	2.383664e+01	1.513762e+03
2.210000e-06	3.255837e-09	2.303602e-08	2.304402e+01	1.508876e+03
2.220000e-06	3.142550e-09	2.295705e-08	2.224220e+01	1.503871e+03
2.230000e-06	3.028034e-09	2.288537e-08	2.143167e+01	1.498644e+03
2.240000e-06	2.912294e-09	2.280248e-08	2.061249e+01	1.493104e+03
2.250000e-06	2.795361e-09	2.271021e-08	1.978486e+01	1.487200e+03
2.260000e-06	2.677249e-09	2.261423e-08	1.894889e+01	1.480933e+03
2.270000e-06	2.558044e-09	2.252296e-08	1.810518e+01	1.474361e+03
2.280000e-06	2.437871e-09	2.242960e-08	1.725462e+01	1.467573e+03
2.290000e-06	2.316893e-09	2.232508e-08	1.639836e+01	1.460661e+03
2.300000e-06	2.195201e-09	2.221748e-08	1.553705e+01	1.453686e+03
2.310000e-06	2.072804e-09	2.210966e-08	1.467075e+01	1.446652e+03
2.320000e-06	1.949688e-09	2.200493e-08	1.379936e+01	1.439504e+03
2.330000e-06	1.825894e-09	2.188875e-08	1.292317e+01	1.432132e+03
2.340000e-06	1.701446e-09	2.176619e-08	1.204235e+01	1.424408e+03
2.350000e-06	1.576417e-09	2.163539e-08	1.115742e+01	1.416219e+03
2.360000e-06	1.450866e-09	2.150758e-08	1.026880e+01	1.407503e+03
2.370000e-06	1.324829e-09	2.137641e-08	9.376739e+00	1.398266e+03
2.380000e-06	1.198334e-09	2.123741e-08	8.481435e+00	1.388579e+03
2.390000e-06	1.071388e-09	2.108972e-08	7.582934e+00	1.378554e+03
2.400000e-06	9.440276e-10	2.093752e-08	6.681504e+00	1.368303e+03
2.410000e-06	8.162895e-10	2.078573e-08	5.777401e+00	1.357894e+03
2.420000e-06	6.882895e-10	2.062453e-08	4.871443e+00	1.347322e+03
2.430000e-06	5.600733e-10	2.045401e-08	3.963956e+00	1.336496e+03
2.440000e-06	4.316626e-10	2.027467e-08	3.055092e+00	1.325251e+03
2.450000e-06	3.030968e-10	2.009307e-08	2.145130e+00	1.313388e+03
2.460000e-06	1.744149e-10	1.990423e-08	1.234347e+00	1.300719e+03
2.470000e-06	4.566118e-11	1.970143e-08	3.230552e-01	1.287111e+03
2.480000e-06	-8.313954e-11	1.948346e-08	-5.885693e-01	1.272508e+03
2.490000e-06	-2.119292e-10	1.925404e-08	-1.500116e+00	1.256929e+03
2.500000e-06	-3.406656e-10	1.901398e-08	-2.411284e+00	1.240433e+03
2.510000e-06	-4.693166e-10	1.875648e-08	-3.321849e+00	1.223071e+03
2.520000e-06	-5.978530e-10	1.847722e-08	-4.231603e+00	1.204831e+03
2.530000e-06	-7.262383e-10	1.817750e-08	-5.140286e+00	1.185598e+03
2.540000e-06	-8.543919e-10	1.785995e-08	-6.047330e+00	1.165148e+03
2.550000e-06	-9.822391e-10	1.752184e-08	-6.952205e+00	1.143174e+03
2.560000e-06	-1.109706e-09	1.715713e-08	-7.854387e+00	1.119341e+03
2.570000e-06	-1.236728e-09	1.676224e-08	-8.753424e+00	1.093347e+03
2.580000e-06	-1.363250e-09	1.633765e-08	-9.648916e+00	1.064968e+03
2.590000e-06	-1.489220e-09	1.588237e-08	-1.054050e+01	1.034066e+03
2.600000e-06	-1.614624e-09	1.538727e-08	-1.142809e+01	1.000529e+03
2.610000e-06	-1.739441e-09	1.484127e-08	-1.231152e+01	9.641620e+02
2.620000e-06	-1.863592e-09	1.423729e-08	-1.319023e+01	9.245398e+02
2.630000e-06	-1.986960e-09	1.356816e-08	-1.406341e+01	8.808578e+02
2.640000e-06	-2.109511e-09	1.281898e-08	-1.493079e+01	8.318322e+02
2.650000e-06	-2.231283e-09	1.196329e-08	-1.579267e+01	7.756913e+02
2.660000e-06	-2.352288e-09	1.097405e-08	-1.664911e+01	7.102891e+02
2.670000e-06	-2.472486e-09	9.821717e-09	-1.749985e+01	6.333479e+02
2.680000e-06	-2.591756e-09	8.471844e-09	-1.834402e+01	5.428039e+02
2.690000e-06	-2.709947e-09	6.883639e-09	-1.918055e+01	4.372048e+02
2.700000e-06	-2.827027e-09	5.036567e-09	-2.000922e+01	3.160858e+02
2.710000e-06	-2.942974e-09	2.953302e-09	-2.082986e+01	1.802486e+02
2.720000e-06	-3.057721e-09	6.831516e-10	-2.164202e+01	3.187538e+01
2.730000e-06	-3.171210e-09	-1.717564e-09	-2.244527e+01	-1.255573e+02
2.740000e-06	-3.283373e-09	-4.194249e-09	-2.323913e+01	-2.875682e+02
2.750000e-06	-3.394208e-09	-6.697511e-09	-2.402360e+01	-4.491242e+02
2.760000e-06	-3.503749e-09	-9.159532e-09	-2.479890e+01	-6.051864e+02
2.770000e-06	-3.612117e-09	-1.146657e-08	-2.556591e+01	-7.512578e+02
2.780000e-06	-3.719384e-09	-1.352026e-08	-2.632512e+01	-8.838419e+02
2.790000e-06	-3.825487e-09	-1.529480e-08	-2.707609e+01	-1.000739e+03
2.800000e-06	-3.930359e-09	-1.680704e-08	-2.781835e+01	-1.101140e+03
2.810000e-06	-4.033865e-09	-1.808359e-08	-2.855095e+01	-1.185515e+03
2.820000e-06	-4.135836e-09	-1.915551e-08	-2.927267e+01	-1.255336e+03
2.830000e-06	-4.236221e-09	-2.005511e-08	-2.998317e+01	-1.312696e+03
2.840000e-06	-4.335119e-09	-2.081063e-08	-3.068316e+01	-1.359907e+03
2.850000e-06	-4.432588e-09	-2.144301e-08	-3.137301e+01	-1.399151e+03
2.860000e-06	-4.528574e-09	-2.196889e-08	-3.205239e+01	-1.432229e+03
2.870000e-06	-4.622894e-09	-2.240468e-08	-3.271996e+01	-1.460459e+03
2.880000e-06	-4.715467e-09	-2.276736e-08	-3.337517e+01	-1.484683e+03
2.890000e-06	-4.806383e-09	-2.307083e-08	-3.401865e+01	-1.505381e+03
2.900000e-06	-4.895635e-09	-2.332478e-08	-3.465035e+01	-1.522829e+03
2.910000e-06	-4.983087e-09	-2.353663e-08	-3.526933e+01	-1.537254e+03
2.920000e-06	-5.068602e-09	-2.371406e-08	-3.587458e+01	-1.548949e+03
2.930000e-06	-5.152234e-09	-2.386486e-08	-3.646651e+01	-1.558319e+03
2.940000e-06	-5.234107e-09	-2.399341e-08	-3.704598e+01	-1.565866e+03
2.950000e-06	-5.314183e-09	-2.410183e-08	-3.761274e+01	-1.572123e+03
2.960000e-06	-5.392205e-09	-2.419247e-08	-3.816496e+01	-1.577569e+03
2.970000e-06	-5.468006e-09	-2.426973e-08	-3.870147e+01	-1.582558e+03
2.980000e-06	-5.541726e-09	-2.433767e-08	-3.922324e+01	-1.587278e+03
2.990000e-06	-5.613478e-09	-2.439781e-08	-3.973108e+01	-1.591753e+03
3.000000e-06	-5.683136e-09	-2.445049e-08	-4.022410e+01	-1.595897e+03
3.010000e-06	-5.750666e-09	-2.449750e-08	-4.070207e+01	-1.599575e+03
3.020000e-06	-5.816219e-09	-2.454129e-08	-4.116604e+01	-1.602679e+03
3.030000e-06	-5.879808e-09	-2.458171e-08	-4.161610e+01	-1.605178e+03
3.040000e-06	-5.941250e-09	-2.461707e-08	-4.205097e+01	-1.607144e+03
3.050000e-06	-6.000479e-09	-2.464634e-08	-4.247018e+01	-1.608729e+03
3.060000e-06	-6.057624e-09	-2.467117e-08	-4.287464e+01	-1.610129e+03
3.070000e-06	-6.112680e-09	-2.469462e-08	-4.326431e+01	-1.611526e+03
3.080000e-06	-6.165391e-09	-2.471750e-08	-4.363738e+01	-1.613040e+03
3.090000e-06	-6.215550e-09	-2.474007e-08	-4.399240e+01	-1.614702e+03
3.100000e-06	-6.263156e-09	-2.476059e-08	-4.432934e+01	-1.616452e+03
3.110000e-06	-6.308490e-09	-2.477842e-08	-4.465020e+01	-1.618171e+03
3.120000e-06	-6.351849e-09	-2.479566e-08	-4.495709e+01	-1.619721e+03
3.130000e-06	-6.393169e-09	-2.481273e-08	-4.524954e+01	-1.620991e+03
3.140000e-06	-6.432306e-09	-2.482701e-08	-4.552654e+01	-1.621939e+03
3.150000e-06	-6.469116e-09	-2.483786e-08	-4.578707e+01	-1.622593e+03
3.160000e-06	-6.503617e-09	-2.484810e-08	-4.603126e+01	-1.623051e+03
3.170000e-06	-6.535904e-09	-2.485855e-08	-4.625978e+01	-1.623441e+03
3.180000e-06	-6.565788e-09	-2.486941e-08	-4.647129e+01	-1.623880e+03
3.190000e-06	-6.593232e-09	-2.487788e-08	-4.666553e+01	-1.624446e+03
3.200000e-06	-6.618410e-09	-2.488469e-08	-4.684373e+01	-1.625145e+03
3.210000e-06	-6.641212e-09	-2.488992e-08	-4.700512e+01	-1.625920e+03
3.220000e-06	-6.661543e-09	-2.489427e-08	-4.714901e+01	-1.626671e+03
3.230000e-06	-6.679551e-09	-2.489694e-08	-4.727647e+01	-1.627285e+03
3.240000e-06	-6.695221e-09	-2.489721e-08	-4.738738e+01	-1.627674e+03
3.250000e-06	-6.708245e-09	-2.489665e-08	-4.747955e+01	-1.627805e+03
3.260000e-06	-6.718610e-09	-2.489692e-08	-4.755291e+01	-1.627708e+03
3.270000e-06	-6.726564e-09	-2.489794e-08	-4.760921e+01	-1.627462e+03
3.280000e-06	-6.732061e-09	-2.489768e-08	-4.764811e+01	-1.627175e+03
3.290000e-06	-6.735141e-09	-2.489569e-08	-4.766991e+01	-1.626945e+03
3.300000e-06	-6.735986e-09	-2.489019e-08	-4.767589e+01	-1.626831e+03
