# Configuracion:
# Concentracion g/m^3_=_21500.0
# C_Vs_to_Am_M_A/Vsm_=_65563218390.804596
# pendiente_HvsI_1/m_=_3716.3
# ordenada_HvsI_A/m_=_1297.0
# frecuencia_ref_Hz_=_302550.13799820247
# 
Resultados:
# tau_ns_=_(1.66+/-0.10)e+02
# dphi_rad_=_6.59+/-0.02
# SAR_W/g_=_1725.98+/-155.35
# Hc_kA/m_=_20.76+/-0.98
# Mr_A/m_=_1131.76+/-49.03
# Magnetizacion_max_=_1490.25+/-58.11
# Suceptibilidad_a_M=0_=_(1.569+/-0.021)e-01

Nombre_archivo	Time_m_(s)	Temperatura_(ºC)	Mr_(A/m)	Hc_(kA/m)	Campo_max_(A/m)	Mag_max_(A/m)	f0	mag0	dphi0	SAR_(W/g)	Tau_(ns)	N	xi_M_0
300kHz_150dA_100Mss_bobN1M15-0012.txt	4.02	22.68	1193.39	22.26	57041.50	1566.58	3.025719e+05	1.272061e+02	6.613885e+00	1951.28	180.589542	4627	1.612e-01
300kHz_150dA_100Mss_bobN1M15-0013.txt	4.48	26.72	1191.00	22.18	57041.50	1561.71	3.025719e+05	1.268679e+02	6.612738e+00	1939.59	179.916819	4627	1.579e-01
300kHz_150dA_100Mss_bobN1M15-0014.txt	4.92	30.60	1183.43	22.00	57041.50	1547.98	3.025719e+05	1.259026e+02	6.610119e+00	1910.09	178.378589	4627	1.553e-01
300kHz_150dA_100Mss_bobN1M15-0015.txt	5.38	34.53	1176.95	21.82	57041.50	1542.39	3.025719e+05	1.254662e+02	6.606768e+00	1884.64	176.415045	4627	1.550e-01
300kHz_150dA_100Mss_bobN1M15-0016.txt	5.85	38.52	1172.24	21.69	57041.50	1533.51	3.025719e+05	1.248542e+02	6.605135e+00	1866.32	175.460702	4627	1.587e-01
300kHz_150dA_100Mss_bobN1M15-0017.txt	6.3	42.23	1164.10	21.48	57041.50	1526.50	3.025719e+05	1.242637e+02	6.601063e+00	1834.80	173.082687	4627	1.598e-01
300kHz_150dA_100Mss_bobN1M15-0018.txt	6.75	45.88	1160.23	21.39	57041.50	1522.86	3.025719e+05	1.239518e+02	6.599373e+00	1820.79	172.097726	4627	1.594e-01
300kHz_150dA_100Mss_bobN1M15-0019.txt	7.65	52.84	1151.77	21.15	57041.50	1505.69	3.025719e+05	1.227486e+02	6.596094e+00	1785.03	170.191319	4627	1.574e-01
300kHz_150dA_100Mss_bobN1M15-0020.txt	8.09	56.15	1144.36	20.91	57041.50	1504.50	3.025719e+05	1.225757e+02	6.590890e+00	1753.83	167.172305	4627	1.544e-01
300kHz_150dA_100Mss_bobN1M15-0021.txt	8.55	59.46	1143.94	20.88	57041.50	1502.75	3.025719e+05	1.224924e+02	6.590421e+00	1750.05	166.900190	4627	1.548e-01
300kHz_150dA_100Mss_bobN1M15-0022.txt	9.03	62.91	1137.16	20.60	57041.50	1498.84	3.025719e+05	1.221583e+02	6.585287e+00	1717.01	163.932315	4627	1.584e-01
300kHz_150dA_100Mss_bobN1M15-0023.txt	9.59	66.83	1133.91	20.44	57041.50	1495.79	3.025719e+05	1.219684e+02	6.582585e+00	1699.47	162.374917	4627	1.592e-01
300kHz_150dA_100Mss_bobN1M15-0024.txt	10.04	69.97	1124.67	20.15	57041.50	1486.06	3.025719e+05	1.212380e+02	6.577624e+00	1662.12	159.519652	4627	1.574e-01
300kHz_150dA_100Mss_bobN1M15-0025.txt	10.5	73.05	1119.21	20.14	57041.50	1482.88	3.025719e+05	1.208700e+02	6.576686e+00	1651.95	158.983384	4627	1.569e-01
300kHz_150dA_100Mss_bobN1M15-0026.txt	10.96	76.13	1100.95	19.82	57041.50	1458.52	3.025719e+05	1.189883e+02	6.571678e+00	1599.27	156.111861	4627	1.548e-01
300kHz_150dA_100Mss_bobN1M15-0027.txt	11.41	78.61	1084.05	19.67	57041.50	1436.43	3.025719e+05	1.171830e+02	6.569095e+00	1561.29	154.634552	4627	1.555e-01
300kHz_150dA_100Mss_bobN1M15-0028.txt	11.86	81.04	1064.45	19.55	57041.50	1413.39	3.025719e+05	1.152784e+02	6.566464e+00	1522.16	153.132386	4627	1.558e-01
300kHz_150dA_100Mss_bobN1M15-0029.txt	12.31	82.88	1040.16	19.29	57041.50	1381.48	3.025719e+05	1.127313e+02	6.562235e+00	1466.89	150.721680	4627	1.557e-01
300kHz_150dA_100Mss_bobN1M15-0030.txt	12.76	84.46	1017.48	19.09	57041.50	1347.00	3.025719e+05	1.100150e+02	6.559317e+00	1416.96	149.061575	4627	1.533e-01
