# Configuracion:
# Concentracion g/m^3_=_21500.0
# C_Vs_to_Am_M_A/Vsm_=_65563218390.804596
# pendiente_HvsI_1/m_=_3716.3
# ordenada_HvsI_A/m_=_1297.0
# frecuencia_ref_Hz_=_302004.8684807589
# 
Resultados:
# tau_ns_=_(2.96+/-0.09)e+02
# dphi_rad_=_6.79+/-0.01
# SAR_W/g_=_1814.57+/-10.74
# Hc_kA/m_=_21.78+/-0.52
# Mr_A/m_=_1142.60+/-37.55
# Magnetizacion_max_=_1491.02+/-33.67
# Suceptibilidad_a_M=0_=_(1.624+/-0.157)e-01

Nombre_archivo	Time_m_(s)	Temperatura_(ºC)	Mr_(A/m)	Hc_(kA/m)	Campo_max_(A/m)	Mag_max_(A/m)	f0	mag0	dphi0	SAR_(W/g)	Tau_(ns)	N	xi_M_0
300kHz_100dA_100Mss_bobN1M15-0008.txt	11.01	25.97	1076.95	22.50	38460.00	1438.78	3.019845e+05	1.111400e+02	6.812513e+00	1784.10	308.336028	4636	1.348e-01
300kHz_100dA_100Mss_bobN1M15-0009.txt	11.51	29.47	1086.01	22.48	38460.00	1448.96	3.019845e+05	1.120032e+02	6.811742e+00	1795.59	307.792810	4636	1.379e-01
300kHz_100dA_100Mss_bobN1M15-0010.txt	11.96	32.62	1095.34	22.39	38460.00	1452.60	3.019193e+05	1.126464e+02	6.810199e+00	1800.73	306.700241	4637	1.452e-01
300kHz_100dA_100Mss_bobN1M15-0011.txt	12.41	32.90	1101.39	22.34	38460.00	1456.88	3.019193e+05	1.130611e+02	6.809222e+00	1804.33	306.014605	4637	1.433e-01
300kHz_100dA_100Mss_bobN1M15-0012.txt	12.86	32.90	1106.82	22.33	38460.00	1458.25	3.019193e+05	1.133479e+02	6.809489e+00	1809.74	306.203776	4637	1.466e-01
300kHz_100dA_100Mss_bobN1M15-0013.txt	13.3	34.91	1112.27	22.24	38460.00	1462.65	3.019193e+05	1.138042e+02	6.807060e+00	1809.42	304.493227	4637	1.502e-01
300kHz_100dA_100Mss_bobN1M15-0014.txt	13.76	37.99	1116.43	22.19	38460.00	1467.24	3.019193e+05	1.142037e+02	6.805662e+00	1811.38	303.509062	4637	1.514e-01
300kHz_100dA_100Mss_bobN1M15-0015.txt	14.2	40.94	1122.65	22.14	38460.00	1469.76	3.019193e+05	1.146145e+02	6.804964e+00	1815.69	303.023716	4637	1.522e-01
300kHz_100dA_100Mss_bobN1M15-0016.txt	14.65	43.96	1127.77	22.06	38460.00	1474.49	3.019193e+05	1.150970e+02	6.802796e+00	1816.45	301.500736	4637	1.555e-01
300kHz_100dA_100Mss_bobN1M15-0017.txt	15.1	46.94	1131.87	21.99	38460.00	1478.92	3.019845e+05	1.154759e+02	6.800571e+00	1815.73	299.948864	4636	1.599e-01
300kHz_100dA_100Mss_bobN1M15-0018.txt	15.55	49.82	1136.19	21.91	38460.00	1481.20	3.019193e+05	1.157744e+02	6.798769e+00	1814.27	298.692677	4637	1.624e-01
300kHz_100dA_100Mss_bobN1M15-0019.txt	16.46	55.51	1145.56	21.80	38460.00	1489.48	3.019845e+05	1.166489e+02	6.795969e+00	1819.32	296.745019	4636	1.649e-01
300kHz_100dA_100Mss_bobN1M15-0020.txt	16.91	58.25	1151.72	21.63	38460.00	1494.52	3.019845e+05	1.172451e+02	6.791623e+00	1814.49	293.731814	4636	1.642e-01
300kHz_100dA_100Mss_bobN1M15-0021.txt	17.36	60.92	1155.51	21.60	38460.00	1498.58	3.019845e+05	1.175850e+02	6.790828e+00	1817.15	293.186001	4636	1.679e-01
300kHz_100dA_100Mss_bobN1M15-0022.txt	17.8	63.52	1161.44	21.51	38460.00	1504.67	3.019193e+05	1.182189e+02	6.788303e+00	1818.26	291.449204	4637	1.703e-01
300kHz_100dA_100Mss_bobN1M15-0023.txt	18.25	66.15	1166.74	21.44	38460.00	1506.66	3.019193e+05	1.185855e+02	6.787214e+00	1820.31	290.697847	4637	1.728e-01
300kHz_100dA_100Mss_bobN1M15-0024.txt	18.71	68.82	1172.13	21.39	38460.00	1512.67	3.019193e+05	1.190804e+02	6.785839e+00	1823.34	289.755633	4637	1.771e-01
300kHz_100dA_100Mss_bobN1M15-0025.txt	19.18	71.49	1179.36	21.21	38460.00	1525.00	3.019193e+05	1.201276e+02	6.779870e+00	1819.37	285.671735	4637	1.779e-01
300kHz_100dA_100Mss_bobN1M15-0026.txt	19.63	73.96	1185.91	21.19	38460.00	1530.40	3.019193e+05	1.206403e+02	6.779827e+00	1826.99	285.641554	4637	1.802e-01
300kHz_100dA_100Mss_bobN1M15-0027.txt	20.08	76.42	1193.45	21.03	38460.00	1539.89	3.019193e+05	1.214750e+02	6.775284e+00	1824.20	282.550877	4637	1.854e-01
300kHz_100dA_100Mss_bobN1M15-0028.txt	20.53	78.81	1202.08	20.93	38460.00	1550.66	3.019193e+05	1.224137e+02	6.772654e+00	1829.27	280.768426	4637	1.850e-01
300kHz_100dA_100Mss_bobN1M15-0029.txt	20.98	81.19	1209.66	20.83	38460.00	1560.08	3.019193e+05	1.232225e+02	6.769466e+00	1830.32	278.617313	4637	1.886e-01
