# Temperatura_=_58.78772727272726
# Concentracion g/m^3_=_21600.0
# C_Vs_to_Am_M_A/Vsm_=_65563218390.804596
# pendiente_HvsI_1/m_=_3716.3
# ordenada_HvsI_A/m_=_1297.0
# frecuencia_Hz_=_301999.34479842184
# Promedio de 22 ciclos

Tiempo_(s)	Campo_(V.s)	Magnetizacion_(V.s)	Campo_(kA/m)	Magnetizacion_(A/m)
0.000000e+00	-5.323806e-09	-2.283825e-08	-3.824421e+01	-1.494931e+03
1.000000e-08	-5.322135e-09	-2.283780e-08	-3.823220e+01	-1.494840e+03
2.000000e-08	-5.318502e-09	-2.283469e-08	-3.820610e+01	-1.494614e+03
3.000000e-08	-5.313169e-09	-2.282786e-08	-3.816780e+01	-1.494281e+03
4.000000e-08	-5.306276e-09	-2.282027e-08	-3.811828e+01	-1.493874e+03
5.000000e-08	-5.297812e-09	-2.281187e-08	-3.805748e+01	-1.493418e+03
6.000000e-08	-5.287469e-09	-2.280561e-08	-3.798317e+01	-1.492925e+03
7.000000e-08	-5.275070e-09	-2.279766e-08	-3.789411e+01	-1.492390e+03
8.000000e-08	-5.260766e-09	-2.278334e-08	-3.779135e+01	-1.491797e+03
9.000000e-08	-5.244226e-09	-2.279196e-08	-3.767254e+01	-1.491125e+03
1.000000e-07	-5.225351e-09	-2.280320e-08	-3.753694e+01	-1.490357e+03
1.100000e-07	-5.204518e-09	-2.277245e-08	-3.738729e+01	-1.489491e+03
1.200000e-07	-5.181911e-09	-2.274566e-08	-3.722489e+01	-1.488541e+03
1.300000e-07	-5.157827e-09	-2.270576e-08	-3.705188e+01	-1.487536e+03
1.400000e-07	-5.132463e-09	-2.264833e-08	-3.686968e+01	-1.486512e+03
1.500000e-07	-5.105398e-09	-2.270505e-08	-3.667525e+01	-1.485500e+03
1.600000e-07	-5.076508e-09	-2.268491e-08	-3.646772e+01	-1.484511e+03
1.700000e-07	-5.046124e-09	-2.260024e-08	-3.624945e+01	-1.483535e+03
1.800000e-07	-5.014027e-09	-2.266237e-08	-3.601888e+01	-1.482533e+03
1.900000e-07	-4.979888e-09	-2.262345e-08	-3.577363e+01	-1.481450e+03
2.000000e-07	-4.944044e-09	-2.257443e-08	-3.551614e+01	-1.480223e+03
2.100000e-07	-4.906672e-09	-2.259713e-08	-3.524768e+01	-1.478796e+03
2.200000e-07	-4.867572e-09	-2.251056e-08	-3.496680e+01	-1.477138e+03
2.300000e-07	-4.826696e-09	-2.247342e-08	-3.467316e+01	-1.475247e+03
2.400000e-07	-4.783807e-09	-2.248502e-08	-3.436507e+01	-1.473154e+03
2.500000e-07	-4.739021e-09	-2.244507e-08	-3.404334e+01	-1.470911e+03
2.600000e-07	-4.692530e-09	-2.242586e-08	-3.370937e+01	-1.468581e+03
2.700000e-07	-4.644237e-09	-2.236897e-08	-3.336245e+01	-1.466220e+03
2.800000e-07	-4.594024e-09	-2.233503e-08	-3.300173e+01	-1.463862e+03
2.900000e-07	-4.541712e-09	-2.232539e-08	-3.262595e+01	-1.461513e+03
3.000000e-07	-4.487535e-09	-2.226641e-08	-3.223676e+01	-1.459153e+03
3.100000e-07	-4.431749e-09	-2.221766e-08	-3.183601e+01	-1.456738e+03
3.200000e-07	-4.374290e-09	-2.217214e-08	-3.142325e+01	-1.454221e+03
3.300000e-07	-4.315081e-09	-2.215632e-08	-3.099792e+01	-1.451559e+03
3.400000e-07	-4.254320e-09	-2.212409e-08	-3.056143e+01	-1.448730e+03
3.500000e-07	-4.192157e-09	-2.206501e-08	-3.011487e+01	-1.445737e+03
3.600000e-07	-4.128595e-09	-2.201104e-08	-2.965827e+01	-1.442603e+03
3.700000e-07	-4.063622e-09	-2.195061e-08	-2.919153e+01	-1.439366e+03
3.800000e-07	-3.997014e-09	-2.191872e-08	-2.871304e+01	-1.436063e+03
3.900000e-07	-3.928754e-09	-2.187637e-08	-2.822269e+01	-1.432719e+03
4.000000e-07	-3.859155e-09	-2.181217e-08	-2.772271e+01	-1.429338e+03
4.100000e-07	-3.788374e-09	-2.175974e-08	-2.721425e+01	-1.425905e+03
4.200000e-07	-3.716454e-09	-2.171101e-08	-2.669760e+01	-1.422386e+03
4.300000e-07	-3.643257e-09	-2.166289e-08	-2.617179e+01	-1.418741e+03
4.400000e-07	-3.568406e-09	-2.158826e-08	-2.563408e+01	-1.414936e+03
4.500000e-07	-3.491906e-09	-2.151359e-08	-2.508454e+01	-1.410955e+03
4.600000e-07	-3.414068e-09	-2.145697e-08	-2.452538e+01	-1.406802e+03
4.700000e-07	-3.334942e-09	-2.140491e-08	-2.395697e+01	-1.402500e+03
4.800000e-07	-3.254433e-09	-2.135259e-08	-2.337863e+01	-1.398086e+03
4.900000e-07	-3.172613e-09	-2.127307e-08	-2.279086e+01	-1.393595e+03
5.000000e-07	-3.089671e-09	-2.119574e-08	-2.219503e+01	-1.389050e+03
5.100000e-07	-3.005758e-09	-2.112734e-08	-2.159223e+01	-1.384454e+03
5.200000e-07	-2.921009e-09	-2.105798e-08	-2.098343e+01	-1.379789e+03
5.300000e-07	-2.835378e-09	-2.097842e-08	-2.036829e+01	-1.375021e+03
5.400000e-07	-2.748763e-09	-2.089215e-08	-1.974608e+01	-1.370106e+03
5.500000e-07	-2.661214e-09	-2.082004e-08	-1.911716e+01	-1.365009e+03
5.600000e-07	-2.572798e-09	-2.074997e-08	-1.848202e+01	-1.359708e+03
5.700000e-07	-2.483414e-09	-2.067125e-08	-1.783992e+01	-1.354202e+03
5.800000e-07	-2.392868e-09	-2.057615e-08	-1.718946e+01	-1.348511e+03
5.900000e-07	-2.301244e-09	-2.048005e-08	-1.653127e+01	-1.342665e+03
6.000000e-07	-2.208817e-09	-2.039503e-08	-1.586731e+01	-1.336696e+03
6.100000e-07	-2.115740e-09	-2.030763e-08	-1.519868e+01	-1.330623e+03
6.200000e-07	-2.021954e-09	-2.020840e-08	-1.452496e+01	-1.324445e+03
6.300000e-07	-1.927396e-09	-2.010255e-08	-1.384569e+01	-1.318141e+03
6.400000e-07	-1.832191e-09	-2.000516e-08	-1.316178e+01	-1.311673e+03
6.500000e-07	-1.736428e-09	-1.991143e-08	-1.247385e+01	-1.304996e+03
6.600000e-07	-1.640101e-09	-1.980570e-08	-1.178187e+01	-1.298075e+03
6.700000e-07	-1.543175e-09	-1.968602e-08	-1.108560e+01	-1.290888e+03
6.800000e-07	-1.445592e-09	-1.956792e-08	-1.038460e+01	-1.283439e+03
6.900000e-07	-1.347360e-09	-1.945935e-08	-9.678933e+00	-1.275750e+03
7.000000e-07	-1.248553e-09	-1.934712e-08	-8.969138e+00	-1.267857e+03
7.100000e-07	-1.149252e-09	-1.922153e-08	-8.255802e+00	-1.259792e+03
7.200000e-07	-1.049534e-09	-1.908862e-08	-7.539467e+00	-1.251574e+03
7.300000e-07	-9.494780e-10	-1.895987e-08	-6.820699e+00	-1.243198e+03
7.400000e-07	-8.491460e-10	-1.883290e-08	-6.099952e+00	-1.234632e+03
7.500000e-07	-7.485668e-10	-1.869511e-08	-5.377429e+00	-1.225825e+03
7.600000e-07	-6.477717e-10	-1.854477e-08	-4.653355e+00	-1.216715e+03
7.700000e-07	-5.467862e-10	-1.839507e-08	-3.927913e+00	-1.207247e+03
7.800000e-07	-4.456496e-10	-1.825145e-08	-3.201386e+00	-1.197382e+03
7.900000e-07	-3.443980e-10	-1.810394e-08	-2.474033e+00	-1.187102e+03
8.000000e-07	-2.430419e-10	-1.794053e-08	-1.745930e+00	-1.176411e+03
8.100000e-07	-1.415879e-10	-1.776537e-08	-1.017122e+00	-1.165317e+03
8.200000e-07	-4.005649e-11	-1.758952e-08	-2.877591e-01	-1.153823e+03
8.300000e-07	6.151444e-11	-1.741086e-08	4.418879e-01	-1.141910e+03
8.400000e-07	1.631045e-10	-1.722061e-08	1.171672e+00	-1.129526e+03
8.500000e-07	2.646638e-10	-1.701416e-08	1.901236e+00	-1.116584e+03
8.600000e-07	3.661398e-10	-1.679940e-08	2.630201e+00	-1.102977e+03
8.700000e-07	4.675120e-10	-1.658039e-08	3.358421e+00	-1.088591e+03
8.800000e-07	5.687735e-10	-1.635194e-08	4.085845e+00	-1.073323e+03
8.900000e-07	6.699176e-10	-1.610381e-08	4.812426e+00	-1.057104e+03
9.000000e-07	7.708922e-10	-1.583750e-08	5.537790e+00	-1.039901e+03
9.100000e-07	8.716301e-10	-1.556163e-08	6.261452e+00	-1.021710e+03
9.200000e-07	9.720981e-10	-1.527451e-08	6.983177e+00	-1.002545e+03
9.300000e-07	1.072265e-09	-1.496925e-08	7.702737e+00	-9.824071e+02
9.400000e-07	1.172057e-09	-1.464070e-08	8.419605e+00	-9.612625e+02
9.500000e-07	1.271371e-09	-1.429263e-08	9.133039e+00	-9.390216e+02
9.600000e-07	1.370104e-09	-1.392935e-08	9.842302e+00	-9.155342e+02
9.700000e-07	1.468185e-09	-1.354752e-08	1.054688e+01	-8.905981e+02
9.800000e-07	1.565557e-09	-1.313850e-08	1.124636e+01	-8.639797e+02
9.900000e-07	1.662213e-09	-1.270018e-08	1.194070e+01	-8.354393e+02
1.000000e-06	1.758233e-09	-1.223381e-08	1.263047e+01	-8.047517e+02
1.010000e-06	1.853680e-09	-1.173522e-08	1.331613e+01	-7.717116e+02
1.020000e-06	1.948511e-09	-1.119431e-08	1.399735e+01	-7.361193e+02
1.030000e-06	2.042656e-09	-1.060454e-08	1.467366e+01	-6.977464e+02
1.040000e-06	2.136115e-09	-9.965461e-09	1.534503e+01	-6.562892e+02
1.050000e-06	2.228943e-09	-9.274523e-09	1.601188e+01	-6.113224e+02
1.060000e-06	2.321125e-09	-8.521525e-09	1.667407e+01	-5.622710e+02
1.070000e-06	2.412446e-09	-7.691178e-09	1.733009e+01	-5.084158e+02
1.080000e-06	2.502703e-09	-6.773033e-09	1.797847e+01	-4.489418e+02
1.090000e-06	2.591890e-09	-5.760543e-09	1.861915e+01	-3.830325e+02
1.100000e-06	2.680143e-09	-4.644354e-09	1.925313e+01	-3.099986e+02
1.110000e-06	2.767551e-09	-3.413521e-09	1.988103e+01	-2.294239e+02
1.120000e-06	2.854042e-09	-2.065124e-09	2.050235e+01	-1.412999e+02
1.130000e-06	2.939597e-09	-6.084571e-10	2.111694e+01	-4.612476e+01
1.140000e-06	3.024299e-09	9.396259e-10	2.172541e+01	5.505962e+01
1.150000e-06	3.108116e-09	2.555848e-09	2.232753e+01	1.607022e+02
1.160000e-06	3.190830e-09	4.212885e-09	2.292171e+01	2.688510e+02
1.170000e-06	3.272311e-09	5.876693e-09	2.350703e+01	3.773195e+02
1.180000e-06	3.352600e-09	7.506962e-09	2.408381e+01	4.838873e+02
1.190000e-06	3.431691e-09	9.067341e-09	2.465196e+01	5.865025e+02
1.200000e-06	3.509567e-09	1.053365e-08	2.521139e+01	6.834552e+02
1.210000e-06	3.586218e-09	1.189205e-08	2.576202e+01	7.734957e+02
1.220000e-06	3.661439e-09	1.313321e-08	2.630238e+01	8.558850e+02
1.230000e-06	3.735040e-09	1.425301e-08	2.683111e+01	9.303745e+02
1.240000e-06	3.807188e-09	1.525824e-08	2.734939e+01	9.971280e+02
1.250000e-06	3.878050e-09	1.616086e-08	2.785844e+01	1.056607e+03
1.260000e-06	3.947611e-09	1.696786e-08	2.835814e+01	1.109443e+03
1.270000e-06	4.015867e-09	1.768275e-08	2.884847e+01	1.156321e+03
1.280000e-06	4.082564e-09	1.831142e-08	2.932759e+01	1.197896e+03
1.290000e-06	4.147573e-09	1.886424e-08	2.979459e+01	1.234741e+03
1.300000e-06	4.211117e-09	1.935155e-08	3.025106e+01	1.267336e+03
1.310000e-06	4.273261e-09	1.978021e-08	3.069748e+01	1.296084e+03
1.320000e-06	4.334055e-09	2.015488e-08	3.113420e+01	1.321341e+03
1.330000e-06	4.393383e-09	2.048324e-08	3.156039e+01	1.343447e+03
1.340000e-06	4.450936e-09	2.077444e-08	3.197383e+01	1.362744e+03
1.350000e-06	4.506788e-09	2.103363e-08	3.237505e+01	1.379584e+03
1.360000e-06	4.561053e-09	2.126123e-08	3.276487e+01	1.394314e+03
1.370000e-06	4.613529e-09	2.145904e-08	3.314184e+01	1.407262e+03
1.380000e-06	4.663959e-09	2.163145e-08	3.350411e+01	1.418711e+03
1.390000e-06	4.712469e-09	2.178322e-08	3.385259e+01	1.428886e+03
1.400000e-06	4.759357e-09	2.191759e-08	3.418941e+01	1.437951e+03
1.410000e-06	4.804724e-09	2.203553e-08	3.451532e+01	1.446014e+03
1.420000e-06	4.848497e-09	2.213887e-08	3.482976e+01	1.453148e+03
1.430000e-06	4.890374e-09	2.223183e-08	3.513060e+01	1.459413e+03
1.440000e-06	4.930445e-09	2.231631e-08	3.541845e+01	1.464874e+03
1.450000e-06	4.968934e-09	2.239009e-08	3.569493e+01	1.469614e+03
1.460000e-06	5.005844e-09	2.245210e-08	3.596008e+01	1.473735e+03
1.470000e-06	5.040982e-09	2.250624e-08	3.621250e+01	1.477347e+03
1.480000e-06	5.074164e-09	2.255622e-08	3.645087e+01	1.480559e+03
1.490000e-06	5.105573e-09	2.260108e-08	3.667650e+01	1.483460e+03
1.500000e-06	5.135347e-09	2.264008e-08	3.689039e+01	1.486110e+03
1.510000e-06	5.163420e-09	2.267327e-08	3.709206e+01	1.488536e+03
1.520000e-06	5.189486e-09	2.270349e-08	3.727930e+01	1.490737e+03
1.530000e-06	5.213517e-09	2.273247e-08	3.745193e+01	1.492697e+03
1.540000e-06	5.235772e-09	2.275785e-08	3.761180e+01	1.494400e+03
1.550000e-06	5.256356e-09	2.277948e-08	3.775967e+01	1.495842e+03
1.560000e-06	5.275129e-09	2.279859e-08	3.789453e+01	1.497039e+03
1.570000e-06	5.291879e-09	2.281629e-08	3.801486e+01	1.498025e+03
1.580000e-06	5.306656e-09	2.283129e-08	3.812101e+01	1.498848e+03
1.590000e-06	5.319428e-09	2.284222e-08	3.821276e+01	1.499554e+03
1.600000e-06	5.329974e-09	2.284961e-08	3.828852e+01	1.500180e+03
1.610000e-06	5.338434e-09	2.285664e-08	3.834929e+01	1.500743e+03
1.620000e-06	5.345075e-09	2.286406e-08	3.839699e+01	1.501239e+03
1.630000e-06	5.349959e-09	2.287028e-08	3.843208e+01	1.501648e+03
1.640000e-06	5.352915e-09	2.287454e-08	3.845332e+01	1.501941e+03
1.650000e-06	5.353846e-09	2.287754e-08	3.846000e+01	1.502092e+03
1.660000e-06	5.352974e-09	2.287890e-08	3.845374e+01	1.502092e+03
1.670000e-06	5.350454e-09	2.287544e-08	3.843564e+01	1.501944e+03
1.680000e-06	5.346218e-09	2.287232e-08	3.840521e+01	1.501672e+03
1.690000e-06	5.340059e-09	2.286796e-08	3.836096e+01	1.501306e+03
1.700000e-06	5.332123e-09	2.286248e-08	3.830395e+01	1.500877e+03
1.710000e-06	5.322631e-09	2.285775e-08	3.823577e+01	1.500405e+03
1.720000e-06	5.311448e-09	2.285304e-08	3.815543e+01	1.499896e+03
1.730000e-06	5.298273e-09	2.285421e-08	3.806079e+01	1.499341e+03
1.740000e-06	5.283151e-09	2.281414e-08	3.795216e+01	1.498719e+03
1.750000e-06	5.265942e-09	2.277071e-08	3.782853e+01	1.498010e+03
1.760000e-06	5.246064e-09	2.278120e-08	3.768574e+01	1.497203e+03
1.770000e-06	5.223666e-09	2.277743e-08	3.752484e+01	1.496301e+03
1.780000e-06	5.199625e-09	2.282093e-08	3.735214e+01	1.495325e+03
1.790000e-06	5.174749e-09	2.280040e-08	3.717344e+01	1.494309e+03
1.800000e-06	5.148890e-09	2.268826e-08	3.698768e+01	1.493287e+03
1.810000e-06	5.121002e-09	2.275623e-08	3.678734e+01	1.492283e+03
1.820000e-06	5.091092e-09	2.274521e-08	3.657248e+01	1.491302e+03
1.830000e-06	5.059672e-09	2.265760e-08	3.634677e+01	1.490321e+03
1.840000e-06	5.026308e-09	2.272976e-08	3.610710e+01	1.489295e+03
1.850000e-06	4.991218e-09	2.265916e-08	3.585503e+01	1.488162e+03
1.860000e-06	4.954484e-09	2.261140e-08	3.559114e+01	1.486860e+03
1.870000e-06	4.915762e-09	2.268280e-08	3.531297e+01	1.485344e+03
1.880000e-06	4.875434e-09	2.259981e-08	3.502327e+01	1.483591e+03
1.890000e-06	4.833413e-09	2.257852e-08	3.472141e+01	1.481615e+03
1.900000e-06	4.789651e-09	2.254580e-08	3.440704e+01	1.479455e+03
1.910000e-06	4.744231e-09	2.246960e-08	3.408076e+01	1.477171e+03
1.920000e-06	4.696770e-09	2.250771e-08	3.373982e+01	1.474822e+03
1.930000e-06	4.647533e-09	2.241189e-08	3.338612e+01	1.472459e+03
1.940000e-06	4.596567e-09	2.238424e-08	3.302000e+01	1.470106e+03
1.950000e-06	4.543503e-09	2.240057e-08	3.263881e+01	1.467756e+03
1.960000e-06	4.488635e-09	2.232916e-08	3.224466e+01	1.465380e+03
1.970000e-06	4.432109e-09	2.232946e-08	3.183860e+01	1.462930e+03
1.980000e-06	4.374044e-09	2.222863e-08	3.142148e+01	1.460359e+03
1.990000e-06	4.314500e-09	2.218628e-08	3.099374e+01	1.457633e+03
2.000000e-06	4.253285e-09	2.216545e-08	3.055399e+01	1.454737e+03
2.010000e-06	4.190482e-09	2.209785e-08	3.010284e+01	1.451684e+03
2.020000e-06	4.126148e-09	2.210065e-08	2.964069e+01	1.448505e+03
2.030000e-06	4.060401e-09	2.201060e-08	2.916839e+01	1.445237e+03
2.040000e-06	3.993326e-09	2.197955e-08	2.868655e+01	1.441915e+03
2.050000e-06	3.924800e-09	2.193928e-08	2.819428e+01	1.438557e+03
2.060000e-06	3.854748e-09	2.185593e-08	2.769106e+01	1.435159e+03
2.070000e-06	3.783234e-09	2.181801e-08	2.717732e+01	1.431696e+03
2.080000e-06	3.710461e-09	2.173138e-08	2.665456e+01	1.428132e+03
2.090000e-06	3.636399e-09	2.171809e-08	2.612252e+01	1.424426e+03
2.100000e-06	3.560952e-09	2.165949e-08	2.558054e+01	1.420552e+03
2.110000e-06	3.483964e-09	2.158559e-08	2.502749e+01	1.416501e+03
2.120000e-06	3.405480e-09	2.151837e-08	2.446368e+01	1.412285e+03
2.130000e-06	3.325830e-09	2.142831e-08	2.389151e+01	1.407935e+03
2.140000e-06	3.245053e-09	2.139877e-08	2.331124e+01	1.403486e+03
2.150000e-06	3.163181e-09	2.131830e-08	2.272310e+01	1.398971e+03
2.160000e-06	3.080283e-09	2.125482e-08	2.212760e+01	1.394406e+03
2.170000e-06	2.996329e-09	2.118249e-08	2.152450e+01	1.389786e+03
2.180000e-06	2.911142e-09	2.111113e-08	2.091255e+01	1.385085e+03
2.190000e-06	2.824708e-09	2.104916e-08	2.029164e+01	1.380264e+03
2.200000e-06	2.737264e-09	2.094641e-08	1.966348e+01	1.375281e+03
2.210000e-06	2.648877e-09	2.086339e-08	1.902854e+01	1.370104e+03
2.220000e-06	2.559576e-09	2.077716e-08	1.838703e+01	1.364720e+03
2.230000e-06	2.469425e-09	2.071503e-08	1.773942e+01	1.359138e+03
2.240000e-06	2.378507e-09	2.064058e-08	1.708630e+01	1.353381e+03
2.250000e-06	2.286805e-09	2.054239e-08	1.642755e+01	1.347483e+03
2.260000e-06	2.194200e-09	2.044884e-08	1.576231e+01	1.341471e+03
2.270000e-06	2.100628e-09	2.035271e-08	1.509013e+01	1.335357e+03
2.280000e-06	2.006124e-09	2.026328e-08	1.441124e+01	1.329132e+03
2.290000e-06	1.910875e-09	2.015684e-08	1.372701e+01	1.322768e+03
2.300000e-06	1.815014e-09	2.004859e-08	1.303838e+01	1.316223e+03
2.310000e-06	1.718601e-09	1.995078e-08	1.234579e+01	1.309453e+03
2.320000e-06	1.621667e-09	1.985516e-08	1.164945e+01	1.302427e+03
2.330000e-06	1.524235e-09	1.974838e-08	1.094953e+01	1.295134e+03
2.340000e-06	1.426316e-09	1.962687e-08	1.024612e+01	1.287586e+03
2.350000e-06	1.327916e-09	1.950291e-08	9.539251e+00	1.279812e+03
2.360000e-06	1.229137e-09	1.938487e-08	8.829660e+00	1.271847e+03
2.370000e-06	1.130113e-09	1.926697e-08	8.118311e+00	1.263720e+03
2.380000e-06	1.030847e-09	1.914065e-08	7.405219e+00	1.255441e+03
2.390000e-06	9.312003e-10	1.900907e-08	6.689397e+00	1.246994e+03
2.400000e-06	8.311548e-10	1.887961e-08	5.970708e+00	1.238340e+03
2.410000e-06	7.308152e-10	1.874883e-08	5.249907e+00	1.229419e+03
2.420000e-06	6.302550e-10	1.860412e-08	4.527521e+00	1.220173e+03
2.430000e-06	5.294345e-10	1.844858e-08	3.803264e+00	1.210551e+03
2.440000e-06	4.283546e-10	1.829145e-08	3.077145e+00	1.200522e+03
2.450000e-06	3.271068e-10	1.814260e-08	2.349819e+00	1.190078e+03
2.460000e-06	2.257237e-10	1.798882e-08	1.621522e+00	1.179225e+03
2.470000e-06	1.241827e-10	1.782183e-08	8.920895e-01	1.167972e+03
2.480000e-06	2.252025e-11	1.764348e-08	1.617853e-01	1.156316e+03
2.490000e-06	-7.915745e-11	1.745809e-08	-5.686287e-01	1.144224e+03
2.500000e-06	-1.807722e-10	1.726746e-08	-1.298591e+00	1.131630e+03
2.510000e-06	-2.823124e-10	1.706023e-08	-2.028016e+00	1.118438e+03
2.520000e-06	-3.837598e-10	1.684221e-08	-2.756776e+00	1.104534e+03
2.530000e-06	-4.850480e-10	1.661658e-08	-3.484392e+00	1.089809e+03
2.540000e-06	-5.861167e-10	1.638638e-08	-4.210431e+00	1.074170e+03
2.550000e-06	-6.869093e-10	1.614267e-08	-4.934487e+00	1.057561e+03
2.560000e-06	-7.873822e-10	1.587629e-08	-5.656246e+00	1.039964e+03
2.570000e-06	-8.875194e-10	1.559249e-08	-6.375593e+00	1.021384e+03
2.580000e-06	-9.872994e-10	1.529444e-08	-7.092375e+00	1.001833e+03
2.590000e-06	-1.086693e-09	1.498627e-08	-7.806380e+00	9.813020e+02
2.600000e-06	-1.185708e-09	1.466030e-08	-8.517668e+00	9.597356e+02
2.610000e-06	-1.284350e-09	1.431250e-08	-9.226271e+00	9.370207e+02
2.620000e-06	-1.382568e-09	1.394391e-08	-9.931839e+00	9.129845e+02
2.630000e-06	-1.480315e-09	1.355516e-08	-1.063401e+01	8.874092e+02
2.640000e-06	-1.577534e-09	1.314105e-08	-1.133240e+01	8.600559e+02
2.650000e-06	-1.674161e-09	1.269347e-08	-1.202653e+01	8.306886e+02
2.660000e-06	-1.770214e-09	1.221256e-08	-1.271654e+01	7.990903e+02
2.670000e-06	-1.865753e-09	1.170032e-08	-1.340286e+01	7.650608e+02
2.680000e-06	-1.960739e-09	1.115383e-08	-1.408520e+01	7.283944e+02
2.690000e-06	-2.054989e-09	1.056010e-08	-1.476226e+01	6.888389e+02
2.700000e-06	-2.148302e-09	9.909741e-09	-1.543258e+01	6.460472e+02
2.710000e-06	-2.240635e-09	9.199331e-09	-1.609587e+01	5.995368e+02
2.720000e-06	-2.332093e-09	8.422928e-09	-1.675286e+01	5.486726e+02
2.730000e-06	-2.422764e-09	7.569247e-09	-1.740421e+01	4.926890e+02
2.740000e-06	-2.512608e-09	6.625518e-09	-1.804961e+01	4.307565e+02
2.750000e-06	-2.601537e-09	5.583774e-09	-1.868845e+01	3.620918e+02
2.760000e-06	-2.689587e-09	4.438431e-09	-1.932096e+01	2.860958e+02
2.770000e-06	-2.776846e-09	3.183176e-09	-1.994781e+01	2.024990e+02
2.780000e-06	-2.863229e-09	1.812392e-09	-2.056835e+01	1.114847e+02
2.790000e-06	-2.948479e-09	3.309528e-10	-2.118075e+01	1.376579e+01
2.800000e-06	-3.032521e-09	-1.242593e-09	-2.178448e+01	-8.940523e+01
2.810000e-06	-3.115510e-09	-2.879002e-09	-2.238064e+01	-1.963012e+02
2.820000e-06	-3.197497e-09	-4.543744e-09	-2.296960e+01	-3.048541e+02
2.830000e-06	-3.278416e-09	-6.200718e-09	-2.355089e+01	-4.128382e+02
2.840000e-06	-3.358266e-09	-7.813303e-09	-2.412451e+01	-5.180758e+02
2.850000e-06	-3.436976e-09	-9.350108e-09	-2.468993e+01	-6.186318e+02
2.860000e-06	-3.514238e-09	-1.078920e-08	-2.524495e+01	-7.129678e+02
2.870000e-06	-3.589941e-09	-1.211902e-08	-2.578877e+01	-8.000344e+02
2.880000e-06	-3.664233e-09	-1.333509e-08	-2.632246e+01	-8.792931e+02
2.890000e-06	-3.737177e-09	-1.443567e-08	-2.684646e+01	-9.506712e+02
2.900000e-06	-3.808843e-09	-1.542264e-08	-2.736128e+01	-1.014466e+03
2.910000e-06	-3.879139e-09	-1.630354e-08	-2.786626e+01	-1.071223e+03
2.920000e-06	-3.947826e-09	-1.708786e-08	-2.835968e+01	-1.121607e+03
2.930000e-06	-4.014993e-09	-1.778271e-08	-2.884218e+01	-1.166300e+03
2.940000e-06	-4.080811e-09	-1.839286e-08	-2.931499e+01	-1.205929e+03
2.950000e-06	-4.145249e-09	-1.892780e-08	-2.977790e+01	-1.241030e+03
2.960000e-06	-4.208292e-09	-1.940031e-08	-3.023077e+01	-1.272049e+03
2.970000e-06	-4.269687e-09	-1.981977e-08	-3.067181e+01	-1.299367e+03
2.980000e-06	-4.329337e-09	-2.018977e-08	-3.110031e+01	-1.323329e+03
2.990000e-06	-4.387494e-09	-2.051174e-08	-3.151809e+01	-1.344275e+03
3.000000e-06	-4.444225e-09	-2.079335e-08	-3.192563e+01	-1.362552e+03
3.010000e-06	-4.499444e-09	-2.104341e-08	-3.232229e+01	-1.378510e+03
3.020000e-06	-4.552853e-09	-2.126471e-08	-3.270597e+01	-1.392493e+03
3.030000e-06	-4.604292e-09	-2.145653e-08	-3.307549e+01	-1.404812e+03
3.040000e-06	-4.653911e-09	-2.162425e-08	-3.343193e+01	-1.415730e+03
3.050000e-06	-4.701576e-09	-2.177457e-08	-3.377434e+01	-1.425446e+03
3.060000e-06	-4.747376e-09	-2.190940e-08	-3.410335e+01	-1.434101e+03
3.070000e-06	-4.791676e-09	-2.202619e-08	-3.442158e+01	-1.441786e+03
3.080000e-06	-4.834534e-09	-2.212377e-08	-3.472946e+01	-1.448568e+03
3.090000e-06	-4.875911e-09	-2.221028e-08	-3.502669e+01	-1.454504e+03
3.100000e-06	-4.915748e-09	-2.229031e-08	-3.531287e+01	-1.459667e+03
3.110000e-06	-4.953826e-09	-2.236377e-08	-3.558641e+01	-1.464147e+03
3.120000e-06	-4.989975e-09	-2.242828e-08	-3.584609e+01	-1.468051e+03
3.130000e-06	-5.024331e-09	-2.248455e-08	-3.609289e+01	-1.471491e+03
3.140000e-06	-5.057030e-09	-2.253431e-08	-3.632778e+01	-1.474570e+03
3.150000e-06	-5.087987e-09	-2.258028e-08	-3.655017e+01	-1.477365e+03
3.160000e-06	-5.116956e-09	-2.262001e-08	-3.675827e+01	-1.479924e+03
3.170000e-06	-5.144034e-09	-2.265209e-08	-3.695279e+01	-1.482261e+03
3.180000e-06	-5.169384e-09	-2.267877e-08	-3.713490e+01	-1.484369e+03
3.190000e-06	-5.192965e-09	-2.270474e-08	-3.730429e+01	-1.486228e+03
3.200000e-06	-5.214584e-09	-2.273030e-08	-3.745959e+01	-1.487827e+03
3.210000e-06	-5.234198e-09	-2.275330e-08	-3.760050e+01	-1.489169e+03
3.220000e-06	-5.252042e-09	-2.277284e-08	-3.772868e+01	-1.490277e+03
3.230000e-06	-5.268123e-09	-2.278953e-08	-3.784420e+01	-1.491192e+03
3.240000e-06	-5.282135e-09	-2.280396e-08	-3.794486e+01	-1.491962e+03
3.250000e-06	-5.293908e-09	-2.281443e-08	-3.802943e+01	-1.492632e+03
3.260000e-06	-5.303671e-09	-2.282128e-08	-3.809956e+01	-1.493232e+03
3.270000e-06	-5.311633e-09	-2.282477e-08	-3.815676e+01	-1.493771e+03
3.280000e-06	-5.317631e-09	-2.282969e-08	-3.819985e+01	-1.494235e+03
3.290000e-06	-5.321606e-09	-2.283575e-08	-3.822840e+01	-1.494601e+03
3.300000e-06	-5.323819e-09	-2.284107e-08	-3.824430e+01	-1.494841e+03
3.310000e-06	-5.324317e-09	-2.284150e-08	-3.824788e+01	-1.494932e+03
