# Temperatura_=_58.152
# Concentracion g/m^3_=_21500.0
# C_Vs_to_Am_M_A/Vsm_=_65563218390.804596
# pendiente_HvsI_1/m_=_3716.3
# ordenada_HvsI_A/m_=_1297.0
# frecuencia_Hz_=_302244.6500724007
# Promedio de 20 ciclos

Tiempo_(s)	Campo_(V.s)	Magnetizacion_(V.s)	Campo_(kA/m)	Magnetizacion_(A/m)
0.000000e+00	-6.667484e-09	-2.472210e-08	-4.770558e+01	-1.615313e+03
1.000000e-08	-6.664035e-09	-2.471832e-08	-4.768090e+01	-1.615461e+03
2.000000e-08	-6.658404e-09	-2.471099e-08	-4.764061e+01	-1.615632e+03
3.000000e-08	-6.650763e-09	-2.470575e-08	-4.758594e+01	-1.615701e+03
4.000000e-08	-6.640916e-09	-2.469662e-08	-4.751548e+01	-1.615551e+03
5.000000e-08	-6.628646e-09	-2.468766e-08	-4.742769e+01	-1.615113e+03
6.000000e-08	-6.613912e-09	-2.467173e-08	-4.732227e+01	-1.614384e+03
7.000000e-08	-6.596767e-09	-2.465202e-08	-4.719960e+01	-1.613428e+03
8.000000e-08	-6.577422e-09	-2.467867e-08	-4.706119e+01	-1.612356e+03
9.000000e-08	-6.555736e-09	-2.468282e-08	-4.690602e+01	-1.611297e+03
1.000000e-07	-6.531409e-09	-2.464194e-08	-4.673196e+01	-1.610361e+03
1.100000e-07	-6.504449e-09	-2.462492e-08	-4.653906e+01	-1.609610e+03
1.200000e-07	-6.475204e-09	-2.461522e-08	-4.632981e+01	-1.609046e+03
1.300000e-07	-6.444157e-09	-2.455423e-08	-4.610767e+01	-1.608614e+03
1.400000e-07	-6.411466e-09	-2.455726e-08	-4.587377e+01	-1.608223e+03
1.500000e-07	-6.376706e-09	-2.460026e-08	-4.562506e+01	-1.607769e+03
1.600000e-07	-6.339766e-09	-2.449070e-08	-4.536076e+01	-1.607171e+03
1.700000e-07	-6.300839e-09	-2.453098e-08	-4.508224e+01	-1.606385e+03
1.800000e-07	-6.259496e-09	-2.454325e-08	-4.478643e+01	-1.605412e+03
1.900000e-07	-6.215788e-09	-2.446999e-08	-4.447370e+01	-1.604290e+03
2.000000e-07	-6.170012e-09	-2.451153e-08	-4.414617e+01	-1.603073e+03
2.100000e-07	-6.121936e-09	-2.443004e-08	-4.380219e+01	-1.601810e+03
2.200000e-07	-6.071329e-09	-2.440590e-08	-4.344010e+01	-1.600522e+03
2.300000e-07	-6.018091e-09	-2.440158e-08	-4.305919e+01	-1.599202e+03
2.400000e-07	-5.962492e-09	-2.436337e-08	-4.266137e+01	-1.597810e+03
2.500000e-07	-5.904638e-09	-2.436510e-08	-4.224743e+01	-1.596293e+03
2.600000e-07	-5.844498e-09	-2.431754e-08	-4.181713e+01	-1.594605e+03
2.700000e-07	-5.782302e-09	-2.429458e-08	-4.137212e+01	-1.592722e+03
2.800000e-07	-5.718099e-09	-2.426410e-08	-4.091275e+01	-1.590657e+03
2.900000e-07	-5.651710e-09	-2.423192e-08	-4.043774e+01	-1.588452e+03
3.000000e-07	-5.583101e-09	-2.419173e-08	-3.994684e+01	-1.586169e+03
3.100000e-07	-5.512415e-09	-2.412878e-08	-3.944109e+01	-1.583871e+03
3.200000e-07	-5.439757e-09	-2.412438e-08	-3.892122e+01	-1.581597e+03
3.300000e-07	-5.364993e-09	-2.408565e-08	-3.838629e+01	-1.579351e+03
3.400000e-07	-5.288079e-09	-2.404864e-08	-3.783597e+01	-1.577097e+03
3.500000e-07	-5.209026e-09	-2.401379e-08	-3.727035e+01	-1.574775e+03
3.600000e-07	-5.127866e-09	-2.395086e-08	-3.668965e+01	-1.572311e+03
3.700000e-07	-5.044903e-09	-2.391753e-08	-3.609605e+01	-1.569648e+03
3.800000e-07	-4.960326e-09	-2.387214e-08	-3.549091e+01	-1.566762e+03
3.900000e-07	-4.874175e-09	-2.383433e-08	-3.487450e+01	-1.563668e+03
4.000000e-07	-4.786457e-09	-2.377971e-08	-3.424688e+01	-1.560418e+03
4.100000e-07	-4.697095e-09	-2.373631e-08	-3.360750e+01	-1.557083e+03
4.200000e-07	-4.605981e-09	-2.369356e-08	-3.295558e+01	-1.553731e+03
4.300000e-07	-4.513183e-09	-2.363466e-08	-3.229162e+01	-1.550401e+03
4.400000e-07	-4.418854e-09	-2.358059e-08	-3.161670e+01	-1.547090e+03
4.500000e-07	-4.322997e-09	-2.351512e-08	-3.093084e+01	-1.543753e+03
4.600000e-07	-4.225559e-09	-2.346473e-08	-3.023367e+01	-1.540314e+03
4.700000e-07	-4.126552e-09	-2.341019e-08	-2.952528e+01	-1.536686e+03
4.800000e-07	-4.026056e-09	-2.335086e-08	-2.880624e+01	-1.532804e+03
4.900000e-07	-3.924172e-09	-2.328204e-08	-2.807726e+01	-1.528638e+03
5.000000e-07	-3.820901e-09	-2.321335e-08	-2.733836e+01	-1.524208e+03
5.100000e-07	-3.716204e-09	-2.314817e-08	-2.658926e+01	-1.519573e+03
5.200000e-07	-3.610095e-09	-2.307926e-08	-2.583005e+01	-1.514815e+03
5.300000e-07	-3.502612e-09	-2.300818e-08	-2.506102e+01	-1.510011e+03
5.400000e-07	-3.393841e-09	-2.293119e-08	-2.428277e+01	-1.505203e+03
5.500000e-07	-3.283871e-09	-2.285775e-08	-2.349593e+01	-1.500387e+03
5.600000e-07	-3.172772e-09	-2.278120e-08	-2.270102e+01	-1.495509e+03
5.700000e-07	-3.060515e-09	-2.269825e-08	-2.189783e+01	-1.490479e+03
5.800000e-07	-2.947018e-09	-2.260689e-08	-2.108576e+01	-1.485196e+03
5.900000e-07	-2.832246e-09	-2.251501e-08	-2.026457e+01	-1.479584e+03
6.000000e-07	-2.716241e-09	-2.242599e-08	-1.943456e+01	-1.473607e+03
6.100000e-07	-2.599153e-09	-2.233679e-08	-1.859680e+01	-1.467289e+03
6.200000e-07	-2.481109e-09	-2.224172e-08	-1.775220e+01	-1.460697e+03
6.300000e-07	-2.362191e-09	-2.213974e-08	-1.690135e+01	-1.453926e+03
6.400000e-07	-2.242468e-09	-2.203676e-08	-1.604474e+01	-1.447060e+03
6.500000e-07	-2.121943e-09	-2.192967e-08	-1.518238e+01	-1.440144e+03
6.600000e-07	-2.000648e-09	-2.181630e-08	-1.431452e+01	-1.433164e+03
6.700000e-07	-1.878651e-09	-2.169564e-08	-1.344164e+01	-1.426047e+03
6.800000e-07	-1.755979e-09	-2.157328e-08	-1.256392e+01	-1.418673e+03
6.900000e-07	-1.632659e-09	-2.145233e-08	-1.168157e+01	-1.410916e+03
7.000000e-07	-1.508732e-09	-2.133028e-08	-1.079488e+01	-1.402675e+03
7.100000e-07	-1.384262e-09	-2.120063e-08	-9.904302e+00	-1.393904e+03
7.200000e-07	-1.259347e-09	-2.106099e-08	-9.010544e+00	-1.384627e+03
7.300000e-07	-1.134056e-09	-2.091390e-08	-8.114086e+00	-1.374928e+03
7.400000e-07	-1.008440e-09	-2.076206e-08	-7.215314e+00	-1.364920e+03
7.500000e-07	-8.825266e-10	-2.060645e-08	-6.314406e+00	-1.354706e+03
7.600000e-07	-7.563326e-10	-2.044367e-08	-5.411493e+00	-1.344336e+03
7.700000e-07	-6.299109e-10	-2.027622e-08	-4.506951e+00	-1.333781e+03
7.800000e-07	-5.033027e-10	-2.010354e-08	-3.601074e+00	-1.322929e+03
7.900000e-07	-3.765443e-10	-1.992508e-08	-2.694122e+00	-1.311608e+03
8.000000e-07	-2.496520e-10	-1.973828e-08	-1.786213e+00	-1.299621e+03
8.100000e-07	-1.226436e-10	-1.953792e-08	-8.774727e-01	-1.286799e+03
8.200000e-07	4.427732e-12	-1.932673e-08	3.171791e-02	-1.273030e+03
8.300000e-07	1.315162e-10	-1.910596e-08	9.410307e-01	-1.258282e+03
8.400000e-07	2.585890e-10	-1.887409e-08	1.850232e+00	-1.242589e+03
8.500000e-07	3.855989e-10	-1.862723e-08	2.758983e+00	-1.226010e+03
8.600000e-07	5.124821e-10	-1.836197e-08	3.666827e+00	-1.208578e+03
8.700000e-07	6.391995e-10	-1.807781e-08	4.573485e+00	-1.190251e+03
8.800000e-07	7.657342e-10	-1.777284e-08	5.478836e+00	-1.170882e+03
8.900000e-07	8.920615e-10	-1.744392e-08	6.382702e+00	-1.150217e+03
9.000000e-07	1.018131e-09	-1.708984e-08	7.284724e+00	-1.127938e+03
9.100000e-07	1.143890e-09	-1.671228e-08	8.184528e+00	-1.103714e+03
9.200000e-07	1.269315e-09	-1.631034e-08	9.081937e+00	-1.077261e+03
9.300000e-07	1.394334e-09	-1.587870e-08	9.976439e+00	-1.048378e+03
9.400000e-07	1.518841e-09	-1.540928e-08	1.086728e+01	-1.016933e+03
9.500000e-07	1.642742e-09	-1.489354e-08	1.175379e+01	-9.827882e+02
9.600000e-07	1.765974e-09	-1.432524e-08	1.263551e+01	-9.456804e+02
9.700000e-07	1.888518e-09	-1.369519e-08	1.351231e+01	-9.050706e+02
9.800000e-07	2.010354e-09	-1.299037e-08	1.438404e+01	-8.600093e+02
9.900000e-07	2.131415e-09	-1.219227e-08	1.525022e+01	-8.090636e+02
1.000000e-06	2.251616e-09	-1.127940e-08	1.611026e+01	-7.503465e+02
1.010000e-06	2.370940e-09	-1.022448e-08	1.696402e+01	-6.816712e+02
1.020000e-06	2.489405e-09	-8.989974e-09	1.781163e+01	-6.008279e+02
1.030000e-06	2.606965e-09	-7.536784e-09	1.865276e+01	-5.059486e+02
1.040000e-06	2.723506e-09	-5.838789e-09	1.948661e+01	-3.959014e+02
1.050000e-06	2.838905e-09	-3.904715e-09	2.031228e+01	-2.706377e+02
1.060000e-06	2.953129e-09	-1.774348e-09	2.112955e+01	-1.314202e+02
1.070000e-06	3.066180e-09	4.975908e-10	2.193842e+01	1.912817e+01
1.080000e-06	3.178068e-09	2.858638e-09	2.273898e+01	1.771796e+02
1.090000e-06	3.288869e-09	5.267563e-09	2.353176e+01	3.380492e+02
1.100000e-06	3.398636e-09	7.681499e-09	2.431713e+01	4.966853e+02
1.110000e-06	3.507313e-09	1.001533e-08	2.509472e+01	6.482233e+02
1.120000e-06	3.614754e-09	1.215724e-08	2.586345e+01	7.885096e+02
1.130000e-06	3.720852e-09	1.404049e-08	2.662258e+01	9.145097e+02
1.140000e-06	3.825513e-09	1.565648e-08	2.737143e+01	1.024536e+03
1.150000e-06	3.928729e-09	1.702784e-08	2.810993e+01	1.118270e+03
1.160000e-06	4.030606e-09	1.818516e-08	2.883885e+01	1.196583e+03
1.170000e-06	4.131134e-09	1.915852e-08	2.955813e+01	1.261217e+03
1.180000e-06	4.230184e-09	1.997475e-08	3.026682e+01	1.314386e+03
1.190000e-06	4.327608e-09	2.065811e-08	3.096389e+01	1.358383e+03
1.200000e-06	4.423405e-09	2.122914e-08	3.164932e+01	1.395257e+03
1.210000e-06	4.517696e-09	2.170586e-08	3.232396e+01	1.426621e+03
1.220000e-06	4.610529e-09	2.210539e-08	3.298817e+01	1.453582e+03
1.230000e-06	4.701769e-09	2.244165e-08	3.364099e+01	1.476803e+03
1.240000e-06	4.791202e-09	2.272516e-08	3.428088e+01	1.496638e+03
1.250000e-06	4.878817e-09	2.296276e-08	3.490776e+01	1.513300e+03
1.260000e-06	4.964732e-09	2.316188e-08	3.552249e+01	1.527011e+03
1.270000e-06	5.048979e-09	2.332953e-08	3.612526e+01	1.538090e+03
1.280000e-06	5.131405e-09	2.347169e-08	3.671502e+01	1.546984e+03
1.290000e-06	5.211888e-09	2.359354e-08	3.729087e+01	1.554222e+03
1.300000e-06	5.290447e-09	2.369798e-08	3.785296e+01	1.560342e+03
1.310000e-06	5.367033e-09	2.378853e-08	3.840093e+01	1.565796e+03
1.320000e-06	5.441490e-09	2.386733e-08	3.893366e+01	1.570886e+03
1.330000e-06	5.513828e-09	2.393671e-08	3.945124e+01	1.575741e+03
1.340000e-06	5.584193e-09	2.399759e-08	3.995470e+01	1.580333e+03
1.350000e-06	5.652619e-09	2.405069e-08	4.044428e+01	1.584538e+03
1.360000e-06	5.718962e-09	2.409843e-08	4.091896e+01	1.588212e+03
1.370000e-06	5.783182e-09	2.414302e-08	4.137846e+01	1.591262e+03
1.380000e-06	5.845442e-09	2.418480e-08	4.182392e+01	1.593692e+03
1.390000e-06	5.905797e-09	2.422180e-08	4.225576e+01	1.595607e+03
1.400000e-06	5.964053e-09	2.425276e-08	4.267257e+01	1.597193e+03
1.410000e-06	6.020116e-09	2.428069e-08	4.307371e+01	1.598658e+03
1.420000e-06	6.074016e-09	2.430813e-08	4.345936e+01	1.600180e+03
1.430000e-06	6.125457e-09	2.433573e-08	4.382741e+01	1.601853e+03
1.440000e-06	6.174361e-09	2.436184e-08	4.417732e+01	1.603677e+03
1.450000e-06	6.221023e-09	2.438509e-08	4.451119e+01	1.605558e+03
1.460000e-06	6.265654e-09	2.440715e-08	4.483051e+01	1.607353e+03
1.470000e-06	6.308055e-09	2.442824e-08	4.513389e+01	1.608918e+03
1.480000e-06	6.348092e-09	2.444748e-08	4.542035e+01	1.610153e+03
1.490000e-06	6.385988e-09	2.446333e-08	4.569150e+01	1.611037e+03
1.500000e-06	6.421707e-09	2.447707e-08	4.594707e+01	1.611631e+03
1.510000e-06	6.455052e-09	2.449115e-08	4.618565e+01	1.612058e+03
1.520000e-06	6.486084e-09	2.450657e-08	4.640768e+01	1.612462e+03
1.530000e-06	6.514987e-09	2.452068e-08	4.661448e+01	1.612964e+03
1.540000e-06	6.541539e-09	2.453088e-08	4.680446e+01	1.613624e+03
1.550000e-06	6.565558e-09	2.453883e-08	4.697631e+01	1.614428e+03
1.560000e-06	6.587300e-09	2.454784e-08	4.713187e+01	1.615290e+03
1.570000e-06	6.606829e-09	2.455733e-08	4.727160e+01	1.616087e+03
1.580000e-06	6.623915e-09	2.456414e-08	4.739385e+01	1.616694e+03
1.590000e-06	6.638502e-09	2.456847e-08	4.749822e+01	1.617028e+03
1.600000e-06	6.650518e-09	2.457299e-08	4.758420e+01	1.617069e+03
1.610000e-06	6.659871e-09	2.457880e-08	4.765112e+01	1.616873e+03
1.620000e-06	6.666762e-09	2.458259e-08	4.770041e+01	1.616546e+03
1.630000e-06	6.671407e-09	2.458210e-08	4.773365e+01	1.616218e+03
1.640000e-06	6.673697e-09	2.458037e-08	4.775003e+01	1.615997e+03
1.650000e-06	6.673570e-09	2.458194e-08	4.774912e+01	1.615943e+03
1.660000e-06	6.671293e-09	2.458065e-08	4.773284e+01	1.616042e+03
1.670000e-06	6.666835e-09	2.458119e-08	4.770093e+01	1.616218e+03
1.680000e-06	6.660052e-09	2.457999e-08	4.765240e+01	1.616351e+03
1.690000e-06	6.651085e-09	2.457629e-08	4.758824e+01	1.616315e+03
1.700000e-06	6.639927e-09	2.457439e-08	4.750840e+01	1.616016e+03
1.710000e-06	6.626419e-09	2.457469e-08	4.741175e+01	1.615418e+03
1.720000e-06	6.610712e-09	2.458102e-08	4.729938e+01	1.614557e+03
1.730000e-06	6.593026e-09	2.451924e-08	4.717283e+01	1.613523e+03
1.740000e-06	6.572820e-09	2.449843e-08	4.702826e+01	1.612443e+03
1.750000e-06	6.549332e-09	2.452673e-08	4.686020e+01	1.611438e+03
1.760000e-06	6.522896e-09	2.450611e-08	4.667105e+01	1.610596e+03
1.770000e-06	6.494148e-09	2.453197e-08	4.646536e+01	1.609949e+03
1.780000e-06	6.463538e-09	2.454218e-08	4.624634e+01	1.609465e+03
1.790000e-06	6.431592e-09	2.442117e-08	4.601777e+01	1.609067e+03
1.800000e-06	6.397924e-09	2.447108e-08	4.577688e+01	1.608654e+03
1.810000e-06	6.361908e-09	2.449690e-08	4.551919e+01	1.608131e+03
1.820000e-06	6.323720e-09	2.444389e-08	4.524595e+01	1.607435e+03
1.830000e-06	6.283236e-09	2.457507e-08	4.495629e+01	1.606547e+03
1.840000e-06	6.240500e-09	2.448554e-08	4.465052e+01	1.605488e+03
1.850000e-06	6.195678e-09	2.446221e-08	4.432982e+01	1.604309e+03
1.860000e-06	6.148431e-09	2.447153e-08	4.399176e+01	1.603063e+03
1.870000e-06	6.099015e-09	2.436415e-08	4.363819e+01	1.601786e+03
1.880000e-06	6.047211e-09	2.442761e-08	4.326753e+01	1.600485e+03
1.890000e-06	5.992751e-09	2.435456e-08	4.287787e+01	1.599133e+03
1.900000e-06	5.936073e-09	2.434930e-08	4.247235e+01	1.597681e+03
1.910000e-06	5.877201e-09	2.437829e-08	4.205112e+01	1.596077e+03
1.920000e-06	5.816138e-09	2.427785e-08	4.161422e+01	1.594286e+03
1.930000e-06	5.752850e-09	2.429951e-08	4.116139e+01	1.592302e+03
1.940000e-06	5.687412e-09	2.421790e-08	4.069318e+01	1.590154e+03
1.950000e-06	5.619978e-09	2.423096e-08	4.021069e+01	1.587900e+03
1.960000e-06	5.550264e-09	2.421610e-08	3.971190e+01	1.585602e+03
1.970000e-06	5.478411e-09	2.414070e-08	3.919779e+01	1.583314e+03
1.980000e-06	5.404533e-09	2.415892e-08	3.866919e+01	1.581057e+03
1.990000e-06	5.328519e-09	2.405557e-08	3.812531e+01	1.578813e+03
2.000000e-06	5.250422e-09	2.406856e-08	3.756653e+01	1.576532e+03
2.010000e-06	5.170330e-09	2.401521e-08	3.699348e+01	1.574142e+03
2.020000e-06	5.088500e-09	2.397107e-08	3.640798e+01	1.571578e+03
2.030000e-06	5.004923e-09	2.395062e-08	3.581000e+01	1.568796e+03
2.040000e-06	4.919538e-09	2.388142e-08	3.519907e+01	1.565794e+03
2.050000e-06	4.832344e-09	2.387095e-08	3.457520e+01	1.562609e+03
2.060000e-06	4.743487e-09	2.378473e-08	3.393943e+01	1.559304e+03
2.070000e-06	4.653062e-09	2.375034e-08	3.329244e+01	1.555954e+03
2.080000e-06	4.561003e-09	2.369188e-08	3.263376e+01	1.552611e+03
2.090000e-06	4.467296e-09	2.366139e-08	3.196330e+01	1.549294e+03
2.100000e-06	4.371952e-09	2.361789e-08	3.128111e+01	1.545978e+03
2.110000e-06	4.275152e-09	2.354551e-08	3.058851e+01	1.542597e+03
2.120000e-06	4.176957e-09	2.349049e-08	2.988593e+01	1.539067e+03
2.130000e-06	4.077300e-09	2.342052e-08	2.917288e+01	1.535310e+03
2.140000e-06	3.976070e-09	2.337756e-08	2.844859e+01	1.531277e+03
2.150000e-06	3.873216e-09	2.330555e-08	2.771267e+01	1.526964e+03
2.160000e-06	3.768895e-09	2.324789e-08	2.696626e+01	1.522415e+03
2.170000e-06	3.663308e-09	2.317621e-08	2.621079e+01	1.517704e+03
2.180000e-06	3.556560e-09	2.311896e-08	2.544701e+01	1.512913e+03
2.190000e-06	3.448593e-09	2.304744e-08	2.467451e+01	1.508104e+03
2.200000e-06	3.339335e-09	2.296503e-08	2.389277e+01	1.503296e+03
2.210000e-06	3.228699e-09	2.288406e-08	2.310118e+01	1.498457e+03
2.220000e-06	3.116769e-09	2.280421e-08	2.230032e+01	1.493511e+03
2.230000e-06	3.003658e-09	2.273409e-08	2.149101e+01	1.488357e+03
2.240000e-06	2.889411e-09	2.264723e-08	2.067359e+01	1.482906e+03
2.250000e-06	2.774008e-09	2.256110e-08	1.984788e+01	1.477100e+03
2.260000e-06	2.657405e-09	2.246483e-08	1.901359e+01	1.470934e+03
2.270000e-06	2.539701e-09	2.238020e-08	1.817142e+01	1.464459e+03
2.280000e-06	2.420965e-09	2.228474e-08	1.732187e+01	1.457760e+03
2.290000e-06	2.301277e-09	2.218483e-08	1.646551e+01	1.450929e+03
2.300000e-06	2.180782e-09	2.207660e-08	1.560337e+01	1.444034e+03
2.310000e-06	2.059621e-09	2.197127e-08	1.473647e+01	1.437090e+03
2.320000e-06	1.937818e-09	2.186626e-08	1.386497e+01	1.430050e+03
2.330000e-06	1.815413e-09	2.175262e-08	1.298917e+01	1.422812e+03
2.340000e-06	1.692405e-09	2.163316e-08	1.210905e+01	1.415249e+03
2.350000e-06	1.568814e-09	2.150611e-08	1.122476e+01	1.407243e+03
2.360000e-06	1.444651e-09	2.138390e-08	1.033638e+01	1.398720e+03
2.370000e-06	1.319987e-09	2.125327e-08	9.444416e+00	1.389671e+03
2.380000e-06	1.194904e-09	2.111758e-08	8.549452e+00	1.380155e+03
2.390000e-06	1.069412e-09	2.096996e-08	7.651564e+00	1.370277e+03
2.400000e-06	9.435473e-10	2.082058e-08	6.751004e+00	1.360149e+03
2.410000e-06	8.173214e-10	2.066737e-08	5.847863e+00	1.349850e+03
2.420000e-06	6.908349e-10	2.050726e-08	4.942857e+00	1.339391e+03
2.430000e-06	5.641076e-10	2.033983e-08	4.036129e+00	1.328696e+03
2.440000e-06	4.371485e-10	2.016459e-08	3.127741e+00	1.317618e+03
2.450000e-06	3.099826e-10	1.998703e-08	2.217874e+00	1.305965e+03
2.460000e-06	1.826450e-10	1.980025e-08	1.306779e+00	1.293550e+03
2.470000e-06	5.520015e-11	1.960014e-08	3.949167e-01	1.280231e+03
2.480000e-06	-7.230035e-11	1.938546e-08	-5.173442e-01	1.265938e+03
2.490000e-06	-1.997844e-10	1.916023e-08	-1.429488e+00	1.250679e+03
2.500000e-06	-3.272095e-10	1.892296e-08	-2.341209e+00	1.234506e+03
2.510000e-06	-4.545316e-10	1.867114e-08	-3.252193e+00	1.217471e+03
2.520000e-06	-5.817179e-10	1.839968e-08	-4.162206e+00	1.199573e+03
2.530000e-06	-7.087224e-10	1.810920e-08	-5.070917e+00	1.180715e+03
2.540000e-06	-8.354627e-10	1.779870e-08	-5.977739e+00	1.160691e+03
2.550000e-06	-9.618684e-10	1.746470e-08	-6.882166e+00	1.139207e+03
2.560000e-06	-1.087886e-09	1.710452e-08	-7.783814e+00	1.115929e+03
2.570000e-06	-1.213510e-09	1.671660e-08	-8.682654e+00	1.090545e+03
2.580000e-06	-1.338725e-09	1.630225e-08	-9.578561e+00	1.062814e+03
2.590000e-06	-1.463440e-09	1.585710e-08	-1.047089e+01	1.032578e+03
2.600000e-06	-1.587579e-09	1.537346e-08	-1.135910e+01	9.997121e+02
2.610000e-06	-1.711057e-09	1.484063e-08	-1.224258e+01	9.640315e+02
2.620000e-06	-1.833825e-09	1.425061e-08	-1.312098e+01	9.251440e+02
2.630000e-06	-1.955882e-09	1.359469e-08	-1.399429e+01	8.823055e+02
2.640000e-06	-2.077245e-09	1.285705e-08	-1.486264e+01	8.343121e+02
2.650000e-06	-2.197917e-09	1.201726e-08	-1.572604e+01	7.794771e+02
2.660000e-06	-2.317803e-09	1.105129e-08	-1.658382e+01	7.157261e+02
2.670000e-06	-2.436770e-09	9.928817e-09	-1.743502e+01	6.408186e+02
2.680000e-06	-2.554745e-09	8.613925e-09	-1.827913e+01	5.526784e+02
2.690000e-06	-2.671681e-09	7.066455e-09	-1.911580e+01	4.497823e+02
2.700000e-06	-2.787504e-09	5.266050e-09	-1.994451e+01	3.315392e+02
2.710000e-06	-2.902168e-09	3.231997e-09	-2.076493e+01	1.985823e+02
2.720000e-06	-3.015641e-09	1.007971e-09	-2.157682e+01	5.290716e+01
2.730000e-06	-3.127899e-09	-1.356866e-09	-2.238002e+01	-1.021879e+02
2.740000e-06	-3.238877e-09	-3.807962e-09	-2.317406e+01	-2.623633e+02
2.750000e-06	-3.348555e-09	-6.288599e-09	-2.395881e+01	-4.226715e+02
2.760000e-06	-3.457087e-09	-8.732909e-09	-2.473535e+01	-5.780911e+02
2.770000e-06	-3.564568e-09	-1.103634e-08	-2.550437e+01	-7.240773e+02
2.780000e-06	-3.670957e-09	-1.310000e-08	-2.626558e+01	-8.570334e+02
2.790000e-06	-3.776176e-09	-1.488890e-08	-2.701842e+01	-9.746285e+02
2.800000e-06	-3.880096e-09	-1.641383e-08	-2.776196e+01	-1.075916e+03
2.810000e-06	-3.982579e-09	-1.770376e-08	-2.849522e+01	-1.161246e+03
2.820000e-06	-4.083539e-09	-1.879157e-08	-2.921758e+01	-1.232001e+03
2.830000e-06	-4.183000e-09	-1.970657e-08	-2.992922e+01	-1.290226e+03
2.840000e-06	-4.281075e-09	-2.047452e-08	-3.063095e+01	-1.338223e+03
2.850000e-06	-4.377771e-09	-2.111753e-08	-3.132280e+01	-1.378187e+03
2.860000e-06	-4.472925e-09	-2.165495e-08	-3.200362e+01	-1.411951e+03
2.870000e-06	-4.566388e-09	-2.210366e-08	-3.267235e+01	-1.440856e+03
2.880000e-06	-4.658180e-09	-2.247824e-08	-3.332912e+01	-1.465761e+03
2.890000e-06	-4.748365e-09	-2.279156e-08	-3.397439e+01	-1.487142e+03
2.900000e-06	-4.836884e-09	-2.305473e-08	-3.460773e+01	-1.505258e+03
2.910000e-06	-4.923575e-09	-2.327514e-08	-3.522801e+01	-1.520312e+03
2.920000e-06	-5.008357e-09	-2.346189e-08	-3.583461e+01	-1.532568e+03
2.930000e-06	-5.091348e-09	-2.362093e-08	-3.642841e+01	-1.542418e+03
2.940000e-06	-5.172630e-09	-2.375557e-08	-3.700998e+01	-1.550359e+03
2.950000e-06	-5.252066e-09	-2.386875e-08	-3.757835e+01	-1.556937e+03
2.960000e-06	-5.329388e-09	-2.396344e-08	-3.813158e+01	-1.562653e+03
2.970000e-06	-5.404537e-09	-2.404597e-08	-3.866926e+01	-1.567885e+03
2.980000e-06	-5.477703e-09	-2.411867e-08	-3.919277e+01	-1.572845e+03
2.990000e-06	-5.548932e-09	-2.418254e-08	-3.970241e+01	-1.577571e+03
3.000000e-06	-5.618069e-09	-2.423795e-08	-4.019707e+01	-1.581974e+03
3.010000e-06	-5.685142e-09	-2.428839e-08	-4.067698e+01	-1.585912e+03
3.020000e-06	-5.750305e-09	-2.433575e-08	-4.114322e+01	-1.589259e+03
3.030000e-06	-5.813496e-09	-2.437891e-08	-4.159534e+01	-1.591970e+03
3.040000e-06	-5.874535e-09	-2.441634e-08	-4.203208e+01	-1.594105e+03
3.050000e-06	-5.933394e-09	-2.444920e-08	-4.245321e+01	-1.595819e+03
3.060000e-06	-5.990223e-09	-2.447902e-08	-4.285982e+01	-1.597315e+03
3.070000e-06	-6.044981e-09	-2.450642e-08	-4.325161e+01	-1.598793e+03
3.080000e-06	-6.097378e-09	-2.453045e-08	-4.362651e+01	-1.600389e+03
3.090000e-06	-6.147250e-09	-2.455230e-08	-4.398334e+01	-1.602150e+03
3.100000e-06	-6.194601e-09	-2.457183e-08	-4.432213e+01	-1.604019e+03
3.110000e-06	-6.239732e-09	-2.459152e-08	-4.464504e+01	-1.605874e+03
3.120000e-06	-6.282925e-09	-2.461142e-08	-4.495409e+01	-1.607562e+03
3.130000e-06	-6.324123e-09	-2.463043e-08	-4.524886e+01	-1.608958e+03
3.140000e-06	-6.363144e-09	-2.464642e-08	-4.552805e+01	-1.610003e+03
3.150000e-06	-6.399851e-09	-2.465910e-08	-4.579068e+01	-1.610720e+03
3.160000e-06	-6.434284e-09	-2.467035e-08	-4.603705e+01	-1.611208e+03
3.170000e-06	-6.466519e-09	-2.468032e-08	-4.626769e+01	-1.611605e+03
3.180000e-06	-6.496377e-09	-2.468837e-08	-4.648133e+01	-1.612049e+03
3.190000e-06	-6.523836e-09	-2.469544e-08	-4.667779e+01	-1.612632e+03
3.200000e-06	-6.549078e-09	-2.470361e-08	-4.685839e+01	-1.613376e+03
3.210000e-06	-6.571952e-09	-2.471233e-08	-4.702206e+01	-1.614225e+03
3.220000e-06	-6.592377e-09	-2.472084e-08	-4.716820e+01	-1.615069e+03
3.230000e-06	-6.610508e-09	-2.472638e-08	-4.729792e+01	-1.615778e+03
3.240000e-06	-6.626333e-09	-2.472865e-08	-4.741115e+01	-1.616246e+03
3.250000e-06	-6.639536e-09	-2.472831e-08	-4.750562e+01	-1.616421e+03
3.260000e-06	-6.650086e-09	-2.472721e-08	-4.758110e+01	-1.616325e+03
3.270000e-06	-6.658283e-09	-2.472479e-08	-4.763975e+01	-1.616043e+03
3.280000e-06	-6.664063e-09	-2.472284e-08	-4.768110e+01	-1.615700e+03
3.290000e-06	-6.667427e-09	-2.472154e-08	-4.770517e+01	-1.615418e+03
3.300000e-06	-6.668594e-09	-2.472049e-08	-4.771352e+01	-1.615283e+03
