# Temperatura_=_52.23136363636363
# Concentracion g/m^3_=_21600.0
# C_Vs_to_Am_M_A/Vsm_=_65563218390.804596
# pendiente_HvsI_1/m_=_3716.3
# ordenada_HvsI_A/m_=_1297.0
# frecuencia_Hz_=_302005.62826134823
# Promedio de 22 ciclos

Tiempo_(s)	Campo_(V.s)	Magnetizacion_(V.s)	Campo_(kA/m)	Magnetizacion_(A/m)
0.000000e+00	-5.359609e-09	-2.284661e-08	-3.824361e+01	-1.496454e+03
1.000000e-08	-5.358061e-09	-2.285238e-08	-3.823257e+01	-1.496437e+03
2.000000e-08	-5.354546e-09	-2.285634e-08	-3.820749e+01	-1.496285e+03
3.000000e-08	-5.349316e-09	-2.285630e-08	-3.817017e+01	-1.496009e+03
4.000000e-08	-5.342506e-09	-2.285401e-08	-3.812158e+01	-1.495628e+03
5.000000e-08	-5.334113e-09	-2.284606e-08	-3.806169e+01	-1.495155e+03
6.000000e-08	-5.323808e-09	-2.283478e-08	-3.798816e+01	-1.494601e+03
7.000000e-08	-5.311428e-09	-2.281621e-08	-3.789983e+01	-1.493967e+03
8.000000e-08	-5.297149e-09	-2.279101e-08	-3.779793e+01	-1.493252e+03
9.000000e-08	-5.280652e-09	-2.281900e-08	-3.768022e+01	-1.492455e+03
1.000000e-07	-5.261845e-09	-2.285113e-08	-3.754602e+01	-1.491582e+03
1.100000e-07	-5.241046e-09	-2.280281e-08	-3.739762e+01	-1.490650e+03
1.200000e-07	-5.218439e-09	-2.276803e-08	-3.723630e+01	-1.489685e+03
1.300000e-07	-5.194334e-09	-2.271696e-08	-3.706430e+01	-1.488717e+03
1.400000e-07	-5.168875e-09	-2.263808e-08	-3.688264e+01	-1.487770e+03
1.500000e-07	-5.141713e-09	-2.274610e-08	-3.668883e+01	-1.486854e+03
1.600000e-07	-5.112759e-09	-2.271032e-08	-3.648222e+01	-1.485955e+03
1.700000e-07	-5.082309e-09	-2.257955e-08	-3.626495e+01	-1.485032e+03
1.800000e-07	-5.050149e-09	-2.271368e-08	-3.603547e+01	-1.484025e+03
1.900000e-07	-5.015861e-09	-2.264914e-08	-3.579081e+01	-1.482862e+03
2.000000e-07	-4.979877e-09	-2.257023e-08	-3.553404e+01	-1.481475e+03
2.100000e-07	-4.942415e-09	-2.262485e-08	-3.526673e+01	-1.479818e+03
2.200000e-07	-4.903195e-09	-2.248550e-08	-3.498688e+01	-1.477877e+03
2.300000e-07	-4.862177e-09	-2.246036e-08	-3.469419e+01	-1.475674e+03
2.400000e-07	-4.819154e-09	-2.251133e-08	-3.438720e+01	-1.473264e+03
2.500000e-07	-4.774239e-09	-2.244582e-08	-3.406672e+01	-1.470723e+03
2.600000e-07	-4.727602e-09	-2.244317e-08	-3.373393e+01	-1.468129e+03
2.700000e-07	-4.679102e-09	-2.237864e-08	-3.338786e+01	-1.465545e+03
2.800000e-07	-4.628598e-09	-2.232083e-08	-3.302749e+01	-1.463007e+03
2.900000e-07	-4.576014e-09	-2.231286e-08	-3.265228e+01	-1.460512e+03
3.000000e-07	-4.521609e-09	-2.224186e-08	-3.226407e+01	-1.458028e+03
3.100000e-07	-4.465609e-09	-2.219131e-08	-3.186448e+01	-1.455499e+03
3.200000e-07	-4.407855e-09	-2.215476e-08	-3.145238e+01	-1.452866e+03
3.300000e-07	-4.348329e-09	-2.216093e-08	-3.102763e+01	-1.450081e+03
3.400000e-07	-4.287312e-09	-2.211328e-08	-3.059224e+01	-1.447119e+03
3.500000e-07	-4.224905e-09	-2.203897e-08	-3.014693e+01	-1.443985e+03
3.600000e-07	-4.161103e-09	-2.199056e-08	-2.969167e+01	-1.440709e+03
3.700000e-07	-4.095781e-09	-2.191413e-08	-2.922557e+01	-1.437334e+03
3.800000e-07	-4.028759e-09	-2.188777e-08	-2.874733e+01	-1.433906e+03
3.900000e-07	-3.960164e-09	-2.184602e-08	-2.825787e+01	-1.430452e+03
4.000000e-07	-3.890256e-09	-2.177477e-08	-2.775904e+01	-1.426980e+03
4.100000e-07	-3.819152e-09	-2.172811e-08	-2.725168e+01	-1.423472e+03
4.200000e-07	-3.746897e-09	-2.167771e-08	-2.673610e+01	-1.419890e+03
4.300000e-07	-3.673269e-09	-2.162690e-08	-2.621073e+01	-1.416189e+03
4.400000e-07	-3.597937e-09	-2.154504e-08	-2.567319e+01	-1.412331e+03
4.500000e-07	-3.521021e-09	-2.147265e-08	-2.512436e+01	-1.408294e+03
4.600000e-07	-3.442740e-09	-2.142092e-08	-2.456579e+01	-1.404079e+03
4.700000e-07	-3.363073e-09	-2.136998e-08	-2.399732e+01	-1.399707e+03
4.800000e-07	-3.282044e-09	-2.131583e-08	-2.341914e+01	-1.395214e+03
4.900000e-07	-3.199789e-09	-2.122649e-08	-2.283221e+01	-1.390636e+03
5.000000e-07	-3.116452e-09	-2.115096e-08	-2.223755e+01	-1.385997e+03
5.100000e-07	-3.032174e-09	-2.107915e-08	-2.163618e+01	-1.381303e+03
5.200000e-07	-2.947063e-09	-2.100346e-08	-2.102887e+01	-1.376537e+03
5.300000e-07	-2.861018e-09	-2.092282e-08	-2.041490e+01	-1.371664e+03
5.400000e-07	-2.773974e-09	-2.084106e-08	-1.979379e+01	-1.366643e+03
5.500000e-07	-2.686019e-09	-2.077818e-08	-1.916619e+01	-1.361437e+03
5.600000e-07	-2.597100e-09	-2.070841e-08	-1.853170e+01	-1.356024e+03
5.700000e-07	-2.507062e-09	-2.062295e-08	-1.788924e+01	-1.350404e+03
5.800000e-07	-2.415859e-09	-2.051565e-08	-1.723846e+01	-1.344596e+03
5.900000e-07	-2.323703e-09	-2.041496e-08	-1.658088e+01	-1.338629e+03
6.000000e-07	-2.230845e-09	-2.032875e-08	-1.591828e+01	-1.332535e+03
6.100000e-07	-2.137298e-09	-2.024010e-08	-1.525078e+01	-1.326333e+03
6.200000e-07	-2.042980e-09	-2.014194e-08	-1.457777e+01	-1.320024e+03
6.300000e-07	-1.947922e-09	-2.003857e-08	-1.389948e+01	-1.313585e+03
6.400000e-07	-1.852229e-09	-1.994377e-08	-1.321667e+01	-1.306979e+03
6.500000e-07	-1.755919e-09	-1.984672e-08	-1.252944e+01	-1.300164e+03
6.600000e-07	-1.658948e-09	-1.973193e-08	-1.183750e+01	-1.293101e+03
6.700000e-07	-1.561270e-09	-1.960467e-08	-1.114052e+01	-1.285772e+03
6.800000e-07	-1.462893e-09	-1.948693e-08	-1.043855e+01	-1.278179e+03
6.900000e-07	-1.363895e-09	-1.937990e-08	-9.732147e+00	-1.270347e+03
7.000000e-07	-1.264367e-09	-1.926711e-08	-9.021960e+00	-1.262309e+03
7.100000e-07	-1.164396e-09	-1.913739e-08	-8.308616e+00	-1.254098e+03
7.200000e-07	-1.064075e-09	-1.900156e-08	-7.592777e+00	-1.245733e+03
7.300000e-07	-9.634800e-10	-1.887184e-08	-6.874977e+00	-1.237207e+03
7.400000e-07	-8.626474e-10	-1.874265e-08	-6.155483e+00	-1.228488e+03
7.500000e-07	-7.615752e-10	-1.860212e-08	-5.434280e+00	-1.219523e+03
7.600000e-07	-6.602585e-10	-1.845140e-08	-4.711332e+00	-1.210253e+03
7.700000e-07	-5.587126e-10	-1.830472e-08	-3.986749e+00	-1.200623e+03
7.800000e-07	-4.569680e-10	-1.816044e-08	-3.260749e+00	-1.190595e+03
7.900000e-07	-3.550741e-10	-1.800523e-08	-2.533682e+00	-1.180156e+03
8.000000e-07	-2.530512e-10	-1.783317e-08	-1.805696e+00	-1.169312e+03
8.100000e-07	-1.508988e-10	-1.765363e-08	-1.076785e+00	-1.158079e+03
8.200000e-07	-4.864896e-11	-1.747623e-08	-3.471792e-01	-1.146465e+03
8.300000e-07	5.364963e-11	-1.729737e-08	3.827747e-01	-1.134454e+03
8.400000e-07	1.559614e-10	-1.710858e-08	1.112823e+00	-1.122000e+03
8.500000e-07	2.582414e-10	-1.690665e-08	1.842644e+00	-1.109019e+03
8.600000e-07	3.604380e-10	-1.669766e-08	2.571870e+00	-1.095405e+03
8.700000e-07	4.625185e-10	-1.648120e-08	3.300268e+00	-1.081040e+03
8.800000e-07	5.644599e-10	-1.624893e-08	4.027673e+00	-1.065822e+03
8.900000e-07	6.662224e-10	-1.599486e-08	4.753802e+00	-1.049673e+03
9.000000e-07	7.677554e-10	-1.572607e-08	5.478293e+00	-1.032556e+03
9.100000e-07	8.690240e-10	-1.545286e-08	6.200897e+00	-1.014461e+03
9.200000e-07	9.700164e-10	-1.517018e-08	6.921531e+00	-9.953971e+02
9.300000e-07	1.070740e-09	-1.486817e-08	7.640249e+00	-9.753624e+02
9.400000e-07	1.171177e-09	-1.454369e-08	8.356919e+00	-9.543208e+02
9.500000e-07	1.271238e-09	-1.420121e-08	9.070903e+00	-9.321829e+02
9.600000e-07	1.370797e-09	-1.384210e-08	9.781310e+00	-9.087993e+02
9.700000e-07	1.469752e-09	-1.346007e-08	1.048741e+01	-8.839687e+02
9.800000e-07	1.568010e-09	-1.304813e-08	1.118853e+01	-8.574580e+02
9.900000e-07	1.665513e-09	-1.260952e-08	1.188426e+01	-8.290276e+02
1.000000e-06	1.762290e-09	-1.214626e-08	1.257482e+01	-7.984512e+02
1.010000e-06	1.858397e-09	-1.165136e-08	1.326059e+01	-7.655233e+02
1.020000e-06	1.953853e-09	-1.111261e-08	1.394172e+01	-7.300453e+02
1.030000e-06	2.048647e-09	-1.052447e-08	1.461813e+01	-6.917929e+02
1.040000e-06	2.142740e-09	-9.891083e-09	1.528953e+01	-6.504702e+02
1.050000e-06	2.236115e-09	-9.208080e-09	1.595581e+01	-6.056649e+02
1.060000e-06	2.328833e-09	-8.460390e-09	1.661741e+01	-5.568191e+02
1.070000e-06	2.420871e-09	-7.632151e-09	1.727414e+01	-5.032330e+02
1.080000e-06	2.512017e-09	-6.718463e-09	1.792451e+01	-4.441115e+02
1.090000e-06	2.602064e-09	-5.712406e-09	1.856705e+01	-3.786543e+02
1.100000e-06	2.691014e-09	-4.604811e-09	1.920175e+01	-3.061822e+02
1.110000e-06	2.779005e-09	-3.384280e-09	1.982961e+01	-2.262794e+02
1.120000e-06	2.866108e-09	-2.050478e-09	2.045114e+01	-1.389276e+02
1.130000e-06	2.952286e-09	-6.101537e-10	2.106607e+01	-4.460429e+01
1.140000e-06	3.037530e-09	9.215585e-10	2.167433e+01	5.567794e+01
1.150000e-06	3.121879e-09	2.523860e-09	2.227620e+01	1.604026e+02
1.160000e-06	3.205246e-09	4.168555e-09	2.287107e+01	2.676532e+02
1.170000e-06	3.287426e-09	5.818781e-09	2.345747e+01	3.752756e+02
1.180000e-06	3.368367e-09	7.435524e-09	2.403503e+01	4.810748e+02
1.190000e-06	3.448087e-09	8.984214e-09	2.460387e+01	5.830152e+02
1.200000e-06	3.526567e-09	1.044328e-08	2.516387e+01	6.793932e+02
1.210000e-06	3.603812e-09	1.179553e-08	2.571505e+01	7.689574e+02
1.220000e-06	3.679732e-09	1.303106e-08	2.625678e+01	8.509608e+02
1.230000e-06	3.754084e-09	1.414645e-08	2.678732e+01	9.251441e+02
1.240000e-06	3.826855e-09	1.514913e-08	2.730658e+01	9.916610e+02
1.250000e-06	3.898273e-09	1.604928e-08	2.781618e+01	1.050965e+03
1.260000e-06	3.968363e-09	1.685383e-08	2.831632e+01	1.103683e+03
1.270000e-06	4.037121e-09	1.756574e-08	2.880694e+01	1.150500e+03
1.280000e-06	4.104446e-09	1.819388e-08	2.928734e+01	1.192071e+03
1.290000e-06	4.170093e-09	1.874882e-08	2.975577e+01	1.228969e+03
1.300000e-06	4.234146e-09	1.924054e-08	3.021282e+01	1.261673e+03
1.310000e-06	4.296781e-09	1.967313e-08	3.065976e+01	1.290581e+03
1.320000e-06	4.358029e-09	2.005155e-08	3.109679e+01	1.316043e+03
1.330000e-06	4.417899e-09	2.038490e-08	3.152400e+01	1.338386e+03
1.340000e-06	4.476084e-09	2.068058e-08	3.193918e+01	1.357943e+03
1.350000e-06	4.532466e-09	2.094138e-08	3.234149e+01	1.375054e+03
1.360000e-06	4.587224e-09	2.116907e-08	3.273222e+01	1.390062e+03
1.370000e-06	4.640270e-09	2.136946e-08	3.311073e+01	1.403292e+03
1.380000e-06	4.691340e-09	2.154766e-08	3.347514e+01	1.415028e+03
1.390000e-06	4.740390e-09	2.170791e-08	3.382514e+01	1.425499e+03
1.400000e-06	4.787700e-09	2.185113e-08	3.416273e+01	1.434873e+03
1.410000e-06	4.833453e-09	2.197648e-08	3.448920e+01	1.443260e+03
1.420000e-06	4.877667e-09	2.208580e-08	3.480469e+01	1.450734e+03
1.430000e-06	4.920044e-09	2.218422e-08	3.510707e+01	1.457349e+03
1.440000e-06	4.960533e-09	2.227221e-08	3.539598e+01	1.463161e+03
1.450000e-06	4.999378e-09	2.234699e-08	3.567316e+01	1.468242e+03
1.460000e-06	5.036618e-09	2.241051e-08	3.593889e+01	1.472682e+03
1.470000e-06	5.072151e-09	2.246888e-08	3.619244e+01	1.476585e+03
1.480000e-06	5.105745e-09	2.252506e-08	3.643215e+01	1.480054e+03
1.490000e-06	5.137484e-09	2.257603e-08	3.665862e+01	1.483180e+03
1.500000e-06	5.167552e-09	2.261977e-08	3.687317e+01	1.486027e+03
1.510000e-06	5.195956e-09	2.265756e-08	3.707585e+01	1.488630e+03
1.520000e-06	5.222401e-09	2.269265e-08	3.726455e+01	1.490997e+03
1.530000e-06	5.246762e-09	2.272488e-08	3.743838e+01	1.493118e+03
1.540000e-06	5.269284e-09	2.275138e-08	3.759909e+01	1.494979e+03
1.550000e-06	5.290112e-09	2.277163e-08	3.774771e+01	1.496575e+03
1.560000e-06	5.309155e-09	2.278913e-08	3.788359e+01	1.497916e+03
1.570000e-06	5.326190e-09	2.280769e-08	3.800514e+01	1.499028e+03
1.580000e-06	5.341222e-09	2.282561e-08	3.811241e+01	1.499953e+03
1.590000e-06	5.354269e-09	2.284053e-08	3.820550e+01	1.500734e+03
1.600000e-06	5.365125e-09	2.285230e-08	3.828297e+01	1.501410e+03
1.610000e-06	5.373832e-09	2.286277e-08	3.834510e+01	1.502005e+03
1.620000e-06	5.380641e-09	2.287286e-08	3.839369e+01	1.502524e+03
1.630000e-06	5.385675e-09	2.287971e-08	3.842961e+01	1.502958e+03
1.640000e-06	5.388819e-09	2.288200e-08	3.845204e+01	1.503289e+03
1.650000e-06	5.389934e-09	2.288325e-08	3.846000e+01	1.503495e+03
1.660000e-06	5.389196e-09	2.288405e-08	3.845473e+01	1.503564e+03
1.670000e-06	5.386790e-09	2.288090e-08	3.843756e+01	1.503494e+03
1.680000e-06	5.382702e-09	2.288002e-08	3.840840e+01	1.503291e+03
1.690000e-06	5.376683e-09	2.287667e-08	3.836545e+01	1.502972e+03
1.700000e-06	5.368818e-09	2.287122e-08	3.830933e+01	1.502553e+03
1.710000e-06	5.359391e-09	2.286802e-08	3.824206e+01	1.502048e+03
1.720000e-06	5.348297e-09	2.286796e-08	3.816290e+01	1.501463e+03
1.730000e-06	5.335230e-09	2.287643e-08	3.806967e+01	1.500797e+03
1.740000e-06	5.320174e-09	2.280610e-08	3.796223e+01	1.500050e+03
1.750000e-06	5.303029e-09	2.274228e-08	3.783990e+01	1.499222e+03
1.760000e-06	5.283254e-09	2.277688e-08	3.769879e+01	1.498323e+03
1.770000e-06	5.260889e-09	2.278201e-08	3.753921e+01	1.497375e+03
1.780000e-06	5.236797e-09	2.286049e-08	3.736730e+01	1.496406e+03
1.790000e-06	5.211833e-09	2.281531e-08	3.718916e+01	1.495444e+03
1.800000e-06	5.185914e-09	2.263831e-08	3.700422e+01	1.494510e+03
1.810000e-06	5.157998e-09	2.278798e-08	3.680503e+01	1.493604e+03
1.820000e-06	5.128013e-09	2.278798e-08	3.659107e+01	1.492702e+03
1.830000e-06	5.096523e-09	2.267452e-08	3.636637e+01	1.491754e+03
1.840000e-06	5.063116e-09	2.283939e-08	3.612800e+01	1.490695e+03
1.850000e-06	5.027964e-09	2.272505e-08	3.587717e+01	1.489451e+03
1.860000e-06	4.991163e-09	2.265960e-08	3.561457e+01	1.487962e+03
1.870000e-06	4.952350e-09	2.277434e-08	3.533763e+01	1.486193e+03
1.880000e-06	4.911894e-09	2.259292e-08	3.504895e+01	1.484144e+03
1.890000e-06	4.869738e-09	2.259320e-08	3.474814e+01	1.481851e+03
1.900000e-06	4.825799e-09	2.257593e-08	3.443462e+01	1.479380e+03
1.910000e-06	4.780181e-09	2.244810e-08	3.410911e+01	1.476810e+03
1.920000e-06	4.732548e-09	2.255264e-08	3.376922e+01	1.474214e+03
1.930000e-06	4.683140e-09	2.242049e-08	3.341668e+01	1.471646e+03
1.940000e-06	4.632000e-09	2.238922e-08	3.305176e+01	1.469128e+03
1.950000e-06	4.578700e-09	2.242401e-08	3.267144e+01	1.466643e+03
1.960000e-06	4.523580e-09	2.230352e-08	3.227813e+01	1.464148e+03
1.970000e-06	4.466832e-09	2.231385e-08	3.187321e+01	1.461585e+03
1.980000e-06	4.408520e-09	2.218415e-08	3.145712e+01	1.458897e+03
1.990000e-06	4.348699e-09	2.217679e-08	3.103026e+01	1.456044e+03
2.000000e-06	4.287176e-09	2.217039e-08	3.059127e+01	1.453013e+03
2.010000e-06	4.224069e-09	2.208877e-08	3.014096e+01	1.449818e+03
2.020000e-06	4.159441e-09	2.212154e-08	2.967981e+01	1.446498e+03
2.030000e-06	4.093392e-09	2.198679e-08	2.920852e+01	1.443098e+03
2.040000e-06	4.025989e-09	2.196376e-08	2.872756e+01	1.439657e+03
2.050000e-06	3.957058e-09	2.191428e-08	2.823571e+01	1.436197e+03
2.060000e-06	3.886587e-09	2.181694e-08	2.773286e+01	1.432715e+03
2.070000e-06	3.814705e-09	2.180146e-08	2.721995e+01	1.429183e+03
2.080000e-06	3.741557e-09	2.169918e-08	2.669800e+01	1.425560e+03
2.090000e-06	3.667094e-09	2.170645e-08	2.616666e+01	1.421801e+03
2.100000e-06	3.591202e-09	2.163709e-08	2.562513e+01	1.417875e+03
2.110000e-06	3.513752e-09	2.156359e-08	2.507249e+01	1.413766e+03
2.120000e-06	3.434855e-09	2.149616e-08	2.450952e+01	1.409486e+03
2.130000e-06	3.354821e-09	2.140107e-08	2.393843e+01	1.405062e+03
2.140000e-06	3.273641e-09	2.137812e-08	2.335918e+01	1.400532e+03
2.150000e-06	3.191353e-09	2.127965e-08	2.277201e+01	1.395928e+03
2.160000e-06	3.108022e-09	2.122666e-08	2.217740e+01	1.391268e+03
2.170000e-06	3.023585e-09	2.114798e-08	2.157490e+01	1.386549e+03
2.180000e-06	2.937887e-09	2.108307e-08	2.096340e+01	1.381746e+03
2.190000e-06	2.850966e-09	2.101865e-08	2.034317e+01	1.376820e+03
2.200000e-06	2.763059e-09	2.090741e-08	1.971591e+01	1.371730e+03
2.210000e-06	2.674183e-09	2.082658e-08	1.908173e+01	1.366445e+03
2.220000e-06	2.584385e-09	2.073832e-08	1.844098e+01	1.360949e+03
2.230000e-06	2.493764e-09	2.068335e-08	1.779434e+01	1.355252e+03
2.240000e-06	2.402355e-09	2.059747e-08	1.714210e+01	1.349378e+03
2.250000e-06	2.310101e-09	2.049782e-08	1.648382e+01	1.343358e+03
2.260000e-06	2.216897e-09	2.040231e-08	1.581876e+01	1.337220e+03
2.270000e-06	2.122704e-09	2.030645e-08	1.514665e+01	1.330977e+03
2.280000e-06	2.027608e-09	2.021416e-08	1.446808e+01	1.324621e+03
2.290000e-06	1.931835e-09	2.010146e-08	1.378469e+01	1.318122e+03
2.300000e-06	1.835469e-09	1.999634e-08	1.309707e+01	1.311439e+03
2.310000e-06	1.738492e-09	1.990028e-08	1.240509e+01	1.304529e+03
2.320000e-06	1.640954e-09	1.980484e-08	1.170911e+01	1.297363e+03
2.330000e-06	1.542960e-09	1.969096e-08	1.100987e+01	1.289929e+03
2.340000e-06	1.444525e-09	1.956473e-08	1.030748e+01	1.282239e+03
2.350000e-06	1.345605e-09	1.944074e-08	9.601638e+00	1.274321e+03
2.360000e-06	1.246271e-09	1.932419e-08	8.892835e+00	1.266212e+03
2.370000e-06	1.146655e-09	1.920214e-08	8.182022e+00	1.257939e+03
2.380000e-06	1.046758e-09	1.906984e-08	7.469207e+00	1.249513e+03
2.390000e-06	9.464508e-10	1.893581e-08	6.753461e+00	1.240916e+03
2.400000e-06	8.457106e-10	1.880671e-08	6.034628e+00	1.232108e+03
2.410000e-06	7.446117e-10	1.867416e-08	5.313235e+00	1.223030e+03
2.420000e-06	6.432571e-10	1.852596e-08	4.590017e+00	1.213624e+03
2.430000e-06	5.416408e-10	1.837007e-08	3.864932e+00	1.203841e+03
2.440000e-06	4.397700e-10	1.821425e-08	3.138031e+00	1.193652e+03
2.450000e-06	3.377316e-10	1.806397e-08	2.409934e+00	1.183052e+03
2.460000e-06	2.355323e-10	1.790176e-08	1.680689e+00	1.172053e+03
2.470000e-06	1.331714e-10	1.772579e-08	9.502904e-01	1.160670e+03
2.480000e-06	3.070863e-11	1.754397e-08	2.191654e-01	1.148903e+03
2.490000e-06	-7.176018e-11	1.736262e-08	-5.120030e-01	1.136725e+03
2.500000e-06	-1.741821e-10	1.717547e-08	-1.242837e+00	1.124075e+03
2.510000e-06	-2.765285e-10	1.696846e-08	-1.973132e+00	1.110859e+03
2.520000e-06	-3.787826e-10	1.675016e-08	-2.702768e+00	1.096962e+03
2.530000e-06	-4.808958e-10	1.652482e-08	-3.431399e+00	1.082273e+03
2.540000e-06	-5.828032e-10	1.629417e-08	-4.158561e+00	1.066695e+03
2.550000e-06	-6.844239e-10	1.604621e-08	-4.883678e+00	1.050168e+03
2.560000e-06	-7.857051e-10	1.577647e-08	-5.606373e+00	1.032664e+03
2.570000e-06	-8.866458e-10	1.549465e-08	-6.326637e+00	1.014187e+03
2.580000e-06	-9.871860e-10	1.520394e-08	-7.044044e+00	9.947418e+02
2.590000e-06	-1.087288e-09	1.490111e-08	-7.758321e+00	9.743171e+02
2.600000e-06	-1.186979e-09	1.457559e-08	-8.469675e+00	9.528575e+02
2.610000e-06	-1.286254e-09	1.422762e-08	-9.178051e+00	9.302498e+02
2.620000e-06	-1.385076e-09	1.386071e-08	-9.883201e+00	9.063223e+02
2.630000e-06	-1.483441e-09	1.347357e-08	-1.058508e+01	8.808586e+02
2.640000e-06	-1.581318e-09	1.305835e-08	-1.128349e+01	8.536198e+02
2.650000e-06	-1.678613e-09	1.260821e-08	-1.197774e+01	8.243697e+02
2.660000e-06	-1.775277e-09	1.212736e-08	-1.266749e+01	7.928906e+02
2.670000e-06	-1.871370e-09	1.161827e-08	-1.335316e+01	7.589821e+02
2.680000e-06	-1.966928e-09	1.107384e-08	-1.403502e+01	7.224405e+02
2.690000e-06	-2.061853e-09	1.047991e-08	-1.471236e+01	6.830192e+02
2.700000e-06	-2.155955e-09	9.830310e-09	-1.538383e+01	6.403815e+02
2.710000e-06	-2.249097e-09	9.123879e-09	-1.604844e+01	5.940596e+02
2.720000e-06	-2.341287e-09	8.352689e-09	-1.670627e+01	5.434372e+02
2.730000e-06	-2.432604e-09	7.503762e-09	-1.735786e+01	4.877691e+02
2.740000e-06	-2.523082e-09	6.564009e-09	-1.800347e+01	4.262448e+02
2.750000e-06	-2.612671e-09	5.527757e-09	-1.864273e+01	3.580952e+02
2.760000e-06	-2.701334e-09	4.390418e-09	-1.927539e+01	2.827275e+02
2.770000e-06	-2.789149e-09	3.143466e-09	-1.990200e+01	1.998676e+02
2.780000e-06	-2.876144e-09	1.781007e-09	-2.052275e+01	1.096833e+02
2.790000e-06	-2.962119e-09	3.109933e-10	-2.113623e+01	1.286173e+01
2.800000e-06	-3.046872e-09	-1.244329e-09	-2.174099e+01	-8.937821e+01
2.810000e-06	-3.130455e-09	-2.861034e-09	-2.233740e+01	-1.953464e+02
2.820000e-06	-3.212997e-09	-4.509506e-09	-2.292638e+01	-3.030106e+02
2.830000e-06	-3.294492e-09	-6.155303e-09	-2.350789e+01	-4.101760e+02
2.840000e-06	-3.374911e-09	-7.760535e-09	-2.408172e+01	-5.146867e+02
2.850000e-06	-3.454217e-09	-9.290684e-09	-2.464761e+01	-6.146196e+02
2.860000e-06	-3.532183e-09	-1.072511e-08	-2.520394e+01	-7.084380e+02
2.870000e-06	-3.608599e-09	-1.205169e-08	-2.574920e+01	-7.950866e+02
2.880000e-06	-3.683527e-09	-1.326412e-08	-2.628386e+01	-8.740160e+02
2.890000e-06	-3.757069e-09	-1.435721e-08	-2.680862e+01	-9.451411e+02
2.900000e-06	-3.829274e-09	-1.533467e-08	-2.732384e+01	-1.008749e+03
2.910000e-06	-3.900153e-09	-1.620801e-08	-2.782960e+01	-1.065376e+03
2.920000e-06	-3.969480e-09	-1.698799e-08	-2.832428e+01	-1.115685e+03
2.930000e-06	-4.037208e-09	-1.768158e-08	-2.880756e+01	-1.160358e+03
2.940000e-06	-4.103525e-09	-1.829504e-08	-2.928077e+01	-1.200022e+03
2.950000e-06	-4.168443e-09	-1.883730e-08	-2.974399e+01	-1.235212e+03
2.960000e-06	-4.231978e-09	-1.931793e-08	-3.019735e+01	-1.266375e+03
2.970000e-06	-4.293933e-09	-1.974253e-08	-3.063943e+01	-1.293883e+03
2.980000e-06	-4.354127e-09	-2.011291e-08	-3.106895e+01	-1.318075e+03
2.990000e-06	-4.412748e-09	-2.043487e-08	-3.148724e+01	-1.339278e+03
3.000000e-06	-4.469932e-09	-2.071796e-08	-3.189528e+01	-1.357829e+03
3.010000e-06	-4.525628e-09	-2.097001e-08	-3.229270e+01	-1.374069e+03
3.020000e-06	-4.579547e-09	-2.119462e-08	-3.267744e+01	-1.388338e+03
3.030000e-06	-4.631489e-09	-2.139217e-08	-3.304808e+01	-1.400946e+03
3.040000e-06	-4.681586e-09	-2.156589e-08	-3.340555e+01	-1.412158e+03
3.050000e-06	-4.729768e-09	-2.172083e-08	-3.374935e+01	-1.422179e+03
3.060000e-06	-4.776029e-09	-2.185985e-08	-3.407944e+01	-1.431152e+03
3.070000e-06	-4.820689e-09	-2.198347e-08	-3.439812e+01	-1.439171e+03
3.080000e-06	-4.863912e-09	-2.209024e-08	-3.470654e+01	-1.446300e+03
3.090000e-06	-4.905653e-09	-2.218452e-08	-3.500438e+01	-1.452590e+03
3.100000e-06	-4.945860e-09	-2.226757e-08	-3.529128e+01	-1.458103e+03
3.110000e-06	-4.984343e-09	-2.234050e-08	-3.556588e+01	-1.462919e+03
3.120000e-06	-5.020881e-09	-2.240549e-08	-3.582659e+01	-1.467134e+03
3.130000e-06	-5.055589e-09	-2.246530e-08	-3.607426e+01	-1.470853e+03
3.140000e-06	-5.088622e-09	-2.251968e-08	-3.630997e+01	-1.474177e+03
3.150000e-06	-5.119920e-09	-2.257022e-08	-3.653329e+01	-1.477186e+03
3.160000e-06	-5.149234e-09	-2.261425e-08	-3.674247e+01	-1.479933e+03
3.170000e-06	-5.176620e-09	-2.265300e-08	-3.693788e+01	-1.482443e+03
3.180000e-06	-5.202254e-09	-2.268609e-08	-3.712079e+01	-1.484714e+03
3.190000e-06	-5.226116e-09	-2.271373e-08	-3.729106e+01	-1.486734e+03
3.200000e-06	-5.248030e-09	-2.273635e-08	-3.744743e+01	-1.488490e+03
3.210000e-06	-5.267931e-09	-2.275583e-08	-3.758944e+01	-1.489983e+03
3.220000e-06	-5.286025e-09	-2.277383e-08	-3.771854e+01	-1.491229e+03
3.230000e-06	-5.302351e-09	-2.279189e-08	-3.783504e+01	-1.492262e+03
3.240000e-06	-5.316624e-09	-2.281101e-08	-3.793689e+01	-1.493124e+03
3.250000e-06	-5.328639e-09	-2.282677e-08	-3.802262e+01	-1.493860e+03
3.260000e-06	-5.338592e-09	-2.283855e-08	-3.809364e+01	-1.494501e+03
3.270000e-06	-5.346709e-09	-2.284627e-08	-3.815156e+01	-1.495065e+03
3.280000e-06	-5.352876e-09	-2.285105e-08	-3.819557e+01	-1.495552e+03
3.290000e-06	-5.357012e-09	-2.285116e-08	-3.822508e+01	-1.495948e+03
3.300000e-06	-5.359366e-09	-2.284961e-08	-3.824188e+01	-1.496231e+03
3.310000e-06	-5.359999e-09	-2.284741e-08	-3.824640e+01	-1.496385e+03
