# Configuracion:
# Concentracion g/m^3_=_21500.0
# C_Vs_to_Am_M_A/Vsm_=_65563218390.804596
# pendiente_HvsI_1/m_=_3716.3
# ordenada_HvsI_A/m_=_1297.0
# frecuencia_ref_Hz_=_302244.6500724007
# 
Resultados:
# tau_ns_=_(2.25+/-0.13)e+02
# dphi_rad_=_6.69+/-0.02
# SAR_W/g_=_2025.23+/-110.73
# Hc_kA/m_=_21.89+/-0.94
# Mr_A/m_=_1273.75+/-20.80
# Magnetizacion_max_=_1617.15+/-22.10
# Suceptibilidad_a_M=0_=_(1.906+/-0.044)e-01

Nombre_archivo	Time_m_(s)	Temperatura_(ºC)	Mr_(A/m)	Hc_(kA/m)	Campo_max_(A/m)	Mag_max_(A/m)	f0	mag0	dphi0	SAR_(W/g)	Tau_(ns)	N	xi_M_0
300kHz_125dA_100Mss_bobN1M15-0010.txt	5.72	20.22	1262.58	23.22	47750.75	1615.76	3.021800e+05	1.296416e+02	6.713743e+00	2137.09	241.934491	4633	1.790e-01
300kHz_125dA_100Mss_bobN1M15-0011.txt	6.16	22.36	1284.17	23.15	47750.75	1634.54	3.021800e+05	1.313953e+02	6.713092e+00	2162.93	241.519769	4633	1.811e-01
300kHz_125dA_100Mss_bobN1M15-0012.txt	6.62	26.27	1287.96	23.04	47750.75	1630.58	3.021800e+05	1.313633e+02	6.712095e+00	2157.70	240.884485	4633	1.842e-01
300kHz_125dA_100Mss_bobN1M15-0013.txt	7.08	30.16	1287.19	22.91	47750.75	1632.58	3.021800e+05	1.314885e+02	6.708340e+00	2142.01	238.497653	4633	1.893e-01
300kHz_125dA_100Mss_bobN1M15-0014.txt	7.53	33.90	1286.63	22.84	47750.75	1630.52	3.021800e+05	1.313373e+02	6.706662e+00	2131.61	237.432498	4633	1.909e-01
300kHz_125dA_100Mss_bobN1M15-0015.txt	8.01	37.96	1287.11	22.70	47750.75	1623.34	3.021800e+05	1.310486e+02	6.705035e+00	2119.25	236.402798	4633	1.885e-01
300kHz_125dA_100Mss_bobN1M15-0016.txt	8.47	45.23	1284.45	22.60	47750.75	1625.00	3.021800e+05	1.310982e+02	6.701564e+00	2103.64	234.210423	4633	1.909e-01
300kHz_125dA_100Mss_bobN1M15-0017.txt	8.92	52.34	1283.84	22.41	47750.75	1621.35	3.021800e+05	1.309601e+02	6.698244e+00	2085.72	232.117482	4633	1.933e-01
300kHz_125dA_100Mss_bobN1M15-0018.txt	9.37	56.26	1282.60	22.31	47750.75	1621.85	3.021800e+05	1.309932e+02	6.695701e+00	2074.20	230.521160	4633	1.899e-01
300kHz_125dA_100Mss_bobN1M15-0019.txt	10.27	62.69	1281.38	22.00	47750.75	1618.59	3.021800e+05	1.309560e+02	6.689364e+00	2043.54	226.553544	4633	1.935e-01
300kHz_125dA_100Mss_bobN1M15-0020.txt	10.72	65.84	1278.63	21.83	47750.75	1627.03	3.021800e+05	1.313940e+02	6.683005e+00	2020.02	222.596311	4633	1.938e-01
300kHz_125dA_100Mss_bobN1M15-0021.txt	11.17	68.90	1279.58	21.64	47750.75	1629.84	3.021800e+05	1.316738e+02	6.679203e+00	2006.09	220.239561	4633	1.908e-01
300kHz_125dA_100Mss_bobN1M15-0022.txt	11.62	71.83	1287.68	21.59	47750.75	1630.43	3.021800e+05	1.321243e+02	6.680472e+00	2019.07	221.025383	4633	1.913e-01
300kHz_125dA_100Mss_bobN1M15-0023.txt	12.08	74.75	1285.61	21.37	47750.75	1633.56	3.021800e+05	1.323283e+02	6.674915e+00	1995.37	217.590541	4633	1.946e-01
300kHz_125dA_100Mss_bobN1M15-0024.txt	12.52	77.21	1284.63	21.19	47750.75	1625.69	3.021148e+05	1.320319e+02	6.672531e+00	1978.98	216.121529	4634	1.943e-01
300kHz_125dA_100Mss_bobN1M15-0025.txt	12.98	79.79	1275.38	20.95	47750.75	1622.65	3.021800e+05	1.316395e+02	6.665836e+00	1941.28	212.012850	4633	1.940e-01
300kHz_125dA_100Mss_bobN1M15-0026.txt	13.43	81.88	1266.51	20.81	47750.75	1611.73	3.021800e+05	1.308333e+02	6.663036e+00	1915.96	210.301140	4633	1.945e-01
300kHz_125dA_100Mss_bobN1M15-0027.txt	13.88	83.95	1251.02	20.62	47750.75	1590.73	3.021800e+05	1.292287e+02	6.659186e+00	1874.20	207.953047	4633	1.936e-01
300kHz_125dA_100Mss_bobN1M15-0028.txt	14.32	85.20	1230.49	20.40	47750.75	1571.67	3.021800e+05	1.276047e+02	6.653315e+00	1823.09	204.387672	4633	1.952e-01
300kHz_125dA_100Mss_bobN1M15-0029.txt	14.82	86.30	1207.54	20.23	47750.75	1545.59	3.021800e+05	1.254367e+02	6.649132e+00	1772.78	201.855806	4633	1.896e-01
