# Configuracion:
# Concentracion g/m^3_=_21500.0
# C_Vs_to_Am_M_A/Vsm_=_65563218390.804596
# pendiente_HvsI_1/m_=_3716.3
# ordenada_HvsI_A/m_=_1297.0
# frecuencia_ref_Hz_=_302272.9627022499
# 
Resultados:
# tau_ns_=_(2.24+/-0.11)e+02
# dphi_rad_=_6.68+/-0.02
# SAR_W/g_=_2032.69+/-87.21
# Hc_kA/m_=_21.85+/-0.82
# Mr_A/m_=_1281.36+/-9.82
# Magnetizacion_max_=_1629.76+/-9.64
# Suceptibilidad_a_M=0_=_(1.917+/-0.039)e-01

Nombre_archivo	Time_m_(s)	Temperatura_(ºC)	Mr_(A/m)	Hc_(kA/m)	Campo_max_(A/m)	Mag_max_(A/m)	f0	mag0	dphi0	SAR_(W/g)	Tau_(ns)	N	xi_M_0
300kHz_125dA_100Mss_bobN1M15-0011.txt	4.99	22.96	1267.65	23.13	47750.75	1622.12	3.023105e+05	1.301792e+02	6.711156e+00	2134.78	240.194457	4631	1.796e-01
300kHz_125dA_100Mss_bobN1M15-0012.txt	5.44	26.83	1292.94	22.89	47750.75	1647.92	3.022453e+05	1.325389e+02	6.706645e+00	2151.50	237.329605	4632	1.848e-01
300kHz_125dA_100Mss_bobN1M15-0013.txt	5.91	30.92	1295.09	22.85	47750.75	1646.71	3.023105e+05	1.325117e+02	6.705992e+00	2148.40	236.916833	4631	1.915e-01
300kHz_125dA_100Mss_bobN1M15-0014.txt	6.38	34.89	1293.21	22.67	47750.75	1644.60	3.023105e+05	1.324434e+02	6.702021e+00	2128.33	234.407020	4631	1.892e-01
300kHz_125dA_100Mss_bobN1M15-0015.txt	6.83	38.67	1291.73	22.58	47750.75	1637.50	3.023105e+05	1.320093e+02	6.700832e+00	2115.69	233.658307	4631	1.913e-01
300kHz_125dA_100Mss_bobN1M15-0016.txt	7.28	42.37	1290.43	22.46	47750.75	1634.25	3.022453e+05	1.319070e+02	6.698283e+00	2101.44	232.053640	4632	1.929e-01
300kHz_125dA_100Mss_bobN1M15-0017.txt	7.74	46.09	1287.90	22.36	47750.75	1632.08	3.023105e+05	1.317163e+02	6.696053e+00	2088.23	230.652761	4631	1.911e-01
300kHz_125dA_100Mss_bobN1M15-0018.txt	8.18	49.55	1284.32	22.19	47750.75	1626.52	3.022453e+05	1.313950e+02	6.692459e+00	2065.59	228.400504	4632	1.915e-01
300kHz_125dA_100Mss_bobN1M15-0019.txt	9.09	56.36	1281.36	21.95	47750.75	1623.13	3.023105e+05	1.312556e+02	6.687264e+00	2039.10	225.159232	4631	1.923e-01
300kHz_125dA_100Mss_bobN1M15-0020.txt	9.54	59.64	1279.29	21.81	47750.75	1621.35	3.023105e+05	1.311849e+02	6.684277e+00	2023.75	223.300820	4631	1.939e-01
300kHz_125dA_100Mss_bobN1M15-0021.txt	10.0	63.00	1279.53	21.70	47750.75	1622.14	3.023105e+05	1.312778e+02	6.681644e+00	2012.60	221.667731	4631	1.959e-01
300kHz_125dA_100Mss_bobN1M15-0022.txt	10.47	66.34	1277.79	21.49	47750.75	1623.37	3.023105e+05	1.314036e+02	6.676621e+00	1990.47	218.560246	4631	1.942e-01
300kHz_125dA_100Mss_bobN1M15-0023.txt	10.96	69.82	1280.03	21.32	47750.75	1627.33	3.023105e+05	1.317974e+02	6.673284e+00	1980.37	216.504217	4631	1.969e-01
300kHz_125dA_100Mss_bobN1M15-0024.txt	11.41	72.93	1281.12	21.17	47750.75	1628.89	3.023105e+05	1.320060e+02	6.670195e+00	1968.60	214.605164	4631	1.941e-01
300kHz_125dA_100Mss_bobN1M15-0025.txt	11.86	76.03	1280.33	20.98	47750.75	1631.66	3.022453e+05	1.322825e+02	6.665506e+00	1949.58	211.731222	4632	1.916e-01
300kHz_125dA_100Mss_bobN1M15-0026.txt	12.31	79.17	1278.07	20.83	47750.75	1631.67	3.023105e+05	1.323079e+02	6.662158e+00	1934.13	209.686556	4631	1.933e-01
300kHz_125dA_100Mss_bobN1M15-0027.txt	12.76	82.32	1266.87	20.55	47750.75	1625.49	3.022453e+05	1.317671e+02	6.655020e+00	1891.24	205.344311	4632	1.953e-01
300kHz_125dA_100Mss_bobN1M15-0028.txt	13.21	85.30	1256.86	20.42	47750.75	1608.89	3.023105e+05	1.305677e+02	6.652974e+00	1864.59	204.103725	4631	1.919e-01
