# Temperatura_=_52.88454545454545
# Concentracion g/m^3_=_21500.0
# C_Vs_to_Am_M_A/Vsm_=_65563218390.804596
# pendiente_HvsI_1/m_=_3716.3
# ordenada_HvsI_A/m_=_1297.0
# frecuencia_Hz_=_302004.8684807589
# Promedio de 22 ciclos

Tiempo_(s)	Campo_(V.s)	Magnetizacion_(V.s)	Campo_(kA/m)	Magnetizacion_(A/m)
0.000000e+00	-5.361320e-09	-2.264916e-08	-3.824345e+01	-1.483787e+03
1.000000e-08	-5.359662e-09	-2.265229e-08	-3.823163e+01	-1.483802e+03
2.000000e-08	-5.356053e-09	-2.265339e-08	-3.820589e+01	-1.483659e+03
3.000000e-08	-5.350724e-09	-2.265078e-08	-3.816787e+01	-1.483377e+03
4.000000e-08	-5.343808e-09	-2.264777e-08	-3.811854e+01	-1.482986e+03
5.000000e-08	-5.335297e-09	-2.264032e-08	-3.805783e+01	-1.482523e+03
6.000000e-08	-5.324881e-09	-2.262908e-08	-3.798353e+01	-1.482019e+03
7.000000e-08	-5.312415e-09	-2.261169e-08	-3.789460e+01	-1.481493e+03
8.000000e-08	-5.298017e-09	-2.259239e-08	-3.779190e+01	-1.480942e+03
9.000000e-08	-5.281336e-09	-2.263629e-08	-3.767291e+01	-1.480348e+03
1.000000e-07	-5.262321e-09	-2.266022e-08	-3.753728e+01	-1.479682e+03
1.100000e-07	-5.241350e-09	-2.259450e-08	-3.738768e+01	-1.478916e+03
1.200000e-07	-5.218605e-09	-2.256565e-08	-3.722544e+01	-1.478026e+03
1.300000e-07	-5.194407e-09	-2.249769e-08	-3.705283e+01	-1.477006e+03
1.400000e-07	-5.168885e-09	-2.244311e-08	-3.687077e+01	-1.475865e+03
1.500000e-07	-5.141614e-09	-2.258253e-08	-3.667624e+01	-1.474623e+03
1.600000e-07	-5.112545e-09	-2.247519e-08	-3.646889e+01	-1.473305e+03
1.700000e-07	-5.081982e-09	-2.237230e-08	-3.625088e+01	-1.471931e+03
1.800000e-07	-5.049635e-09	-2.252903e-08	-3.602014e+01	-1.470510e+03
1.900000e-07	-5.015208e-09	-2.240096e-08	-3.577456e+01	-1.469034e+03
2.000000e-07	-4.979118e-09	-2.237722e-08	-3.551713e+01	-1.467483e+03
2.100000e-07	-4.941477e-09	-2.242692e-08	-3.524862e+01	-1.465832e+03
2.200000e-07	-4.902086e-09	-2.224685e-08	-3.496764e+01	-1.464053e+03
2.300000e-07	-4.860875e-09	-2.226434e-08	-3.467367e+01	-1.462133e+03
2.400000e-07	-4.817625e-09	-2.230124e-08	-3.436516e+01	-1.460072e+03
2.500000e-07	-4.772526e-09	-2.223316e-08	-3.404346e+01	-1.457888e+03
2.600000e-07	-4.725690e-09	-2.225016e-08	-3.370937e+01	-1.455608e+03
2.700000e-07	-4.676976e-09	-2.216490e-08	-3.336188e+01	-1.453266e+03
2.800000e-07	-4.626269e-09	-2.212879e-08	-3.300018e+01	-1.450888e+03
2.900000e-07	-4.573502e-09	-2.213822e-08	-3.262378e+01	-1.448488e+03
3.000000e-07	-4.518954e-09	-2.205635e-08	-3.223468e+01	-1.446060e+03
3.100000e-07	-4.462796e-09	-2.199802e-08	-3.183409e+01	-1.443587e+03
3.200000e-07	-4.404878e-09	-2.197124e-08	-3.142094e+01	-1.441037e+03
3.300000e-07	-4.345217e-09	-2.198346e-08	-3.099537e+01	-1.438380e+03
3.400000e-07	-4.284069e-09	-2.192608e-08	-3.055919e+01	-1.435594e+03
3.500000e-07	-4.221519e-09	-2.187362e-08	-3.011301e+01	-1.432669e+03
3.600000e-07	-4.157564e-09	-2.181794e-08	-2.965680e+01	-1.429612e+03
3.700000e-07	-4.092084e-09	-2.173518e-08	-2.918972e+01	-1.426445e+03
3.800000e-07	-4.024915e-09	-2.173451e-08	-2.871059e+01	-1.423192e+03
3.900000e-07	-3.956191e-09	-2.168316e-08	-2.822037e+01	-1.419875e+03
4.000000e-07	-3.886178e-09	-2.160128e-08	-2.772095e+01	-1.416508e+03
4.100000e-07	-3.814988e-09	-2.155855e-08	-2.721313e+01	-1.413085e+03
4.200000e-07	-3.742615e-09	-2.151973e-08	-2.669688e+01	-1.409591e+03
4.300000e-07	-3.668833e-09	-2.148104e-08	-2.617057e+01	-1.405998e+03
4.400000e-07	-3.593339e-09	-2.140053e-08	-2.563206e+01	-1.402280e+03
4.500000e-07	-3.516281e-09	-2.132467e-08	-2.508239e+01	-1.398416e+03
4.600000e-07	-3.437868e-09	-2.126783e-08	-2.452306e+01	-1.394399e+03
4.700000e-07	-3.358063e-09	-2.122070e-08	-2.395379e+01	-1.390238e+03
4.800000e-07	-3.276909e-09	-2.115988e-08	-2.337490e+01	-1.385950e+03
4.900000e-07	-3.194538e-09	-2.106705e-08	-2.278733e+01	-1.381560e+03
5.000000e-07	-3.111099e-09	-2.100678e-08	-2.219214e+01	-1.377086e+03
5.100000e-07	-3.026724e-09	-2.095468e-08	-2.159027e+01	-1.372538e+03
5.200000e-07	-2.941489e-09	-2.089421e-08	-2.098228e+01	-1.367906e+03
5.300000e-07	-2.855333e-09	-2.080937e-08	-2.036771e+01	-1.363171e+03
5.400000e-07	-2.768218e-09	-2.071139e-08	-1.974630e+01	-1.358304e+03
5.500000e-07	-2.680182e-09	-2.063805e-08	-1.911831e+01	-1.353275e+03
5.600000e-07	-2.591147e-09	-2.056965e-08	-1.848321e+01	-1.348064e+03
5.700000e-07	-2.501004e-09	-2.048956e-08	-1.784020e+01	-1.342664e+03
5.800000e-07	-2.409752e-09	-2.039005e-08	-1.718928e+01	-1.337085e+03
5.900000e-07	-2.317567e-09	-2.030424e-08	-1.653170e+01	-1.331346e+03
6.000000e-07	-2.224622e-09	-2.023285e-08	-1.586871e+01	-1.325471e+03
6.100000e-07	-2.130963e-09	-2.014800e-08	-1.520061e+01	-1.319479e+03
6.200000e-07	-2.036536e-09	-2.003974e-08	-1.452704e+01	-1.313373e+03
6.300000e-07	-1.941374e-09	-1.992490e-08	-1.384824e+01	-1.307140e+03
6.400000e-07	-1.845600e-09	-1.983327e-08	-1.316506e+01	-1.300753e+03
6.500000e-07	-1.749205e-09	-1.974884e-08	-1.247745e+01	-1.294175e+03
6.600000e-07	-1.652126e-09	-1.964352e-08	-1.178497e+01	-1.287369e+03
6.700000e-07	-1.554343e-09	-1.951876e-08	-1.108746e+01	-1.280313e+03
6.800000e-07	-1.455885e-09	-1.940272e-08	-1.038513e+01	-1.272998e+03
6.900000e-07	-1.356835e-09	-1.930082e-08	-9.678593e+00	-1.265436e+03
7.000000e-07	-1.257282e-09	-1.919175e-08	-8.968460e+00	-1.257652e+03
7.100000e-07	-1.157303e-09	-1.906183e-08	-8.255286e+00	-1.249675e+03
7.200000e-07	-1.056956e-09	-1.892518e-08	-7.539490e+00	-1.241526e+03
7.300000e-07	-9.563008e-10	-1.880222e-08	-6.821494e+00	-1.233210e+03
7.400000e-07	-8.553956e-10	-1.868358e-08	-6.101715e+00	-1.224708e+03
7.500000e-07	-7.542403e-10	-1.854695e-08	-5.380152e+00	-1.215981e+03
7.600000e-07	-6.528372e-10	-1.839230e-08	-4.656822e+00	-1.206978e+03
7.700000e-07	-5.512263e-10	-1.824319e-08	-3.932009e+00	-1.197645e+03
7.800000e-07	-4.494504e-10	-1.810661e-08	-3.206020e+00	-1.187938e+03
7.900000e-07	-3.475264e-10	-1.796219e-08	-2.478974e+00	-1.177830e+03
8.000000e-07	-2.454605e-10	-1.779787e-08	-1.750916e+00	-1.167312e+03
8.100000e-07	-1.432749e-10	-1.762442e-08	-1.022004e+00	-1.156384e+03
8.200000e-07	-4.100440e-11	-1.745263e-08	-2.924862e-01	-1.145045e+03
8.300000e-07	6.132320e-11	-1.727929e-08	4.374387e-01	-1.133281e+03
8.400000e-07	1.636719e-10	-1.708973e-08	1.167514e+00	-1.121048e+03
8.500000e-07	2.659617e-10	-1.688353e-08	1.897169e+00	-1.108276e+03
8.600000e-07	3.681466e-10	-1.667536e-08	2.626076e+00	-1.094865e+03
8.700000e-07	4.702202e-10	-1.646761e-08	3.354189e+00	-1.080705e+03
8.800000e-07	5.721569e-10	-1.624527e-08	4.081326e+00	-1.065691e+03
8.900000e-07	6.739326e-10	-1.599607e-08	4.807314e+00	-1.049743e+03
9.000000e-07	7.754994e-10	-1.572906e-08	5.531812e+00	-1.032816e+03
9.100000e-07	8.768025e-10	-1.545658e-08	6.254429e+00	-1.014903e+03
9.200000e-07	9.778390e-10	-1.517591e-08	6.975144e+00	-9.960225e+02
9.300000e-07	1.078595e-09	-1.487544e-08	7.693858e+00	-9.762002e+02
9.400000e-07	1.179020e-09	-1.455260e-08	8.410213e+00	-9.554428e+02
9.500000e-07	1.279041e-09	-1.421761e-08	9.123685e+00	-9.337143e+02
9.600000e-07	1.378563e-09	-1.387292e-08	9.833594e+00	-9.109218e+02
9.700000e-07	1.477492e-09	-1.350728e-08	1.053928e+01	-8.869138e+02
9.800000e-07	1.575734e-09	-1.311050e-08	1.124006e+01	-8.614920e+02
9.900000e-07	1.673230e-09	-1.268772e-08	1.193552e+01	-8.344319e+02
1.000000e-06	1.769987e-09	-1.224775e-08	1.262571e+01	-8.055052e+02
1.010000e-06	1.866060e-09	-1.178283e-08	1.331102e+01	-7.744943e+02
1.020000e-06	1.961493e-09	-1.127777e-08	1.399176e+01	-7.411916e+02
1.030000e-06	2.056265e-09	-1.072697e-08	1.466779e+01	-7.053802e+02
1.040000e-06	2.150320e-09	-1.013499e-08	1.533870e+01	-6.667979e+02
1.050000e-06	2.243668e-09	-9.498218e-09	1.600458e+01	-6.250941e+02
1.060000e-06	2.336366e-09	-8.804171e-09	1.666581e+01	-5.797934e+02
1.070000e-06	2.428339e-09	-8.037691e-09	1.732187e+01	-5.302795e+02
1.080000e-06	2.519383e-09	-7.192974e-09	1.797131e+01	-4.758155e+02
1.090000e-06	2.609339e-09	-6.268760e-09	1.861299e+01	-4.156045e+02
1.100000e-06	2.698228e-09	-5.250445e-09	1.924705e+01	-3.488905e+02
1.110000e-06	2.786165e-09	-4.123478e-09	1.987432e+01	-2.750863e+02
1.120000e-06	2.873203e-09	-2.878693e-09	2.049519e+01	-1.939089e+02
1.130000e-06	2.959317e-09	-1.525086e-09	2.110945e+01	-1.054975e+02
1.140000e-06	3.044517e-09	-7.261982e-11	2.171720e+01	-1.048857e+01
1.150000e-06	3.128838e-09	1.464250e-09	2.231868e+01	8.996885e+01
1.160000e-06	3.212144e-09	3.066113e-09	2.291293e+01	1.942676e+02
1.170000e-06	3.294255e-09	4.698565e-09	2.349864e+01	3.004614e+02
1.180000e-06	3.375137e-09	6.319280e-09	2.407559e+01	4.064331e+02
1.190000e-06	3.454791e-09	7.895100e-09	2.464378e+01	5.100851e+02
1.200000e-06	3.533200e-09	9.401817e-09	2.520309e+01	6.095245e+02
1.210000e-06	3.610372e-09	1.082130e-08	2.575357e+01	7.032127e+02
1.220000e-06	3.686192e-09	1.213395e-08	2.629441e+01	7.900611e+02
1.230000e-06	3.760423e-09	1.333053e-08	2.682392e+01	8.694603e+02
1.240000e-06	3.833098e-09	1.441190e-08	2.734232e+01	9.412478e+02
1.250000e-06	3.904406e-09	1.538916e-08	2.785098e+01	1.005626e+03
1.260000e-06	3.974389e-09	1.626462e-08	2.835018e+01	1.063052e+03
1.270000e-06	4.043073e-09	1.704080e-08	2.884012e+01	1.114120e+03
1.280000e-06	4.110305e-09	1.772364e-08	2.931970e+01	1.159462e+03
1.290000e-06	4.175838e-09	1.832760e-08	2.978716e+01	1.199676e+03
1.300000e-06	4.239798e-09	1.886286e-08	3.024340e+01	1.235287e+03
1.310000e-06	4.302347e-09	1.933440e-08	3.068958e+01	1.266743e+03
1.320000e-06	4.363524e-09	1.974775e-08	3.112597e+01	1.294433e+03
1.330000e-06	4.423290e-09	2.011047e-08	3.155229e+01	1.318713e+03
1.340000e-06	4.481334e-09	2.043107e-08	3.196633e+01	1.339928e+03
1.350000e-06	4.537606e-09	2.071250e-08	3.236773e+01	1.358428e+03
1.360000e-06	4.592273e-09	2.095723e-08	3.275768e+01	1.374567e+03
1.370000e-06	4.645225e-09	2.116978e-08	3.313540e+01	1.388690e+03
1.380000e-06	4.696176e-09	2.135780e-08	3.349884e+01	1.401111e+03
1.390000e-06	4.745112e-09	2.152539e-08	3.384792e+01	1.412097e+03
1.400000e-06	4.792333e-09	2.167334e-08	3.418475e+01	1.421854e+03
1.410000e-06	4.837998e-09	2.180214e-08	3.451049e+01	1.430531e+03
1.420000e-06	4.882090e-09	2.191493e-08	3.482501e+01	1.438229e+03
1.430000e-06	4.924325e-09	2.201594e-08	3.512628e+01	1.445016e+03
1.440000e-06	4.964698e-09	2.210630e-08	3.541427e+01	1.450957e+03
1.450000e-06	5.003454e-09	2.218379e-08	3.569073e+01	1.456122e+03
1.460000e-06	5.040612e-09	2.225034e-08	3.595578e+01	1.460600e+03
1.470000e-06	5.076029e-09	2.231022e-08	3.620842e+01	1.464495e+03
1.480000e-06	5.109503e-09	2.236544e-08	3.644719e+01	1.467919e+03
1.490000e-06	5.141155e-09	2.241518e-08	3.667297e+01	1.470973e+03
1.500000e-06	5.171142e-09	2.245705e-08	3.688687e+01	1.473740e+03
1.510000e-06	5.199428e-09	2.249287e-08	3.708865e+01	1.476268e+03
1.520000e-06	5.225726e-09	2.252659e-08	3.727624e+01	1.478575e+03
1.530000e-06	5.249957e-09	2.255959e-08	3.744908e+01	1.480657e+03
1.540000e-06	5.272378e-09	2.258904e-08	3.760901e+01	1.482493e+03
1.550000e-06	5.293109e-09	2.261233e-08	3.775689e+01	1.484070e+03
1.560000e-06	5.312047e-09	2.263156e-08	3.789198e+01	1.485388e+03
1.570000e-06	5.328982e-09	2.264976e-08	3.801278e+01	1.486467e+03
1.580000e-06	5.343905e-09	2.266705e-08	3.811923e+01	1.487347e+03
1.590000e-06	5.356808e-09	2.268015e-08	3.821127e+01	1.488078e+03
1.600000e-06	5.367504e-09	2.268887e-08	3.828757e+01	1.488708e+03
1.610000e-06	5.376068e-09	2.269789e-08	3.834866e+01	1.489274e+03
1.620000e-06	5.382758e-09	2.270891e-08	3.839638e+01	1.489788e+03
1.630000e-06	5.387699e-09	2.271835e-08	3.843162e+01	1.490244e+03
1.640000e-06	5.390715e-09	2.272322e-08	3.845314e+01	1.490616e+03
1.650000e-06	5.391677e-09	2.272656e-08	3.846000e+01	1.490870e+03
1.660000e-06	5.390825e-09	2.272790e-08	3.845392e+01	1.490980e+03
1.670000e-06	5.388317e-09	2.272268e-08	3.843603e+01	1.490931e+03
1.680000e-06	5.384088e-09	2.272011e-08	3.840586e+01	1.490730e+03
1.690000e-06	5.377914e-09	2.271569e-08	3.836183e+01	1.490400e+03
1.700000e-06	5.369942e-09	2.271026e-08	3.830496e+01	1.489976e+03
1.710000e-06	5.360431e-09	2.270884e-08	3.823711e+01	1.489494e+03
1.720000e-06	5.349221e-09	2.271278e-08	3.815715e+01	1.488980e+03
1.730000e-06	5.336013e-09	2.272869e-08	3.806293e+01	1.488446e+03
1.740000e-06	5.320821e-09	2.264760e-08	3.795457e+01	1.487881e+03
1.750000e-06	5.303486e-09	2.258576e-08	3.783092e+01	1.487263e+03
1.760000e-06	5.283451e-09	2.262849e-08	3.768800e+01	1.486560e+03
1.770000e-06	5.260892e-09	2.262694e-08	3.752708e+01	1.485747e+03
1.780000e-06	5.236745e-09	2.273403e-08	3.735483e+01	1.484805e+03
1.790000e-06	5.211801e-09	2.266758e-08	3.717690e+01	1.483735e+03
1.800000e-06	5.185771e-09	2.250346e-08	3.699122e+01	1.482551e+03
1.810000e-06	5.157614e-09	2.268777e-08	3.679038e+01	1.481276e+03
1.820000e-06	5.127500e-09	2.257313e-08	3.657557e+01	1.479934e+03
1.830000e-06	5.095863e-09	2.242592e-08	3.634989e+01	1.478541e+03
1.840000e-06	5.062252e-09	2.259313e-08	3.611013e+01	1.477100e+03
1.850000e-06	5.026967e-09	2.240933e-08	3.585844e+01	1.475597e+03
1.860000e-06	4.989981e-09	2.241136e-08	3.559461e+01	1.474010e+03
1.870000e-06	4.950996e-09	2.257078e-08	3.531652e+01	1.472311e+03
1.880000e-06	4.910418e-09	2.237512e-08	3.502707e+01	1.470477e+03
1.890000e-06	4.868092e-09	2.240672e-08	3.472515e+01	1.468500e+03
1.900000e-06	4.824021e-09	2.233413e-08	3.441078e+01	1.466387e+03
1.910000e-06	4.778252e-09	2.221581e-08	3.408430e+01	1.464161e+03
1.920000e-06	4.730434e-09	2.235083e-08	3.374321e+01	1.461853e+03
1.930000e-06	4.680881e-09	2.217428e-08	3.338973e+01	1.459494e+03
1.940000e-06	4.629537e-09	2.218280e-08	3.302349e+01	1.457107e+03
1.950000e-06	4.576035e-09	2.222556e-08	3.264184e+01	1.454697e+03
1.960000e-06	4.520753e-09	2.211001e-08	3.224751e+01	1.452255e+03
1.970000e-06	4.463851e-09	2.212825e-08	3.184161e+01	1.449755e+03
1.980000e-06	4.405425e-09	2.197554e-08	3.142485e+01	1.447167e+03
1.990000e-06	4.345452e-09	2.197969e-08	3.099705e+01	1.444460e+03
2.000000e-06	4.283761e-09	2.194657e-08	3.055699e+01	1.441619e+03
2.010000e-06	4.220502e-09	2.189563e-08	3.010575e+01	1.438640e+03
2.020000e-06	4.155743e-09	2.193506e-08	2.964381e+01	1.435536e+03
2.030000e-06	4.089603e-09	2.177075e-08	2.917202e+01	1.432331e+03
2.040000e-06	4.022075e-09	2.178258e-08	2.869033e+01	1.429051e+03
2.050000e-06	3.953011e-09	2.172687e-08	2.819768e+01	1.425714e+03
2.060000e-06	3.882430e-09	2.164816e-08	2.769421e+01	1.422326e+03
2.070000e-06	3.810452e-09	2.161919e-08	2.718077e+01	1.418878e+03
2.080000e-06	3.737209e-09	2.150240e-08	2.665832e+01	1.415348e+03
2.090000e-06	3.662617e-09	2.153632e-08	2.612624e+01	1.411708e+03
2.100000e-06	3.586581e-09	2.145564e-08	2.558386e+01	1.407934e+03
2.110000e-06	3.508990e-09	2.139284e-08	2.503038e+01	1.404009e+03
2.120000e-06	3.429991e-09	2.131587e-08	2.446687e+01	1.399933e+03
2.130000e-06	3.349849e-09	2.123364e-08	2.389519e+01	1.395718e+03
2.140000e-06	3.268544e-09	2.122406e-08	2.331522e+01	1.391387e+03
2.150000e-06	3.186164e-09	2.111683e-08	2.272759e+01	1.386962e+03
2.160000e-06	3.102723e-09	2.106467e-08	2.213239e+01	1.382458e+03
2.170000e-06	3.018124e-09	2.097005e-08	2.152893e+01	1.377878e+03
2.180000e-06	2.932280e-09	2.092226e-08	2.091658e+01	1.373209e+03
2.190000e-06	2.845275e-09	2.086888e-08	2.029596e+01	1.368425e+03
2.200000e-06	2.757279e-09	2.076417e-08	1.966826e+01	1.363497e+03
2.210000e-06	2.668314e-09	2.068475e-08	1.903366e+01	1.358397e+03
2.220000e-06	2.578443e-09	2.059180e-08	1.839258e+01	1.353110e+03
2.230000e-06	2.487740e-09	2.054341e-08	1.774558e+01	1.347637e+03
2.240000e-06	2.396250e-09	2.045227e-08	1.709296e+01	1.341991e+03
2.250000e-06	2.303853e-09	2.035480e-08	1.643388e+01	1.336195e+03
2.260000e-06	2.210484e-09	2.026137e-08	1.576785e+01	1.330272e+03
2.270000e-06	2.116205e-09	2.017798e-08	1.509534e+01	1.324234e+03
2.280000e-06	2.021075e-09	2.009721e-08	1.441676e+01	1.318081e+03
2.290000e-06	1.925243e-09	1.998488e-08	1.373317e+01	1.311791e+03
2.300000e-06	1.828805e-09	1.987571e-08	1.304525e+01	1.305332e+03
2.310000e-06	1.731771e-09	1.977669e-08	1.235309e+01	1.298667e+03
2.320000e-06	1.634173e-09	1.968903e-08	1.165690e+01	1.291763e+03
2.330000e-06	1.536123e-09	1.958214e-08	1.095749e+01	1.284603e+03
2.340000e-06	1.437655e-09	1.946047e-08	1.025510e+01	1.277186e+03
2.350000e-06	1.338728e-09	1.933783e-08	9.549425e+00	1.269532e+03
2.360000e-06	1.239393e-09	1.922831e-08	8.840850e+00	1.261667e+03
2.370000e-06	1.139764e-09	1.911390e-08	8.130177e+00	1.253620e+03
2.380000e-06	1.039817e-09	1.898330e-08	7.417230e+00	1.245405e+03
2.390000e-06	9.394166e-10	1.884836e-08	6.701053e+00	1.237018e+03
2.400000e-06	8.385627e-10	1.872232e-08	5.981640e+00	1.228432e+03
2.410000e-06	7.373866e-10	1.859975e-08	5.259929e+00	1.219601e+03
2.420000e-06	6.359721e-10	1.845779e-08	4.536519e+00	1.210472e+03
2.430000e-06	5.342845e-10	1.830158e-08	3.811159e+00	1.200994e+03
2.440000e-06	4.323629e-10	1.814503e-08	3.084130e+00	1.191129e+03
2.450000e-06	3.302862e-10	1.799917e-08	2.355996e+00	1.180856e+03
2.460000e-06	2.280563e-10	1.784528e-08	1.626768e+00	1.170173e+03
2.470000e-06	1.256667e-10	1.767698e-08	8.964010e-01	1.159081e+03
2.480000e-06	2.319184e-11	1.749759e-08	1.654257e-01	1.147574e+03
2.490000e-06	-7.927582e-11	1.731886e-08	-5.654982e-01	1.135629e+03
2.500000e-06	-1.816885e-10	1.713579e-08	-1.296030e+00	1.123190e+03
2.510000e-06	-2.840385e-10	1.693224e-08	-2.026115e+00	1.110174e+03
2.520000e-06	-3.863224e-10	1.671432e-08	-2.755728e+00	1.096476e+03
2.530000e-06	-4.884601e-10	1.648928e-08	-3.484298e+00	1.081984e+03
2.540000e-06	-5.903859e-10	1.626310e-08	-4.211356e+00	1.066604e+03
2.550000e-06	-6.920395e-10	1.602102e-08	-4.936473e+00	1.050266e+03
2.560000e-06	-7.933537e-10	1.575800e-08	-5.659169e+00	1.032941e+03
2.570000e-06	-8.943060e-10	1.547792e-08	-6.379283e+00	1.014636e+03
2.580000e-06	-9.948502e-10	1.518741e-08	-7.096487e+00	9.953740e+02
2.590000e-06	-1.094957e-09	1.488669e-08	-7.810571e+00	9.751769e+02
2.600000e-06	-1.194637e-09	1.456456e-08	-8.521607e+00	9.540365e+02
2.610000e-06	-1.293877e-09	1.422092e-08	-9.229512e+00	9.318952e+02
2.620000e-06	-1.392658e-09	1.386311e-08	-9.934136e+00	9.086358e+02
2.630000e-06	-1.490983e-09	1.349411e-08	-1.063551e+01	8.840859e+02
2.640000e-06	-1.588832e-09	1.310225e-08	-1.133349e+01	8.580339e+02
2.650000e-06	-1.686106e-09	1.267761e-08	-1.202736e+01	8.302510e+02
2.660000e-06	-1.782752e-09	1.222192e-08	-1.271677e+01	8.005123e+02
2.670000e-06	-1.878820e-09	1.174058e-08	-1.340203e+01	7.686052e+02
2.680000e-06	-1.974331e-09	1.122984e-08	-1.408334e+01	7.343220e+02
2.690000e-06	-2.069211e-09	1.067559e-08	-1.476014e+01	6.974326e+02
2.700000e-06	-2.163291e-09	1.006915e-08	-1.543123e+01	6.576448e+02
2.710000e-06	-2.256419e-09	9.411338e-09	-1.609553e+01	6.145617e+02
2.720000e-06	-2.348584e-09	8.699454e-09	-1.675297e+01	5.676514e+02
2.730000e-06	-2.439865e-09	7.919993e-09	-1.740409e+01	5.162446e+02
2.740000e-06	-2.530294e-09	7.055936e-09	-1.804914e+01	4.595703e+02
2.750000e-06	-2.619827e-09	6.101006e-09	-1.868780e+01	3.968336e+02
2.760000e-06	-2.708440e-09	5.051999e-09	-1.931989e+01	3.273293e+02
2.770000e-06	-2.796210e-09	3.900292e-09	-1.994598e+01	2.505761e+02
2.780000e-06	-2.883153e-09	2.633917e-09	-2.056616e+01	1.664477e+02
2.790000e-06	-2.969074e-09	1.250562e-09	-2.117906e+01	7.527677e+01
2.800000e-06	-3.053779e-09	-2.335598e-10	-2.178328e+01	-2.209234e+01
2.810000e-06	-3.137309e-09	-1.792290e-09	-2.237911e+01	-1.243159e+02
2.820000e-06	-3.219792e-09	-3.398595e-09	-2.296748e+01	-2.296323e+02
2.830000e-06	-3.301226e-09	-5.026035e-09	-2.354836e+01	-3.360037e+02
2.840000e-06	-3.381571e-09	-6.639708e-09	-2.412148e+01	-4.412967e+02
2.850000e-06	-3.460798e-09	-8.202710e-09	-2.468663e+01	-5.434741e+02
2.860000e-06	-3.538644e-09	-9.687730e-09	-2.524192e+01	-6.407694e+02
2.870000e-06	-3.614929e-09	-1.107942e-08	-2.578608e+01	-7.318166e+02
2.880000e-06	-3.689763e-09	-1.236830e-08	-2.631988e+01	-8.157194e+02
2.890000e-06	-3.763215e-09	-1.354425e-08	-2.684383e+01	-8.920554e+02
2.900000e-06	-3.835353e-09	-1.460233e-08	-2.735841e+01	-9.608211e+02
2.910000e-06	-3.906165e-09	-1.554990e-08	-2.786352e+01	-1.022336e+03
2.920000e-06	-3.975402e-09	-1.639847e-08	-2.835741e+01	-1.077126e+03
2.930000e-06	-4.043037e-09	-1.715525e-08	-2.883986e+01	-1.125812e+03
2.940000e-06	-4.109273e-09	-1.782363e-08	-2.931234e+01	-1.169020e+03
2.950000e-06	-4.174130e-09	-1.841126e-08	-2.977498e+01	-1.207320e+03
2.960000e-06	-4.237593e-09	-1.893135e-08	-3.022767e+01	-1.241207e+03
2.970000e-06	-4.299478e-09	-1.939267e-08	-3.066911e+01	-1.271101e+03
2.980000e-06	-4.359589e-09	-1.979725e-08	-3.109789e+01	-1.297376e+03
2.990000e-06	-4.418113e-09	-2.014925e-08	-3.151536e+01	-1.320378e+03
3.000000e-06	-4.475212e-09	-2.045845e-08	-3.192266e+01	-1.340456e+03
3.010000e-06	-4.530828e-09	-2.073167e-08	-3.231938e+01	-1.357961e+03
3.020000e-06	-4.584656e-09	-2.097222e-08	-3.270335e+01	-1.373247e+03
3.030000e-06	-4.636497e-09	-2.118091e-08	-3.307314e+01	-1.386647e+03
3.040000e-06	-4.686505e-09	-2.136244e-08	-3.342986e+01	-1.398459e+03
3.050000e-06	-4.734568e-09	-2.152296e-08	-3.377270e+01	-1.408927e+03
3.060000e-06	-4.780693e-09	-2.166753e-08	-3.410172e+01	-1.418234e+03
3.070000e-06	-4.825257e-09	-2.179431e-08	-3.441960e+01	-1.426505e+03
3.080000e-06	-4.868379e-09	-2.190477e-08	-3.472721e+01	-1.433828e+03
3.090000e-06	-4.910005e-09	-2.200177e-08	-3.502413e+01	-1.440266e+03
3.100000e-06	-4.950108e-09	-2.208789e-08	-3.531020e+01	-1.445884e+03
3.110000e-06	-4.988491e-09	-2.216386e-08	-3.558399e+01	-1.450760e+03
3.120000e-06	-5.024925e-09	-2.222995e-08	-3.584388e+01	-1.454988e+03
3.130000e-06	-5.059523e-09	-2.228732e-08	-3.609067e+01	-1.458679e+03
3.140000e-06	-5.092441e-09	-2.233862e-08	-3.632548e+01	-1.461942e+03
3.150000e-06	-5.123620e-09	-2.238574e-08	-3.654789e+01	-1.464871e+03
3.160000e-06	-5.152800e-09	-2.242739e-08	-3.675604e+01	-1.467537e+03
3.170000e-06	-5.180058e-09	-2.246277e-08	-3.695048e+01	-1.469975e+03
3.180000e-06	-5.205597e-09	-2.249339e-08	-3.713265e+01	-1.472192e+03
3.190000e-06	-5.229361e-09	-2.252157e-08	-3.730216e+01	-1.474177e+03
3.200000e-06	-5.251141e-09	-2.254741e-08	-3.745753e+01	-1.475909e+03
3.210000e-06	-5.270906e-09	-2.256960e-08	-3.759852e+01	-1.477381e+03
3.220000e-06	-5.288892e-09	-2.258654e-08	-3.772682e+01	-1.478598e+03
3.230000e-06	-5.305097e-09	-2.260016e-08	-3.784241e+01	-1.479590e+03
3.240000e-06	-5.319214e-09	-2.261200e-08	-3.794311e+01	-1.480403e+03
3.250000e-06	-5.331054e-09	-2.262356e-08	-3.802757e+01	-1.481087e+03
3.260000e-06	-5.340892e-09	-2.263241e-08	-3.809774e+01	-1.481688e+03
3.270000e-06	-5.348949e-09	-2.264033e-08	-3.815521e+01	-1.482232e+03
3.280000e-06	-5.355037e-09	-2.264672e-08	-3.819864e+01	-1.482724e+03
3.290000e-06	-5.359075e-09	-2.265192e-08	-3.822744e+01	-1.483149e+03
3.300000e-06	-5.361309e-09	-2.265288e-08	-3.824338e+01	-1.483477e+03
3.310000e-06	-5.361824e-09	-2.265010e-08	-3.824705e+01	-1.483676e+03
