# Temperatura_=_54.96869565217391
# Concentracion g/m^3_=_21600.0
# C_Vs_to_Am_M_A/Vsm_=_65563218390.804596
# pendiente_HvsI_1/m_=_3716.3
# ordenada_HvsI_A/m_=_1297.0
# frecuencia_Hz_=_302003.4668329302
# Promedio de 23 ciclos

Tiempo_(s)	Campo_(V.s)	Magnetizacion_(V.s)	Campo_(kA/m)	Magnetizacion_(A/m)
0.000000e+00	-5.335027e-09	-2.232396e-08	-3.823815e+01	-1.461700e+03
1.000000e-08	-5.333382e-09	-2.232709e-08	-3.822636e+01	-1.461606e+03
2.000000e-08	-5.329804e-09	-2.232678e-08	-3.820072e+01	-1.461367e+03
3.000000e-08	-5.324518e-09	-2.232231e-08	-3.816283e+01	-1.461015e+03
4.000000e-08	-5.317664e-09	-2.231682e-08	-3.811370e+01	-1.460588e+03
5.000000e-08	-5.309194e-09	-2.230875e-08	-3.805300e+01	-1.460118e+03
6.000000e-08	-5.298825e-09	-2.229845e-08	-3.797869e+01	-1.459624e+03
7.000000e-08	-5.286425e-09	-2.228069e-08	-3.788981e+01	-1.459103e+03
8.000000e-08	-5.272088e-09	-2.226322e-08	-3.778705e+01	-1.458536e+03
9.000000e-08	-5.255557e-09	-2.229775e-08	-3.766857e+01	-1.457891e+03
1.000000e-07	-5.236759e-09	-2.232786e-08	-3.753384e+01	-1.457138e+03
1.100000e-07	-5.215976e-09	-2.227686e-08	-3.738488e+01	-1.456259e+03
1.200000e-07	-5.193425e-09	-2.223662e-08	-3.722325e+01	-1.455253e+03
1.300000e-07	-5.169362e-09	-2.217754e-08	-3.705078e+01	-1.454138e+03
1.400000e-07	-5.143908e-09	-2.211036e-08	-3.686834e+01	-1.452947e+03
1.500000e-07	-5.116784e-09	-2.221499e-08	-3.667394e+01	-1.451715e+03
1.600000e-07	-5.087904e-09	-2.217564e-08	-3.646695e+01	-1.450469e+03
1.700000e-07	-5.057505e-09	-2.205210e-08	-3.624907e+01	-1.449218e+03
1.800000e-07	-5.025400e-09	-2.216699e-08	-3.601895e+01	-1.447950e+03
1.900000e-07	-4.991241e-09	-2.210644e-08	-3.577412e+01	-1.446632e+03
2.000000e-07	-4.955350e-09	-2.203455e-08	-3.551688e+01	-1.445220e+03
2.100000e-07	-4.917954e-09	-2.208343e-08	-3.524885e+01	-1.443671e+03
2.200000e-07	-4.878833e-09	-2.195076e-08	-3.496846e+01	-1.441955e+03
2.300000e-07	-4.837917e-09	-2.192362e-08	-3.467520e+01	-1.440064e+03
2.400000e-07	-4.795027e-09	-2.197383e-08	-3.436779e+01	-1.438014e+03
2.500000e-07	-4.750234e-09	-2.191943e-08	-3.404674e+01	-1.435841e+03
2.600000e-07	-4.703708e-09	-2.191094e-08	-3.371327e+01	-1.433589e+03
2.700000e-07	-4.655342e-09	-2.184196e-08	-3.336662e+01	-1.431299e+03
2.800000e-07	-4.604996e-09	-2.179166e-08	-3.300577e+01	-1.428996e+03
2.900000e-07	-4.552597e-09	-2.180218e-08	-3.263021e+01	-1.426684e+03
3.000000e-07	-4.498367e-09	-2.174068e-08	-3.224152e+01	-1.424342e+03
3.100000e-07	-4.442508e-09	-2.168447e-08	-3.184116e+01	-1.421934e+03
3.200000e-07	-4.384947e-09	-2.165131e-08	-3.142860e+01	-1.419418e+03
3.300000e-07	-4.325641e-09	-2.164974e-08	-3.100353e+01	-1.416761e+03
3.400000e-07	-4.264806e-09	-2.160540e-08	-3.056751e+01	-1.413946e+03
3.500000e-07	-4.202581e-09	-2.153615e-08	-3.012151e+01	-1.410976e+03
3.600000e-07	-4.138956e-09	-2.148149e-08	-2.966549e+01	-1.407875e+03
3.700000e-07	-4.073857e-09	-2.141167e-08	-2.919891e+01	-1.404679e+03
3.800000e-07	-4.007109e-09	-2.139705e-08	-2.872049e+01	-1.401424e+03
3.900000e-07	-3.938774e-09	-2.136293e-08	-2.823072e+01	-1.398133e+03
4.000000e-07	-3.869114e-09	-2.128924e-08	-2.773143e+01	-1.394811e+03
4.100000e-07	-3.798257e-09	-2.124135e-08	-2.722358e+01	-1.391442e+03
4.200000e-07	-3.726226e-09	-2.119463e-08	-2.670730e+01	-1.387995e+03
4.300000e-07	-3.652858e-09	-2.114432e-08	-2.618145e+01	-1.384430e+03
4.400000e-07	-3.577845e-09	-2.106368e-08	-2.564380e+01	-1.380713e+03
4.500000e-07	-3.501214e-09	-2.098758e-08	-2.509456e+01	-1.376825e+03
4.600000e-07	-3.423212e-09	-2.093888e-08	-2.453549e+01	-1.372765e+03
4.700000e-07	-3.343878e-09	-2.089694e-08	-2.396687e+01	-1.368552e+03
4.800000e-07	-3.263187e-09	-2.084579e-08	-2.338853e+01	-1.364216e+03
4.900000e-07	-3.181228e-09	-2.075900e-08	-2.280110e+01	-1.359786e+03
5.000000e-07	-3.098169e-09	-2.068179e-08	-2.220579e+01	-1.355284e+03
5.100000e-07	-3.014158e-09	-2.061374e-08	-2.160365e+01	-1.350715e+03
5.200000e-07	-2.929298e-09	-2.054386e-08	-2.099543e+01	-1.346063e+03
5.300000e-07	-2.843557e-09	-2.046397e-08	-2.038089e+01	-1.341299e+03
5.400000e-07	-2.756848e-09	-2.037835e-08	-1.975941e+01	-1.336387e+03
5.500000e-07	-2.669200e-09	-2.031264e-08	-1.913120e+01	-1.331296e+03
5.600000e-07	-2.580625e-09	-2.024666e-08	-1.849636e+01	-1.326009e+03
5.700000e-07	-2.491018e-09	-2.016395e-08	-1.785411e+01	-1.320528e+03
5.800000e-07	-2.400250e-09	-2.006025e-08	-1.720355e+01	-1.314871e+03
5.900000e-07	-2.308445e-09	-1.996322e-08	-1.654554e+01	-1.309068e+03
6.000000e-07	-2.215881e-09	-1.988178e-08	-1.588210e+01	-1.303147e+03
6.100000e-07	-2.122643e-09	-1.979817e-08	-1.521383e+01	-1.297126e+03
6.200000e-07	-2.028665e-09	-1.970037e-08	-1.454026e+01	-1.291003e+03
6.300000e-07	-1.933952e-09	-1.959448e-08	-1.386141e+01	-1.284759e+03
6.400000e-07	-1.838599e-09	-1.949898e-08	-1.317798e+01	-1.278358e+03
6.500000e-07	-1.742662e-09	-1.940585e-08	-1.249036e+01	-1.271760e+03
6.600000e-07	-1.646115e-09	-1.929721e-08	-1.179838e+01	-1.264929e+03
6.700000e-07	-1.548919e-09	-1.917538e-08	-1.110173e+01	-1.257847e+03
6.800000e-07	-1.451059e-09	-1.906172e-08	-1.040034e+01	-1.250517e+03
6.900000e-07	-1.352553e-09	-1.895946e-08	-9.694310e+00	-1.242958e+03
7.000000e-07	-1.253479e-09	-1.885072e-08	-8.984208e+00	-1.235203e+03
7.100000e-07	-1.153937e-09	-1.872438e-08	-8.270753e+00	-1.227279e+03
7.200000e-07	-1.054005e-09	-1.859067e-08	-7.554500e+00	-1.219203e+03
7.300000e-07	-9.537643e-10	-1.846398e-08	-6.836039e+00	-1.210967e+03
7.400000e-07	-8.532732e-10	-1.834015e-08	-6.115781e+00	-1.202541e+03
7.500000e-07	-7.525464e-10	-1.820411e-08	-5.393835e+00	-1.193876e+03
7.600000e-07	-6.515999e-10	-1.805516e-08	-4.670313e+00	-1.184915e+03
7.700000e-07	-5.504537e-10	-1.790933e-08	-3.945360e+00	-1.175609e+03
7.800000e-07	-4.491447e-10	-1.776937e-08	-3.219240e+00	-1.165923e+03
7.900000e-07	-3.477059e-10	-1.762194e-08	-2.492190e+00	-1.155842e+03
8.000000e-07	-2.461487e-10	-1.745819e-08	-1.764292e+00	-1.145372e+03
8.100000e-07	-1.444709e-10	-1.728621e-08	-1.035528e+00	-1.134522e+03
8.200000e-07	-4.270275e-11	-1.711623e-08	-3.061174e-01	-1.123295e+03
8.300000e-07	5.910544e-11	-1.694425e-08	4.235802e-01	-1.111670e+03
8.400000e-07	1.609346e-10	-1.675869e-08	1.153428e+00	-1.099594e+03
8.500000e-07	2.627294e-10	-1.655693e-08	1.883030e+00	-1.086982e+03
8.600000e-07	3.644233e-10	-1.634881e-08	2.611909e+00	-1.073728e+03
8.700000e-07	4.660078e-10	-1.613675e-08	3.340003e+00	-1.059718e+03
8.800000e-07	5.674746e-10	-1.591281e-08	4.067254e+00	-1.044852e+03
8.900000e-07	6.687972e-10	-1.566878e-08	4.793471e+00	-1.029062e+03
9.000000e-07	7.699370e-10	-1.540956e-08	5.518379e+00	-1.012312e+03
9.100000e-07	8.708378e-10	-1.514367e-08	6.241573e+00	-9.945998e+02
9.200000e-07	9.714730e-10	-1.486651e-08	6.962863e+00	-9.759345e+02
9.300000e-07	1.071818e-09	-1.456742e-08	7.682076e+00	-9.563164e+02
9.400000e-07	1.171820e-09	-1.424495e-08	8.398825e+00	-9.357107e+02
9.500000e-07	1.271399e-09	-1.390747e-08	9.112544e+00	-9.140298e+02
9.600000e-07	1.370445e-09	-1.355694e-08	9.822446e+00	-8.911282e+02
9.700000e-07	1.468867e-09	-1.318549e-08	1.052788e+01	-8.668102e+02
9.800000e-07	1.566596e-09	-1.278496e-08	1.122833e+01	-8.408504e+02
9.900000e-07	1.663577e-09	-1.235640e-08	1.192343e+01	-8.130167e+02
1.000000e-06	1.759849e-09	-1.190245e-08	1.261345e+01	-7.830895e+02
1.010000e-06	1.855489e-09	-1.141679e-08	1.329894e+01	-7.508664e+02
1.020000e-06	1.950518e-09	-1.088846e-08	1.398005e+01	-7.161468e+02
1.030000e-06	2.044889e-09	-1.031299e-08	1.465644e+01	-6.786990e+02
1.040000e-06	2.138553e-09	-9.691741e-09	1.532777e+01	-6.382141e+02
1.050000e-06	2.231539e-09	-9.020162e-09	1.599424e+01	-5.942635e+02
1.060000e-06	2.323867e-09	-8.284755e-09	1.665598e+01	-5.462721e+02
1.070000e-06	2.415421e-09	-7.468771e-09	1.731219e+01	-4.935265e+02
1.080000e-06	2.506004e-09	-6.566665e-09	1.796143e+01	-4.352242e+02
1.090000e-06	2.595488e-09	-5.574601e-09	1.860280e+01	-3.705674e+02
1.100000e-06	2.683948e-09	-4.482347e-09	1.923682e+01	-2.988905e+02
1.110000e-06	2.771515e-09	-3.276578e-09	1.986445e+01	-2.198017e+02
1.120000e-06	2.858194e-09	-1.954511e-09	2.048571e+01	-1.333151e+02
1.130000e-06	2.943955e-09	-5.259647e-10	2.110039e+01	-3.994388e+01
1.140000e-06	3.028824e-09	9.908393e-10	2.170868e+01	5.926488e+01
1.150000e-06	3.112798e-09	2.575390e-09	2.231056e+01	1.627676e+02
1.160000e-06	3.195739e-09	4.200319e-09	2.290503e+01	2.686325e+02
1.170000e-06	3.277484e-09	5.828308e-09	2.349093e+01	3.747054e+02
1.180000e-06	3.358008e-09	7.419113e-09	2.406807e+01	4.788073e+02
1.190000e-06	3.437315e-09	8.938778e-09	2.463650e+01	5.789329e+02
1.200000e-06	3.515391e-09	1.036626e-08	2.519610e+01	6.734199e+02
1.210000e-06	3.592221e-09	1.168752e-08	2.574676e+01	7.610634e+02
1.220000e-06	3.667675e-09	1.289424e-08	2.628758e+01	8.411629e+02
1.230000e-06	3.741551e-09	1.398257e-08	2.681707e+01	9.135001e+02
1.240000e-06	3.813905e-09	1.495951e-08	2.733566e+01	9.782601e+02
1.250000e-06	3.884940e-09	1.583606e-08	2.784480e+01	1.035916e+03
1.260000e-06	3.954666e-09	1.661853e-08	2.834455e+01	1.087104e+03
1.270000e-06	4.023049e-09	1.730933e-08	2.883467e+01	1.132508e+03
1.280000e-06	4.089948e-09	1.791533e-08	2.931417e+01	1.172775e+03
1.290000e-06	4.155185e-09	1.844725e-08	2.978175e+01	1.208469e+03
1.300000e-06	4.218891e-09	1.891811e-08	3.023835e+01	1.240059e+03
1.310000e-06	4.281200e-09	1.933485e-08	3.068495e+01	1.267936e+03
1.320000e-06	4.342134e-09	1.970160e-08	3.112168e+01	1.292444e+03
1.330000e-06	4.401621e-09	2.002331e-08	3.154805e+01	1.313909e+03
1.340000e-06	4.459401e-09	2.030684e-08	3.196218e+01	1.332662e+03
1.350000e-06	4.515430e-09	2.055694e-08	3.236376e+01	1.349040e+03
1.360000e-06	4.569835e-09	2.077498e-08	3.275371e+01	1.363380e+03
1.370000e-06	4.622501e-09	2.096449e-08	3.313118e+01	1.375997e+03
1.380000e-06	4.673182e-09	2.113143e-08	3.349443e+01	1.387164e+03
1.390000e-06	4.721898e-09	2.128230e-08	3.384360e+01	1.397096e+03
1.400000e-06	4.768913e-09	2.141751e-08	3.418057e+01	1.405949e+03
1.410000e-06	4.814377e-09	2.153573e-08	3.450643e+01	1.413827e+03
1.420000e-06	4.858265e-09	2.163770e-08	3.482099e+01	1.420799e+03
1.430000e-06	4.900325e-09	2.172761e-08	3.512246e+01	1.426923e+03
1.440000e-06	4.940553e-09	2.180720e-08	3.541079e+01	1.432265e+03
1.450000e-06	4.979150e-09	2.187707e-08	3.568743e+01	1.436908e+03
1.460000e-06	5.016138e-09	2.193841e-08	3.595254e+01	1.440952e+03
1.470000e-06	5.051400e-09	2.199303e-08	3.620527e+01	1.444509e+03
1.480000e-06	5.084741e-09	2.204408e-08	3.644424e+01	1.447685e+03
1.490000e-06	5.116268e-09	2.209078e-08	3.667021e+01	1.450563e+03
1.500000e-06	5.146140e-09	2.213077e-08	3.688431e+01	1.453199e+03
1.510000e-06	5.174304e-09	2.216465e-08	3.708617e+01	1.455611e+03
1.520000e-06	5.200509e-09	2.219501e-08	3.727400e+01	1.457793e+03
1.530000e-06	5.224665e-09	2.222251e-08	3.744713e+01	1.459725e+03
1.540000e-06	5.246991e-09	2.224605e-08	3.760716e+01	1.461386e+03
1.550000e-06	5.267629e-09	2.226579e-08	3.775507e+01	1.462773e+03
1.560000e-06	5.286487e-09	2.228336e-08	3.789024e+01	1.463906e+03
1.570000e-06	5.303362e-09	2.229980e-08	3.801119e+01	1.464824e+03
1.580000e-06	5.318226e-09	2.231460e-08	3.811773e+01	1.465583e+03
1.590000e-06	5.331082e-09	2.232629e-08	3.820987e+01	1.466236e+03
1.600000e-06	5.341767e-09	2.233525e-08	3.828645e+01	1.466824e+03
1.610000e-06	5.350327e-09	2.234300e-08	3.834781e+01	1.467368e+03
1.620000e-06	5.357007e-09	2.235085e-08	3.839569e+01	1.467862e+03
1.630000e-06	5.361908e-09	2.235803e-08	3.843081e+01	1.468279e+03
1.640000e-06	5.364918e-09	2.236310e-08	3.845239e+01	1.468586e+03
1.650000e-06	5.365920e-09	2.236754e-08	3.845957e+01	1.468749e+03
1.660000e-06	5.365071e-09	2.236796e-08	3.845349e+01	1.468751e+03
1.670000e-06	5.362559e-09	2.236109e-08	3.843549e+01	1.468597e+03
1.680000e-06	5.358357e-09	2.235647e-08	3.840537e+01	1.468308e+03
1.690000e-06	5.352257e-09	2.235223e-08	3.836165e+01	1.467921e+03
1.700000e-06	5.344344e-09	2.234731e-08	3.830493e+01	1.467473e+03
1.710000e-06	5.334857e-09	2.234489e-08	3.823694e+01	1.466993e+03
1.720000e-06	5.323690e-09	2.234873e-08	3.815690e+01	1.466489e+03
1.730000e-06	5.310586e-09	2.235499e-08	3.806298e+01	1.465952e+03
1.740000e-06	5.295486e-09	2.228534e-08	3.795475e+01	1.465357e+03
1.750000e-06	5.278254e-09	2.222300e-08	3.783125e+01	1.464672e+03
1.760000e-06	5.258439e-09	2.225045e-08	3.768923e+01	1.463871e+03
1.770000e-06	5.236098e-09	2.226437e-08	3.752910e+01	1.462940e+03
1.780000e-06	5.212062e-09	2.234266e-08	3.735683e+01	1.461888e+03
1.790000e-06	5.187109e-09	2.229379e-08	3.717798e+01	1.460738e+03
1.800000e-06	5.161139e-09	2.214124e-08	3.699185e+01	1.459527e+03
1.810000e-06	5.133278e-09	2.226771e-08	3.679215e+01	1.458286e+03
1.820000e-06	5.103390e-09	2.221885e-08	3.657794e+01	1.457038e+03
1.830000e-06	5.071902e-09	2.209505e-08	3.635225e+01	1.455783e+03
1.840000e-06	5.038528e-09	2.223718e-08	3.611305e+01	1.454499e+03
1.850000e-06	5.003367e-09	2.211721e-08	3.586104e+01	1.453149e+03
1.860000e-06	4.966564e-09	2.207687e-08	3.559725e+01	1.451686e+03
1.870000e-06	4.927838e-09	2.220572e-08	3.531970e+01	1.450073e+03
1.880000e-06	4.887442e-09	2.205221e-08	3.503016e+01	1.448287e+03
1.890000e-06	4.845368e-09	2.204288e-08	3.472860e+01	1.446329e+03
1.900000e-06	4.801534e-09	2.200943e-08	3.441443e+01	1.444225e+03
1.910000e-06	4.756030e-09	2.190883e-08	3.408828e+01	1.442015e+03
1.920000e-06	4.708537e-09	2.201699e-08	3.374789e+01	1.439743e+03
1.930000e-06	4.659219e-09	2.189220e-08	3.339440e+01	1.437446e+03
1.940000e-06	4.608174e-09	2.184531e-08	3.302855e+01	1.435141e+03
1.950000e-06	4.555066e-09	2.188189e-08	3.264790e+01	1.432820e+03
1.960000e-06	4.500104e-09	2.178487e-08	3.225397e+01	1.430456e+03
1.970000e-06	4.443486e-09	2.178480e-08	3.184817e+01	1.428010e+03
1.980000e-06	4.385305e-09	2.167621e-08	3.143116e+01	1.425441e+03
1.990000e-06	4.325631e-09	2.166149e-08	3.100346e+01	1.422722e+03
2.000000e-06	4.264309e-09	2.165258e-08	3.056394e+01	1.419842e+03
2.010000e-06	4.201380e-09	2.158398e-08	3.011290e+01	1.416816e+03
2.020000e-06	4.136931e-09	2.159379e-08	2.965098e+01	1.413673e+03
2.030000e-06	4.071062e-09	2.146450e-08	2.917887e+01	1.410450e+03
2.040000e-06	4.003846e-09	2.143898e-08	2.869711e+01	1.407178e+03
2.050000e-06	3.935188e-09	2.140445e-08	2.820501e+01	1.403875e+03
2.060000e-06	3.865006e-09	2.132410e-08	2.770199e+01	1.400538e+03
2.070000e-06	3.793359e-09	2.130142e-08	2.718847e+01	1.397142e+03
2.080000e-06	3.720430e-09	2.121136e-08	2.666576e+01	1.393651e+03
2.090000e-06	3.646224e-09	2.121333e-08	2.613390e+01	1.390029e+03
2.100000e-06	3.570619e-09	2.114828e-08	2.559201e+01	1.386245e+03
2.110000e-06	3.493494e-09	2.106505e-08	2.503923e+01	1.382287e+03
2.120000e-06	3.414891e-09	2.098985e-08	2.447585e+01	1.378163e+03
2.130000e-06	3.335093e-09	2.090390e-08	2.390391e+01	1.373897e+03
2.140000e-06	3.254161e-09	2.088574e-08	2.332384e+01	1.369519e+03
2.150000e-06	3.172109e-09	2.080692e-08	2.273574e+01	1.365059e+03
2.160000e-06	3.089039e-09	2.075058e-08	2.214035e+01	1.360531e+03
2.170000e-06	3.004921e-09	2.067087e-08	2.153744e+01	1.355931e+03
2.180000e-06	2.919577e-09	2.060503e-08	2.092575e+01	1.351238e+03
2.190000e-06	2.832988e-09	2.054092e-08	2.030514e+01	1.346419e+03
2.200000e-06	2.745369e-09	2.043506e-08	1.967714e+01	1.341439e+03
2.210000e-06	2.656812e-09	2.035100e-08	1.904242e+01	1.336270e+03
2.220000e-06	2.567336e-09	2.026671e-08	1.840111e+01	1.330904e+03
2.230000e-06	2.477003e-09	2.021393e-08	1.775366e+01	1.325350e+03
2.240000e-06	2.385878e-09	2.013413e-08	1.710053e+01	1.319631e+03
2.250000e-06	2.293964e-09	2.003632e-08	1.644175e+01	1.313777e+03
2.260000e-06	2.201179e-09	1.993935e-08	1.577672e+01	1.307815e+03
2.270000e-06	2.107434e-09	1.984894e-08	1.510482e+01	1.301754e+03
2.280000e-06	2.012753e-09	1.976601e-08	1.442621e+01	1.295586e+03
2.290000e-06	1.917316e-09	1.965898e-08	1.374218e+01	1.289284e+03
2.300000e-06	1.821263e-09	1.955243e-08	1.305373e+01	1.282809e+03
2.310000e-06	1.724654e-09	1.945430e-08	1.236130e+01	1.276121e+03
2.320000e-06	1.627505e-09	1.936152e-08	1.166499e+01	1.269191e+03
2.330000e-06	1.529860e-09	1.925250e-08	1.096514e+01	1.262008e+03
2.340000e-06	1.431752e-09	1.912988e-08	1.026195e+01	1.254583e+03
2.350000e-06	1.333163e-09	1.901044e-08	9.555330e+00	1.246942e+03
2.360000e-06	1.234175e-09	1.890178e-08	8.845847e+00	1.239116e+03
2.370000e-06	1.134913e-09	1.879067e-08	8.134397e+00	1.231130e+03
2.380000e-06	1.035396e-09	1.866359e-08	7.421119e+00	1.222992e+03
2.390000e-06	9.355187e-10	1.852979e-08	6.705264e+00	1.214685e+03
2.400000e-06	8.352494e-10	1.840094e-08	5.986597e+00	1.206169e+03
2.410000e-06	7.346635e-10	1.827507e-08	5.265660e+00	1.197393e+03
2.420000e-06	6.338502e-10	1.813467e-08	4.543093e+00	1.188299e+03
2.430000e-06	5.327923e-10	1.798288e-08	3.818773e+00	1.178844e+03
2.440000e-06	4.314649e-10	1.783195e-08	3.092522e+00	1.169000e+03
2.450000e-06	3.299578e-10	1.768843e-08	2.364982e+00	1.158762e+03
2.460000e-06	2.283098e-10	1.753529e-08	1.636433e+00	1.148139e+03
2.470000e-06	1.264994e-10	1.736552e-08	9.067198e-01	1.137139e+03
2.480000e-06	2.457994e-11	1.718734e-08	1.762243e-01	1.125756e+03
2.490000e-06	-7.734367e-11	1.701002e-08	-5.543006e-01	1.113958e+03
2.500000e-06	-1.792080e-10	1.683042e-08	-1.284401e+00	1.101679e+03
2.510000e-06	-2.810002e-10	1.663096e-08	-2.013984e+00	1.088823e+03
2.520000e-06	-3.827101e-10	1.641561e-08	-2.742977e+00	1.075279e+03
2.530000e-06	-4.842685e-10	1.619357e-08	-3.470884e+00	1.060937e+03
2.540000e-06	-5.855949e-10	1.596905e-08	-4.197128e+00	1.045708e+03
2.550000e-06	-6.866417e-10	1.572963e-08	-4.921369e+00	1.029536e+03
2.560000e-06	-7.873732e-10	1.546737e-08	-5.643350e+00	1.012400e+03
2.570000e-06	-8.877752e-10	1.519150e-08	-6.362969e+00	9.943041e+02
2.580000e-06	-9.878106e-10	1.490696e-08	-7.079960e+00	9.752584e+02
2.590000e-06	-1.087452e-09	1.461047e-08	-7.794131e+00	9.552511e+02
2.600000e-06	-1.186702e-09	1.428976e-08	-8.505488e+00	9.342282e+02
2.610000e-06	-1.285551e-09	1.394346e-08	-9.213981e+00	9.120787e+02
2.620000e-06	-1.383983e-09	1.358000e-08	-9.919477e+00	8.886355e+02
2.630000e-06	-1.481946e-09	1.320182e-08	-1.062162e+01	8.636880e+02
2.640000e-06	-1.579384e-09	1.279966e-08	-1.131999e+01	8.370054e+02
2.650000e-06	-1.676237e-09	1.236309e-08	-1.201418e+01	8.083590e+02
2.660000e-06	-1.772518e-09	1.189367e-08	-1.270426e+01	7.775364e+02
2.670000e-06	-1.868276e-09	1.139531e-08	-1.339059e+01	7.443387e+02
2.680000e-06	-1.963462e-09	1.086159e-08	-1.407282e+01	7.085578e+02
2.690000e-06	-2.057915e-09	1.027825e-08	-1.474981e+01	6.699369e+02
2.700000e-06	-2.151463e-09	9.638673e-09	-1.542030e+01	6.281240e+02
2.710000e-06	-2.244045e-09	8.943072e-09	-1.608387e+01	5.826337e+02
2.720000e-06	-2.335726e-09	8.186306e-09	-1.674099e+01	5.328328e+02
2.730000e-06	-2.426593e-09	7.353079e-09	-1.739226e+01	4.779639e+02
2.740000e-06	-2.516645e-09	6.427312e-09	-1.803770e+01	4.172130e+02
2.750000e-06	-2.605809e-09	5.402952e-09	-1.867677e+01	3.498186e+02
2.760000e-06	-2.694087e-09	4.277009e-09	-1.930950e+01	2.752074e+02
2.770000e-06	-2.781543e-09	3.042520e-09	-1.993632e+01	1.931352e+02
2.780000e-06	-2.868113e-09	1.692510e-09	-2.055680e+01	1.038069e+02
2.790000e-06	-2.953583e-09	2.344868e-10	-2.116940e+01	7.948354e+00
2.800000e-06	-3.037850e-09	-1.308540e-09	-2.177337e+01	-9.318654e+01
2.810000e-06	-3.121028e-09	-2.907631e-09	-2.236954e+01	-1.978827e+02
2.820000e-06	-3.203203e-09	-4.534035e-09	-2.295853e+01	-3.040971e+02
2.830000e-06	-3.284328e-09	-6.155713e-09	-2.353998e+01	-4.096411e+02
2.840000e-06	-3.364354e-09	-7.734191e-09	-2.411355e+01	-5.123818e+02
2.850000e-06	-3.443196e-09	-9.234637e-09	-2.467865e+01	-6.104329e+02
2.860000e-06	-3.520629e-09	-1.063628e-08	-2.523364e+01	-7.023043e+02
2.870000e-06	-3.596540e-09	-1.193118e-08	-2.577772e+01	-7.869906e+02
2.880000e-06	-3.671030e-09	-1.311436e-08	-2.631162e+01	-8.639900e+02
2.890000e-06	-3.744180e-09	-1.418125e-08	-2.683592e+01	-9.332572e+02
2.900000e-06	-3.816023e-09	-1.513351e-08	-2.735084e+01	-9.951076e+02
2.910000e-06	-3.886476e-09	-1.598254e-08	-2.785581e+01	-1.050095e+03
2.920000e-06	-3.955355e-09	-1.674124e-08	-2.834949e+01	-1.098886e+03
2.930000e-06	-4.022711e-09	-1.741513e-08	-2.883225e+01	-1.142159e+03
2.940000e-06	-4.088689e-09	-1.800719e-08	-2.930515e+01	-1.180533e+03
2.950000e-06	-4.153285e-09	-1.852692e-08	-2.976813e+01	-1.214531e+03
2.960000e-06	-4.216461e-09	-1.898699e-08	-3.022094e+01	-1.244590e+03
2.970000e-06	-4.278015e-09	-1.939427e-08	-3.066212e+01	-1.271078e+03
2.980000e-06	-4.337849e-09	-1.975102e-08	-3.109097e+01	-1.294328e+03
2.990000e-06	-4.396175e-09	-2.006162e-08	-3.150902e+01	-1.314666e+03
3.000000e-06	-4.453068e-09	-2.033509e-08	-3.191679e+01	-1.332427e+03
3.010000e-06	-4.508404e-09	-2.057961e-08	-3.231341e+01	-1.347948e+03
3.020000e-06	-4.561918e-09	-2.079681e-08	-3.269696e+01	-1.361562e+03
3.030000e-06	-4.613486e-09	-2.098466e-08	-3.306657e+01	-1.373567e+03
3.040000e-06	-4.663214e-09	-2.114671e-08	-3.342299e+01	-1.384216e+03
3.050000e-06	-4.711007e-09	-2.129073e-08	-3.376554e+01	-1.393700e+03
3.060000e-06	-4.756953e-09	-2.142143e-08	-3.409485e+01	-1.402152e+03
3.070000e-06	-4.801371e-09	-2.153692e-08	-3.441322e+01	-1.409659e+03
3.080000e-06	-4.844347e-09	-2.163450e-08	-3.472124e+01	-1.416284e+03
3.090000e-06	-4.885832e-09	-2.172042e-08	-3.501858e+01	-1.422086e+03
3.100000e-06	-4.925761e-09	-2.179838e-08	-3.530477e+01	-1.427137e+03
3.110000e-06	-4.963941e-09	-2.186914e-08	-3.557842e+01	-1.431526e+03
3.120000e-06	-5.000194e-09	-2.193089e-08	-3.583826e+01	-1.435362e+03
3.130000e-06	-5.034641e-09	-2.198414e-08	-3.608515e+01	-1.438754e+03
3.140000e-06	-5.067413e-09	-2.203227e-08	-3.632005e+01	-1.441801e+03
3.150000e-06	-5.098426e-09	-2.207846e-08	-3.654232e+01	-1.444577e+03
3.160000e-06	-5.127484e-09	-2.211859e-08	-3.675060e+01	-1.447122e+03
3.170000e-06	-5.154659e-09	-2.215091e-08	-3.694537e+01	-1.449444e+03
3.180000e-06	-5.180092e-09	-2.217876e-08	-3.712766e+01	-1.451528e+03
3.190000e-06	-5.203744e-09	-2.220575e-08	-3.729718e+01	-1.453353e+03
3.200000e-06	-5.225439e-09	-2.222989e-08	-3.745268e+01	-1.454904e+03
3.210000e-06	-5.245151e-09	-2.224910e-08	-3.759397e+01	-1.456185e+03
3.220000e-06	-5.263068e-09	-2.226550e-08	-3.772238e+01	-1.457226e+03
3.230000e-06	-5.279177e-09	-2.228138e-08	-3.783785e+01	-1.458074e+03
3.240000e-06	-5.293203e-09	-2.229615e-08	-3.793838e+01	-1.458784e+03
3.250000e-06	-5.304993e-09	-2.230701e-08	-3.802288e+01	-1.459407e+03
3.260000e-06	-5.314783e-09	-2.231385e-08	-3.809305e+01	-1.459976e+03
3.270000e-06	-5.322753e-09	-2.231711e-08	-3.815018e+01	-1.460502e+03
3.280000e-06	-5.328775e-09	-2.232121e-08	-3.819334e+01	-1.460969e+03
3.290000e-06	-5.332803e-09	-2.232509e-08	-3.822221e+01	-1.461346e+03
3.300000e-06	-5.335037e-09	-2.232627e-08	-3.823822e+01	-1.461598e+03
3.310000e-06	-5.335541e-09	-2.232485e-08	-3.824184e+01	-1.461698e+03
