# Configuracion:
# Concentracion g/m^3_=_21600.0
# C_Vs_to_Am_M_A/Vsm_=_65563218390.804596
# pendiente_HvsI_1/m_=_3716.3
# ordenada_HvsI_A/m_=_1297.0
# frecuencia_ref_Hz_=_301999.34479842184
# 
Resultados:
# tau_ns_=_(2.90+/-0.08)e+02
# dphi_rad_=_6.79+/-0.01
# SAR_W/g_=_1792.89+/-28.79
# Hc_kA/m_=_21.40+/-0.48
# Mr_A/m_=_1151.39+/-48.43
# Magnetizacion_max_=_1502.16+/-41.45
# Suceptibilidad_a_M=0_=_(1.658+/-0.181)e-01

Nombre_archivo	Time_m_(s)	Temperatura_(ºC)	Mr_(A/m)	Hc_(kA/m)	Campo_max_(A/m)	Mag_max_(A/m)	f0	mag0	dphi0	SAR_(W/g)	Tau_(ns)	N	xi_M_0
300kHz_100dA_100Mss_bobN1M15-0011.txt	5.85	28.04	1056.75	21.92	38460.00	1429.47	3.019193e+05	1.104537e+02	6.795207e+00	1712.03	296.220000	4637	1.323e-01
300kHz_100dA_100Mss_bobN1M15-0012.txt	6.3	31.34	1074.81	21.96	38460.00	1444.32	3.019193e+05	1.117521e+02	6.796820e+00	1737.13	297.340788	4637	1.381e-01
300kHz_100dA_100Mss_bobN1M15-0013.txt	6.75	34.40	1086.83	21.96	38460.00	1451.17	3.019845e+05	1.125661e+02	6.798067e+00	1754.03	298.208159	4636	1.427e-01
300kHz_100dA_100Mss_bobN1M15-0014.txt	7.19	37.34	1096.31	21.96	38460.00	1455.53	3.019845e+05	1.131305e+02	6.798966e+00	1765.62	298.834803	4636	1.462e-01
300kHz_100dA_100Mss_bobN1M15-0015.txt	7.74	40.91	1105.00	21.92	38460.00	1463.82	3.019193e+05	1.138779e+02	6.797717e+00	1772.99	297.966098	4637	1.482e-01
300kHz_100dA_100Mss_bobN1M15-0016.txt	8.18	43.77	1113.60	21.88	38460.00	1468.02	3.019193e+05	1.144309e+02	6.797701e+00	1781.54	297.953980	4637	1.514e-01
300kHz_100dA_100Mss_bobN1M15-0017.txt	8.63	46.70	1119.53	21.81	38460.00	1473.43	3.019193e+05	1.149271e+02	6.795834e+00	1783.36	296.656824	4637	1.515e-01
300kHz_100dA_100Mss_bobN1M15-0018.txt	9.08	49.58	1126.35	21.76	38460.00	1477.24	3.019193e+05	1.153936e+02	6.794868e+00	1787.52	295.988392	4637	1.547e-01
300kHz_100dA_100Mss_bobN1M15-0019.txt	9.97	54.92	1138.52	21.66	38460.00	1484.11	3.019193e+05	1.162351e+02	6.793108e+00	1794.91	294.768640	4637	1.605e-01
300kHz_100dA_100Mss_bobN1M15-0020.txt	10.42	57.54	1144.67	21.56	38460.00	1493.07	3.019193e+05	1.170003e+02	6.789877e+00	1796.28	292.537665	4637	1.605e-01
300kHz_100dA_100Mss_bobN1M15-0021.txt	10.87	60.15	1151.93	21.49	38460.00	1496.38	3.019193e+05	1.175168e+02	6.789018e+00	1801.42	291.945548	4637	1.651e-01
300kHz_100dA_100Mss_bobN1M15-0022.txt	11.31	62.67	1157.16	21.44	38460.00	1500.86	3.019845e+05	1.178816e+02	6.787773e+00	1803.34	291.088342	4636	1.692e-01
300kHz_100dA_100Mss_bobN1M15-0023.txt	11.76	65.23	1163.65	21.40	38460.00	1504.91	3.019193e+05	1.183722e+02	6.787385e+00	1809.18	290.823192	4637	1.701e-01
300kHz_100dA_100Mss_bobN1M15-0024.txt	12.21	67.80	1169.51	21.28	38460.00	1515.03	3.019193e+05	1.191581e+02	6.783083e+00	1806.98	287.871801	4637	1.762e-01
300kHz_100dA_100Mss_bobN1M15-0025.txt	12.7	70.59	1177.23	21.18	38460.00	1521.05	3.019193e+05	1.198159e+02	6.780789e+00	1809.31	286.303830	4637	1.754e-01
300kHz_100dA_100Mss_bobN1M15-0026.txt	13.15	72.30	1184.00	21.09	38460.00	1529.59	3.019193e+05	1.205454e+02	6.778095e+00	1811.30	284.467664	4637	1.782e-01
300kHz_100dA_100Mss_bobN1M15-0027.txt	13.61	72.30	1192.47	21.01	38460.00	1538.65	3.019193e+05	1.213692e+02	6.776312e+00	1817.65	283.258531	4637	1.821e-01
300kHz_100dA_100Mss_bobN1M15-0028.txt	14.06	72.92	1201.16	20.94	38460.00	1544.95	3.019193e+05	1.220568e+02	6.774920e+00	1823.21	282.312182	4637	1.800e-01
300kHz_100dA_100Mss_bobN1M15-0029.txt	14.51	77.55	1209.39	20.81	38460.00	1555.54	3.019193e+05	1.230167e+02	6.771107e+00	1824.45	279.730425	4637	1.897e-01
300kHz_100dA_100Mss_bobN1M15-0030.txt	14.95	82.08	1217.04	20.66	38460.00	1562.03	3.019193e+05	1.236853e+02	6.767516e+00	1821.94	277.309955	4637	1.930e-01
300kHz_100dA_100Mss_bobN1M15-0031.txt	15.4	82.60	1221.79	20.59	38460.00	1568.79	3.019193e+05	1.242287e+02	6.765113e+00	1821.58	275.694918	4637	1.923e-01
300kHz_100dA_100Mss_bobN1M15-0032.txt	15.85	82.60	1222.81	20.42	38460.00	1569.57	3.019193e+05	1.244155e+02	6.760365e+00	1807.74	272.515638	4637	1.908e-01
