# Temperatura_=_61.3138888888889
# Concentracion g/m^3_=_21500.0
# C_Vs_to_Am_M_A/Vsm_=_65563218390.804596
# pendiente_HvsI_1/m_=_3716.3
# ordenada_HvsI_A/m_=_1297.0
# frecuencia_Hz_=_302494.9451905317
# Promedio de 18 ciclos

Tiempo_(s)	Campo_(V.s)	Magnetizacion_(V.s)	Campo_(kA/m)	Magnetizacion_(A/m)
0.000000e+00	-8.058889e-09	-2.307311e-08	-5.687419e+01	-1.509880e+03
1.000000e-08	-8.055924e-09	-2.307011e-08	-5.685326e+01	-1.509540e+03
2.000000e-08	-8.050272e-09	-2.306445e-08	-5.681337e+01	-1.509069e+03
3.000000e-08	-8.042066e-09	-2.305968e-08	-5.675546e+01	-1.508536e+03
4.000000e-08	-8.031060e-09	-2.305466e-08	-5.667779e+01	-1.508012e+03
5.000000e-08	-8.017119e-09	-2.304609e-08	-5.657940e+01	-1.507544e+03
6.000000e-08	-8.000270e-09	-2.303505e-08	-5.646049e+01	-1.507143e+03
7.000000e-08	-7.980869e-09	-2.302094e-08	-5.632357e+01	-1.506781e+03
8.000000e-08	-7.959133e-09	-2.303426e-08	-5.617017e+01	-1.506401e+03
9.000000e-08	-7.934482e-09	-2.306689e-08	-5.599620e+01	-1.505936e+03
1.000000e-07	-7.906511e-09	-2.303741e-08	-5.579880e+01	-1.505330e+03
1.100000e-07	-7.875479e-09	-2.299007e-08	-5.557980e+01	-1.504557e+03
1.200000e-07	-7.841587e-09	-2.296940e-08	-5.534061e+01	-1.503628e+03
1.300000e-07	-7.805024e-09	-2.294172e-08	-5.508257e+01	-1.502589e+03
1.400000e-07	-7.766213e-09	-2.289261e-08	-5.480867e+01	-1.501504e+03
1.500000e-07	-7.725200e-09	-2.288462e-08	-5.451922e+01	-1.500436e+03
1.600000e-07	-7.681555e-09	-2.292200e-08	-5.421121e+01	-1.499429e+03
1.700000e-07	-7.635161e-09	-2.285905e-08	-5.388379e+01	-1.498491e+03
1.800000e-07	-7.586074e-09	-2.287038e-08	-5.353737e+01	-1.497598e+03
1.900000e-07	-7.533915e-09	-2.286872e-08	-5.316926e+01	-1.496698e+03
2.000000e-07	-7.478837e-09	-2.279435e-08	-5.278056e+01	-1.495727e+03
2.100000e-07	-7.421075e-09	-2.277899e-08	-5.237291e+01	-1.494633e+03
2.200000e-07	-7.360598e-09	-2.272603e-08	-5.194611e+01	-1.493384e+03
2.300000e-07	-7.297502e-09	-2.273712e-08	-5.150081e+01	-1.491980e+03
2.400000e-07	-7.231585e-09	-2.272298e-08	-5.103562e+01	-1.490443e+03
2.500000e-07	-7.162887e-09	-2.268886e-08	-5.055080e+01	-1.488812e+03
2.600000e-07	-7.091506e-09	-2.266617e-08	-5.004703e+01	-1.487119e+03
2.700000e-07	-7.017324e-09	-2.262454e-08	-4.952351e+01	-1.485378e+03
2.800000e-07	-6.940355e-09	-2.259376e-08	-4.898032e+01	-1.483579e+03
2.900000e-07	-6.860601e-09	-2.253483e-08	-4.841747e+01	-1.481688e+03
3.000000e-07	-6.778204e-09	-2.251069e-08	-4.783596e+01	-1.479657e+03
3.100000e-07	-6.693448e-09	-2.247656e-08	-4.723781e+01	-1.477447e+03
3.200000e-07	-6.606424e-09	-2.245333e-08	-4.662365e+01	-1.475035e+03
3.300000e-07	-6.517040e-09	-2.243663e-08	-4.599284e+01	-1.472435e+03
3.400000e-07	-6.425264e-09	-2.237916e-08	-4.534515e+01	-1.469686e+03
3.500000e-07	-6.331210e-09	-2.232405e-08	-4.468137e+01	-1.466852e+03
3.600000e-07	-6.234879e-09	-2.227062e-08	-4.400153e+01	-1.463996e+03
3.700000e-07	-6.136229e-09	-2.223435e-08	-4.330533e+01	-1.461163e+03
3.800000e-07	-6.035351e-09	-2.219256e-08	-4.259340e+01	-1.458363e+03
3.900000e-07	-5.932309e-09	-2.215284e-08	-4.186619e+01	-1.455567e+03
4.000000e-07	-5.827157e-09	-2.211506e-08	-4.112411e+01	-1.452710e+03
4.100000e-07	-5.719962e-09	-2.207193e-08	-4.036759e+01	-1.449714e+03
4.200000e-07	-5.610785e-09	-2.202249e-08	-3.959709e+01	-1.446504e+03
4.300000e-07	-5.499620e-09	-2.194865e-08	-3.881257e+01	-1.443038e+03
4.400000e-07	-5.386382e-09	-2.187651e-08	-3.801342e+01	-1.439313e+03
4.500000e-07	-5.271056e-09	-2.181736e-08	-3.719952e+01	-1.435369e+03
4.600000e-07	-5.153682e-09	-2.177296e-08	-3.637118e+01	-1.431274e+03
4.700000e-07	-5.034375e-09	-2.172344e-08	-3.552918e+01	-1.427103e+03
4.800000e-07	-4.913273e-09	-2.166510e-08	-3.467453e+01	-1.422913e+03
4.900000e-07	-4.790420e-09	-2.159740e-08	-3.380752e+01	-1.418719e+03
5.000000e-07	-4.665791e-09	-2.152185e-08	-3.292797e+01	-1.414491e+03
5.100000e-07	-4.539455e-09	-2.144096e-08	-3.203637e+01	-1.410161e+03
5.200000e-07	-4.411479e-09	-2.135438e-08	-3.113320e+01	-1.405638e+03
5.300000e-07	-4.281895e-09	-2.127265e-08	-3.021869e+01	-1.400839e+03
5.400000e-07	-4.150767e-09	-2.120129e-08	-2.929327e+01	-1.395714e+03
5.500000e-07	-4.018080e-09	-2.113656e-08	-2.835686e+01	-1.390261e+03
5.600000e-07	-3.883869e-09	-2.106084e-08	-2.740969e+01	-1.384525e+03
5.700000e-07	-3.748168e-09	-2.096986e-08	-2.645200e+01	-1.378585e+03
5.800000e-07	-3.610992e-09	-2.086747e-08	-2.548390e+01	-1.372522e+03
5.900000e-07	-3.472388e-09	-2.076517e-08	-2.450573e+01	-1.366397e+03
6.000000e-07	-3.332371e-09	-2.066312e-08	-2.351758e+01	-1.360220e+03
6.100000e-07	-3.190940e-09	-2.056175e-08	-2.251946e+01	-1.353946e+03
6.200000e-07	-3.048183e-09	-2.046099e-08	-2.151198e+01	-1.347484e+03
6.300000e-07	-2.904253e-09	-2.036014e-08	-2.049622e+01	-1.340721e+03
6.400000e-07	-2.759280e-09	-2.025590e-08	-1.947310e+01	-1.333556e+03
6.500000e-07	-2.613336e-09	-2.013937e-08	-1.844312e+01	-1.325930e+03
6.600000e-07	-2.466440e-09	-2.001056e-08	-1.740643e+01	-1.317844e+03
6.700000e-07	-2.318721e-09	-1.987476e-08	-1.636393e+01	-1.309358e+03
6.800000e-07	-2.170302e-09	-1.974102e-08	-1.531649e+01	-1.300564e+03
6.900000e-07	-2.021205e-09	-1.960907e-08	-1.426426e+01	-1.291558e+03
7.000000e-07	-1.871433e-09	-1.947175e-08	-1.320727e+01	-1.282395e+03
7.100000e-07	-1.721032e-09	-1.932521e-08	-1.214584e+01	-1.273067e+03
7.200000e-07	-1.570060e-09	-1.917175e-08	-1.108039e+01	-1.263489e+03
7.300000e-07	-1.418568e-09	-1.901240e-08	-1.001126e+01	-1.253520e+03
7.400000e-07	-1.266611e-09	-1.884378e-08	-8.938849e+00	-1.243000e+03
7.500000e-07	-1.114210e-09	-1.866627e-08	-7.863300e+00	-1.231793e+03
7.600000e-07	-9.613878e-10	-1.848323e-08	-6.784786e+00	-1.219830e+03
7.700000e-07	-8.082102e-10	-1.829516e-08	-5.703763e+00	-1.207124e+03
7.800000e-07	-6.547403e-10	-1.810059e-08	-4.620676e+00	-1.193760e+03
7.900000e-07	-5.010393e-10	-1.789420e-08	-3.535958e+00	-1.179850e+03
8.000000e-07	-3.471598e-10	-1.767332e-08	-2.449981e+00	-1.165474e+03
8.100000e-07	-1.931412e-10	-1.743979e-08	-1.363022e+00	-1.150616e+03
8.200000e-07	-3.902495e-11	-1.719356e-08	-2.753736e-01	-1.135124e+03
8.300000e-07	1.151428e-10	-1.693334e-08	8.126381e-01	-1.118702e+03
8.400000e-07	2.693114e-10	-1.665362e-08	1.900656e+00	-1.100955e+03
8.500000e-07	4.234044e-10	-1.635096e-08	2.988140e+00	-1.081463e+03
8.600000e-07	5.773665e-10	-1.602199e-08	4.074701e+00	-1.059873e+03
8.700000e-07	7.311500e-10	-1.566353e-08	5.160000e+00	-1.035979e+03
8.800000e-07	8.847041e-10	-1.527214e-08	6.243681e+00	-1.009745e+03
8.900000e-07	1.037985e-09	-1.484488e-08	7.325435e+00	-9.812596e+02
9.000000e-07	1.190913e-09	-1.437945e-08	8.404696e+00	-9.506128e+02
9.100000e-07	1.343401e-09	-1.387197e-08	9.480854e+00	-9.177068e+02
9.200000e-07	1.495395e-09	-1.331215e-08	1.055353e+01	-8.820468e+02
9.300000e-07	1.646841e-09	-1.268538e-08	1.162233e+01	-8.425625e+02
9.400000e-07	1.797674e-09	-1.197498e-08	1.268680e+01	-7.975207e+02
9.500000e-07	1.947825e-09	-1.115776e-08	1.374647e+01	-7.445749e+02
9.600000e-07	2.097233e-09	-1.020199e-08	1.480089e+01	-6.809762e+02
9.700000e-07	2.245857e-09	-9.059029e-09	1.584977e+01	-6.039315e+02
9.800000e-07	2.393667e-09	-7.665842e-09	1.689292e+01	-5.110652e+02
9.900000e-07	2.540620e-09	-5.963529e-09	1.793002e+01	-4.009040e+02
1.000000e-06	2.686640e-09	-3.952864e-09	1.896052e+01	-2.732970e+02
1.010000e-06	2.831686e-09	-1.705220e-09	1.998416e+01	-1.296805e+02
1.020000e-06	2.975718e-09	6.779883e-10	2.100064e+01	2.687554e+01
1.030000e-06	3.118617e-09	3.107651e-09	2.200912e+01	1.918669e+02
1.040000e-06	3.260267e-09	5.544881e-09	2.300880e+01	3.597812e+02
1.050000e-06	3.400589e-09	7.972770e-09	2.399909e+01	5.246880e+02
1.060000e-06	3.539566e-09	1.034420e-08	2.497990e+01	6.808978e+02
1.070000e-06	3.677182e-09	1.255995e-08	2.595110e+01	8.235825e+02
1.080000e-06	3.813380e-09	1.450075e-08	2.691229e+01	9.492559e+02
1.090000e-06	3.948138e-09	1.609858e-08	2.786332e+01	1.056043e+03
1.100000e-06	4.081465e-09	1.736804e-08	2.880425e+01	1.143706e+03
1.110000e-06	4.213336e-09	1.837074e-08	2.973491e+01	1.213442e+03
1.120000e-06	4.343735e-09	1.916439e-08	3.065517e+01	1.267507e+03
1.130000e-06	4.472642e-09	1.979080e-08	3.156491e+01	1.308748e+03
1.140000e-06	4.600002e-09	2.028264e-08	3.246374e+01	1.340132e+03
1.150000e-06	4.725799e-09	2.066670e-08	3.335152e+01	1.364359e+03
1.160000e-06	4.849976e-09	2.096849e-08	3.422788e+01	1.383598e+03
1.170000e-06	4.972455e-09	2.120900e-08	3.509225e+01	1.399389e+03
1.180000e-06	5.093151e-09	2.140341e-08	3.594404e+01	1.412678e+03
1.190000e-06	5.211960e-09	2.156306e-08	3.678252e+01	1.423950e+03
1.200000e-06	5.328796e-09	2.169686e-08	3.760706e+01	1.433419e+03
1.210000e-06	5.443581e-09	2.180950e-08	3.841714e+01	1.441204e+03
1.220000e-06	5.556263e-09	2.190373e-08	3.921237e+01	1.447456e+03
1.230000e-06	5.666912e-09	2.198312e-08	3.999326e+01	1.452426e+03
1.240000e-06	5.775577e-09	2.205142e-08	4.076014e+01	1.456450e+03
1.250000e-06	5.882172e-09	2.211299e-08	4.151242e+01	1.459904e+03
1.260000e-06	5.986589e-09	2.217002e-08	4.224932e+01	1.463119e+03
1.270000e-06	6.088796e-09	2.222354e-08	4.297063e+01	1.466327e+03
1.280000e-06	6.188772e-09	2.227320e-08	4.367619e+01	1.469620e+03
1.290000e-06	6.286404e-09	2.232014e-08	4.436521e+01	1.472959e+03
1.300000e-06	6.381701e-09	2.236491e-08	4.503775e+01	1.476217e+03
1.310000e-06	6.474759e-09	2.240707e-08	4.569449e+01	1.479241e+03
1.320000e-06	6.565542e-09	2.244588e-08	4.633518e+01	1.481909e+03
1.330000e-06	6.653933e-09	2.248284e-08	4.695898e+01	1.484177e+03
1.340000e-06	6.739965e-09	2.251867e-08	4.756613e+01	1.486088e+03
1.350000e-06	6.823683e-09	2.255288e-08	4.815696e+01	1.487756e+03
1.360000e-06	6.904946e-09	2.258428e-08	4.873046e+01	1.489329e+03
1.370000e-06	6.983653e-09	2.261313e-08	4.928592e+01	1.490938e+03
1.380000e-06	7.059762e-09	2.264172e-08	4.982304e+01	1.492662e+03
1.390000e-06	7.133201e-09	2.267052e-08	5.034132e+01	1.494505e+03
1.400000e-06	7.204070e-09	2.269863e-08	5.084147e+01	1.496403e+03
1.410000e-06	7.272446e-09	2.272378e-08	5.132402e+01	1.498250e+03
1.420000e-06	7.338190e-09	2.274809e-08	5.178800e+01	1.499936e+03
1.430000e-06	7.401328e-09	2.277243e-08	5.223358e+01	1.501381e+03
1.440000e-06	7.461989e-09	2.279597e-08	5.266169e+01	1.502564e+03
1.450000e-06	7.520042e-09	2.281679e-08	5.307138e+01	1.503522e+03
1.460000e-06	7.575384e-09	2.283381e-08	5.346195e+01	1.504341e+03
1.470000e-06	7.627836e-09	2.285048e-08	5.383212e+01	1.505121e+03
1.480000e-06	7.677165e-09	2.286840e-08	5.418025e+01	1.505948e+03
1.490000e-06	7.723606e-09	2.288686e-08	5.450800e+01	1.506867e+03
1.500000e-06	7.767380e-09	2.290485e-08	5.481692e+01	1.507865e+03
1.510000e-06	7.808339e-09	2.292100e-08	5.510599e+01	1.508885e+03
1.520000e-06	7.846511e-09	2.293472e-08	5.537538e+01	1.509840e+03
1.530000e-06	7.881967e-09	2.294688e-08	5.562560e+01	1.510648e+03
1.540000e-06	7.914571e-09	2.295697e-08	5.585569e+01	1.511252e+03
1.550000e-06	7.944400e-09	2.296423e-08	5.606621e+01	1.511645e+03
1.560000e-06	7.971429e-09	2.297072e-08	5.625696e+01	1.511865e+03
1.570000e-06	7.995489e-09	2.297957e-08	5.642676e+01	1.511983e+03
1.580000e-06	8.016749e-09	2.299099e-08	5.657680e+01	1.512084e+03
1.590000e-06	8.035227e-09	2.300137e-08	5.670720e+01	1.512233e+03
1.600000e-06	8.050712e-09	2.300863e-08	5.681648e+01	1.512459e+03
1.610000e-06	8.063073e-09	2.301460e-08	5.690372e+01	1.512746e+03
1.620000e-06	8.072276e-09	2.301971e-08	5.696867e+01	1.513039e+03
1.630000e-06	8.078561e-09	2.302238e-08	5.701302e+01	1.513264e+03
1.640000e-06	8.082023e-09	2.302242e-08	5.703745e+01	1.513349e+03
1.650000e-06	8.082597e-09	2.302093e-08	5.704150e+01	1.513250e+03
1.660000e-06	8.080463e-09	2.301574e-08	5.702644e+01	1.512963e+03
1.670000e-06	8.075643e-09	2.301299e-08	5.699242e+01	1.512527e+03
1.680000e-06	8.068066e-09	2.301311e-08	5.693895e+01	1.512005e+03
1.690000e-06	8.057778e-09	2.301102e-08	5.686634e+01	1.511471e+03
1.700000e-06	8.044618e-09	2.300948e-08	5.677347e+01	1.510982e+03
1.710000e-06	8.028746e-09	2.300977e-08	5.666146e+01	1.510560e+03
1.720000e-06	8.010546e-09	2.300992e-08	5.653301e+01	1.510190e+03
1.730000e-06	7.989896e-09	2.295645e-08	5.638728e+01	1.509823e+03
1.740000e-06	7.966219e-09	2.290503e-08	5.622018e+01	1.509392e+03
1.750000e-06	7.938838e-09	2.292671e-08	5.602694e+01	1.508835e+03
1.760000e-06	7.907771e-09	2.293505e-08	5.580769e+01	1.508116e+03
1.770000e-06	7.873896e-09	2.293685e-08	5.556862e+01	1.507233e+03
1.780000e-06	7.837719e-09	2.297946e-08	5.531331e+01	1.506223e+03
1.790000e-06	7.799324e-09	2.297935e-08	5.504234e+01	1.505145e+03
1.800000e-06	7.758995e-09	2.288471e-08	5.475773e+01	1.504065e+03
1.810000e-06	7.716373e-09	2.291349e-08	5.445693e+01	1.503035e+03
1.820000e-06	7.670997e-09	2.290165e-08	5.413670e+01	1.502076e+03
1.830000e-06	7.622934e-09	2.286553e-08	5.379750e+01	1.501173e+03
1.840000e-06	7.571716e-09	2.289769e-08	5.343603e+01	1.500281e+03
1.850000e-06	7.517374e-09	2.283195e-08	5.305253e+01	1.499339e+03
1.860000e-06	7.460328e-09	2.288054e-08	5.264994e+01	1.498289e+03
1.870000e-06	7.400619e-09	2.284113e-08	5.222855e+01	1.497091e+03
1.880000e-06	7.338323e-09	2.281121e-08	5.178890e+01	1.495734e+03
1.890000e-06	7.273184e-09	2.281402e-08	5.132919e+01	1.494236e+03
1.900000e-06	7.205234e-09	2.276069e-08	5.084965e+01	1.492631e+03
1.910000e-06	7.134470e-09	2.280537e-08	5.035025e+01	1.490955e+03
1.920000e-06	7.060871e-09	2.275134e-08	4.983083e+01	1.489229e+03
1.930000e-06	6.984526e-09	2.275038e-08	4.929205e+01	1.487451e+03
1.940000e-06	6.905390e-09	2.270720e-08	4.873355e+01	1.485593e+03
1.950000e-06	6.823754e-09	2.265444e-08	4.815742e+01	1.483612e+03
1.960000e-06	6.739683e-09	2.265722e-08	4.756410e+01	1.481463e+03
1.970000e-06	6.653075e-09	2.257098e-08	4.695288e+01	1.479116e+03
1.980000e-06	6.564040e-09	2.255282e-08	4.632454e+01	1.476573e+03
1.990000e-06	6.472720e-09	2.250385e-08	4.568006e+01	1.473865e+03
2.000000e-06	6.379115e-09	2.249561e-08	4.501946e+01	1.471051e+03
2.010000e-06	6.283167e-09	2.246637e-08	4.434232e+01	1.468195e+03
2.020000e-06	6.185021e-09	2.240967e-08	4.364967e+01	1.465351e+03
2.030000e-06	6.084683e-09	2.236713e-08	4.294156e+01	1.462542e+03
2.040000e-06	5.982162e-09	2.229852e-08	4.221803e+01	1.459749e+03
2.050000e-06	5.877517e-09	2.227026e-08	4.147952e+01	1.456920e+03
2.060000e-06	5.770882e-09	2.220613e-08	4.072696e+01	1.453977e+03
2.070000e-06	5.662263e-09	2.217200e-08	3.996040e+01	1.450842e+03
2.080000e-06	5.551557e-09	2.212468e-08	3.917911e+01	1.447460e+03
2.090000e-06	5.438780e-09	2.208475e-08	3.838320e+01	1.443816e+03
2.100000e-06	5.323897e-09	2.203096e-08	3.757244e+01	1.439935e+03
2.110000e-06	5.207000e-09	2.195519e-08	3.674746e+01	1.435879e+03
2.120000e-06	5.088108e-09	2.188238e-08	3.590840e+01	1.431725e+03
2.130000e-06	4.967346e-09	2.181573e-08	3.505614e+01	1.427537e+03
2.140000e-06	4.844828e-09	2.177043e-08	3.419149e+01	1.423344e+03
2.150000e-06	4.720540e-09	2.171278e-08	3.331435e+01	1.419133e+03
2.160000e-06	4.594498e-09	2.165385e-08	3.242483e+01	1.414845e+03
2.170000e-06	4.466763e-09	2.158101e-08	3.152336e+01	1.410393e+03
2.180000e-06	4.337455e-09	2.151178e-08	3.061079e+01	1.405690e+03
2.190000e-06	4.206593e-09	2.142447e-08	2.968726e+01	1.400672e+03
2.200000e-06	4.074157e-09	2.133585e-08	2.875261e+01	1.395321e+03
2.210000e-06	3.940197e-09	2.124421e-08	2.780721e+01	1.389669e+03
2.220000e-06	3.804725e-09	2.117169e-08	2.685114e+01	1.383784e+03
2.230000e-06	3.667739e-09	2.110234e-08	2.588439e+01	1.377752e+03
2.240000e-06	3.529367e-09	2.102120e-08	2.490785e+01	1.371643e+03
2.250000e-06	3.389648e-09	2.092484e-08	2.392181e+01	1.365485e+03
2.260000e-06	3.248631e-09	2.081454e-08	2.292661e+01	1.359250e+03
2.270000e-06	3.106353e-09	2.070969e-08	2.192251e+01	1.352860e+03
2.280000e-06	2.962894e-09	2.060037e-08	2.091007e+01	1.346205e+03
2.290000e-06	2.818330e-09	2.049289e-08	1.988983e+01	1.339178e+03
2.300000e-06	2.672778e-09	2.038031e-08	1.886263e+01	1.331702e+03
2.310000e-06	2.526335e-09	2.027464e-08	1.782913e+01	1.323760e+03
2.320000e-06	2.379010e-09	2.016364e-08	1.678941e+01	1.315393e+03
2.330000e-06	2.230888e-09	2.003999e-08	1.574406e+01	1.306686e+03
2.340000e-06	2.081983e-09	1.990032e-08	1.469319e+01	1.297739e+03
2.350000e-06	1.932381e-09	1.975310e-08	1.363741e+01	1.288624e+03
2.360000e-06	1.782168e-09	1.960783e-08	1.257730e+01	1.279354e+03
2.370000e-06	1.631446e-09	1.946422e-08	1.151361e+01	1.269869e+03
2.380000e-06	1.480230e-09	1.931628e-08	1.044643e+01	1.260043e+03
2.390000e-06	1.328501e-09	1.915851e-08	9.375625e+00	1.249716e+03
2.400000e-06	1.176297e-09	1.899404e-08	8.301470e+00	1.238741e+03
2.410000e-06	1.023646e-09	1.882198e-08	7.224164e+00	1.227024e+03
2.420000e-06	8.706119e-10	1.863674e-08	6.144153e+00	1.214550e+03
2.430000e-06	7.172716e-10	1.843701e-08	5.061980e+00	1.201385e+03
2.440000e-06	5.637024e-10	1.822985e-08	3.978193e+00	1.187638e+03
2.450000e-06	4.099284e-10	1.802006e-08	2.892960e+00	1.173407e+03
2.460000e-06	2.559724e-10	1.780344e-08	1.806442e+00	1.158713e+03
2.470000e-06	1.018898e-10	1.756989e-08	7.190313e-01	1.143451e+03
2.480000e-06	-5.226440e-11	1.731719e-08	-3.688847e-01	1.127367e+03
2.490000e-06	-2.064263e-10	1.704504e-08	-1.456855e+00	1.110092e+03
2.500000e-06	-3.605216e-10	1.675481e-08	-2.544355e+00	1.091203e+03
2.510000e-06	-5.145019e-10	1.643977e-08	-3.631044e+00	1.070318e+03
2.520000e-06	-6.683267e-10	1.609444e-08	-4.716636e+00	1.047176e+03
2.530000e-06	-8.219270e-10	1.571773e-08	-5.800643e+00	1.021688e+03
2.540000e-06	-9.752488e-10	1.531147e-08	-6.882685e+00	9.939131e+02
2.550000e-06	-1.128221e-09	1.487003e-08	-7.962260e+00	9.639581e+02
2.560000e-06	-1.280736e-09	1.438119e-08	-9.038610e+00	9.318086e+02
2.570000e-06	-1.432722e-09	1.383756e-08	-1.011122e+01	8.971196e+02
2.580000e-06	-1.584149e-09	1.323544e-08	-1.117989e+01	8.590208e+02
2.590000e-06	-1.734997e-09	1.256535e-08	-1.224447e+01	8.159941e+02
2.600000e-06	-1.885233e-09	1.180258e-08	-1.330474e+01	7.658749e+02
2.610000e-06	-2.034800e-09	1.091512e-08	-1.436028e+01	7.060110e+02
2.620000e-06	-2.183600e-09	9.860085e-09	-1.541041e+01	6.335768e+02
2.630000e-06	-2.331573e-09	8.581375e-09	-1.645470e+01	5.460091e+02
2.640000e-06	-2.478683e-09	7.010968e-09	-1.749290e+01	4.414937e+02
2.650000e-06	-2.624859e-09	5.109954e-09	-1.852451e+01	3.194166e+02
2.660000e-06	-2.770075e-09	2.919640e-09	-1.954935e+01	1.806876e+02
2.670000e-06	-2.914270e-09	5.339273e-10	-2.056699e+01	2.786127e+01
2.680000e-06	-3.057318e-09	-1.955866e-09	-2.157652e+01	-1.349826e+02
2.690000e-06	-3.199137e-09	-4.479733e-09	-2.257738e+01	-3.025976e+02
2.700000e-06	-3.339676e-09	-6.999945e-09	-2.356921e+01	-4.691169e+02
2.710000e-06	-3.478923e-09	-9.479267e-09	-2.455192e+01	-6.287019e+02
2.720000e-06	-3.616845e-09	-1.183586e-08	-2.552528e+01	-7.761866e+02
2.730000e-06	-3.753400e-09	-1.395119e-08	-2.648899e+01	-9.076131e+02
2.740000e-06	-3.888574e-09	-1.572229e-08	-2.744296e+01	-1.020574e+03
2.750000e-06	-4.022368e-09	-1.713586e-08	-2.838718e+01	-1.114316e+03
2.760000e-06	-4.154767e-09	-1.825019e-08	-2.932157e+01	-1.189611e+03
2.770000e-06	-4.285715e-09	-1.912799e-08	-3.024571e+01	-1.248422e+03
2.780000e-06	-4.415185e-09	-1.982086e-08	-3.115942e+01	-1.293458e+03
2.790000e-06	-4.543130e-09	-2.036963e-08	-3.206237e+01	-1.327697e+03
2.800000e-06	-4.669485e-09	-2.080354e-08	-3.295410e+01	-1.353959e+03
2.810000e-06	-4.794229e-09	-2.114452e-08	-3.383446e+01	-1.374603e+03
2.820000e-06	-4.917278e-09	-2.141163e-08	-3.470286e+01	-1.391374e+03
2.830000e-06	-5.038564e-09	-2.162176e-08	-3.555881e+01	-1.405396e+03
2.840000e-06	-5.158026e-09	-2.179019e-08	-3.640189e+01	-1.417284e+03
2.850000e-06	-5.275518e-09	-2.192820e-08	-3.723107e+01	-1.427318e+03
2.860000e-06	-5.390867e-09	-2.204392e-08	-3.804512e+01	-1.435632e+03
2.870000e-06	-5.503967e-09	-2.214228e-08	-3.884331e+01	-1.442355e+03
2.880000e-06	-5.614859e-09	-2.222654e-08	-3.962591e+01	-1.447704e+03
2.890000e-06	-5.723674e-09	-2.230005e-08	-4.039385e+01	-1.451992e+03
2.900000e-06	-5.830537e-09	-2.236422e-08	-4.114801e+01	-1.455590e+03
2.910000e-06	-5.935400e-09	-2.241929e-08	-4.188807e+01	-1.458851e+03
2.920000e-06	-6.038071e-09	-2.246706e-08	-4.261265e+01	-1.462045e+03
2.930000e-06	-6.138452e-09	-2.251291e-08	-4.332107e+01	-1.465309e+03
2.940000e-06	-6.236619e-09	-2.255904e-08	-4.401386e+01	-1.468645e+03
2.950000e-06	-6.332616e-09	-2.260401e-08	-4.469135e+01	-1.471946e+03
2.960000e-06	-6.426348e-09	-2.264477e-08	-4.535284e+01	-1.475062e+03
2.970000e-06	-6.517750e-09	-2.268217e-08	-4.599790e+01	-1.477854e+03
2.980000e-06	-6.606875e-09	-2.271651e-08	-4.662687e+01	-1.480250e+03
2.990000e-06	-6.693670e-09	-2.274703e-08	-4.723942e+01	-1.482267e+03
3.000000e-06	-6.777977e-09	-2.277450e-08	-4.783440e+01	-1.483998e+03
3.010000e-06	-6.859878e-09	-2.279937e-08	-4.841240e+01	-1.485586e+03
3.020000e-06	-6.939399e-09	-2.282422e-08	-4.897361e+01	-1.487172e+03
3.030000e-06	-7.016257e-09	-2.284977e-08	-4.951602e+01	-1.488855e+03
3.040000e-06	-7.090386e-09	-2.287570e-08	-5.003917e+01	-1.490664e+03
3.050000e-06	-7.161916e-09	-2.290058e-08	-5.054398e+01	-1.492555e+03
3.060000e-06	-7.230831e-09	-2.292412e-08	-5.103033e+01	-1.494432e+03
3.070000e-06	-7.297175e-09	-2.294421e-08	-5.149854e+01	-1.496181e+03
3.080000e-06	-7.361014e-09	-2.296058e-08	-5.194907e+01	-1.497709e+03
3.090000e-06	-7.422227e-09	-2.297408e-08	-5.238108e+01	-1.498975e+03
3.100000e-06	-7.480783e-09	-2.298695e-08	-5.279432e+01	-1.499999e+03
3.110000e-06	-7.536695e-09	-2.300102e-08	-5.318891e+01	-1.500851e+03
3.120000e-06	-7.589763e-09	-2.301561e-08	-5.356343e+01	-1.501634e+03
3.130000e-06	-7.639778e-09	-2.302962e-08	-5.391640e+01	-1.502439e+03
3.140000e-06	-7.686714e-09	-2.304310e-08	-5.424764e+01	-1.503327e+03
3.150000e-06	-7.730960e-09	-2.305603e-08	-5.455990e+01	-1.504305e+03
3.160000e-06	-7.772772e-09	-2.306495e-08	-5.485498e+01	-1.505327e+03
3.170000e-06	-7.811910e-09	-2.306982e-08	-5.513119e+01	-1.506313e+03
3.180000e-06	-7.848213e-09	-2.307249e-08	-5.538739e+01	-1.507177e+03
3.190000e-06	-7.881753e-09	-2.307782e-08	-5.562409e+01	-1.507850e+03
3.200000e-06	-7.912448e-09	-2.308471e-08	-5.584072e+01	-1.508309e+03
3.210000e-06	-7.940218e-09	-2.309144e-08	-5.603669e+01	-1.508578e+03
3.220000e-06	-7.965202e-09	-2.309511e-08	-5.621302e+01	-1.508721e+03
3.230000e-06	-7.987308e-09	-2.309694e-08	-5.636902e+01	-1.508819e+03
3.240000e-06	-8.006519e-09	-2.309762e-08	-5.650460e+01	-1.508948e+03
3.250000e-06	-8.022943e-09	-2.309644e-08	-5.662051e+01	-1.509149e+03
3.260000e-06	-8.036261e-09	-2.309302e-08	-5.671450e+01	-1.509421e+03
3.270000e-06	-8.046418e-09	-2.308884e-08	-5.678618e+01	-1.509720e+03
3.280000e-06	-8.053650e-09	-2.308684e-08	-5.683722e+01	-1.509976e+03
3.290000e-06	-8.057984e-09	-2.308519e-08	-5.686780e+01	-1.510113e+03
3.300000e-06	-8.059541e-09	-2.308073e-08	-5.687879e+01	-1.510076e+03
