# Temperatura_=_48.11770833333333
# Concentracion g/m^3_=_22500.0
# C_Vs_to_Am_M_A/Vsm_=_59384043850.047264
# pendiente_HvsI_1/m_=_3716.3
# ordenada_HvsI_A/m_=_1297.0
# frecuencia_Hz_=_301540.168836097
# Promedio de 48 ciclos

Tiempo_(s)	Campo_(V.s)	Magnetizacion_(V.s)	Campo_(kA/m)	Magnetizacion_(A/m)
0.000000e+00	-6.679972e-09	-2.445608e-08	-4.763736e+01	-1.451555e+03
1.000000e-08	-6.676934e-09	-2.444939e-08	-4.761569e+01	-1.451180e+03
2.000000e-08	-6.671628e-09	-2.444047e-08	-4.757785e+01	-1.450660e+03
3.000000e-08	-6.664276e-09	-2.442860e-08	-4.752542e+01	-1.449972e+03
4.000000e-08	-6.654735e-09	-2.441571e-08	-4.745738e+01	-1.449098e+03
5.000000e-08	-6.642774e-09	-2.439861e-08	-4.737208e+01	-1.448028e+03
6.000000e-08	-6.628387e-09	-2.437775e-08	-4.726948e+01	-1.446766e+03
7.000000e-08	-6.611584e-09	-2.435594e-08	-4.714966e+01	-1.445322e+03
8.000000e-08	-6.592463e-09	-2.431871e-08	-4.701329e+01	-1.443710e+03
9.000000e-08	-6.570990e-09	-2.427438e-08	-4.686016e+01	-1.441940e+03
1.000000e-07	-6.546896e-09	-2.424664e-08	-4.668834e+01	-1.440016e+03
1.100000e-07	-6.520141e-09	-2.422967e-08	-4.649754e+01	-1.437936e+03
1.200000e-07	-6.491100e-09	-2.420275e-08	-4.629044e+01	-1.435701e+03
1.300000e-07	-6.460245e-09	-2.416814e-08	-4.607040e+01	-1.433311e+03
1.400000e-07	-6.427761e-09	-2.412391e-08	-4.583874e+01	-1.430770e+03
1.500000e-07	-6.393304e-09	-2.404983e-08	-4.559301e+01	-1.428084e+03
1.600000e-07	-6.356578e-09	-2.401617e-08	-4.533111e+01	-1.425255e+03
1.700000e-07	-6.317822e-09	-2.396646e-08	-4.505473e+01	-1.422276e+03
1.800000e-07	-6.276858e-09	-2.388732e-08	-4.476259e+01	-1.419130e+03
1.900000e-07	-6.233403e-09	-2.385904e-08	-4.445270e+01	-1.415794e+03
2.000000e-07	-6.187713e-09	-2.379863e-08	-4.412687e+01	-1.412244e+03
2.100000e-07	-6.139760e-09	-2.373700e-08	-4.378490e+01	-1.408465e+03
2.200000e-07	-6.089247e-09	-2.367548e-08	-4.342467e+01	-1.404457e+03
2.300000e-07	-6.036194e-09	-2.357996e-08	-4.304633e+01	-1.400236e+03
2.400000e-07	-5.980797e-09	-2.350650e-08	-4.265127e+01	-1.395828e+03
2.500000e-07	-5.923184e-09	-2.343452e-08	-4.224041e+01	-1.391258e+03
2.600000e-07	-5.863381e-09	-2.335810e-08	-4.181393e+01	-1.386540e+03
2.700000e-07	-5.801499e-09	-2.328339e-08	-4.137263e+01	-1.381669e+03
2.800000e-07	-5.737636e-09	-2.320226e-08	-4.091720e+01	-1.376622e+03
2.900000e-07	-5.671658e-09	-2.311240e-08	-4.044669e+01	-1.371365e+03
3.000000e-07	-5.603517e-09	-2.300731e-08	-3.996075e+01	-1.365866e+03
3.100000e-07	-5.533302e-09	-2.290988e-08	-3.946001e+01	-1.360106e+03
3.200000e-07	-5.461140e-09	-2.280130e-08	-3.894541e+01	-1.354084e+03
3.300000e-07	-5.386985e-09	-2.269627e-08	-3.841658e+01	-1.347821e+03
3.400000e-07	-5.310662e-09	-2.260539e-08	-3.787229e+01	-1.341344e+03
3.500000e-07	-5.232202e-09	-2.249947e-08	-3.731276e+01	-1.334678e+03
3.600000e-07	-5.151621e-09	-2.238865e-08	-3.673811e+01	-1.327831e+03
3.700000e-07	-5.069082e-09	-2.226309e-08	-3.614949e+01	-1.320792e+03
3.800000e-07	-4.984863e-09	-2.212966e-08	-3.554890e+01	-1.313531e+03
3.900000e-07	-4.899066e-09	-2.199223e-08	-3.493705e+01	-1.306014e+03
4.000000e-07	-4.811695e-09	-2.185589e-08	-3.431397e+01	-1.298215e+03
4.100000e-07	-4.722685e-09	-2.172697e-08	-3.367921e+01	-1.290122e+03
4.200000e-07	-4.631917e-09	-2.159714e-08	-3.303190e+01	-1.281746e+03
4.300000e-07	-4.539392e-09	-2.146565e-08	-3.237207e+01	-1.273108e+03
4.400000e-07	-4.445260e-09	-2.132020e-08	-3.170078e+01	-1.264233e+03
4.500000e-07	-4.349574e-09	-2.116085e-08	-3.101841e+01	-1.255134e+03
4.600000e-07	-4.252298e-09	-2.099147e-08	-3.032470e+01	-1.245805e+03
4.700000e-07	-4.153422e-09	-2.081968e-08	-2.961958e+01	-1.236224e+03
4.800000e-07	-4.052992e-09	-2.065141e-08	-2.890338e+01	-1.226356e+03
4.900000e-07	-3.951144e-09	-2.048426e-08	-2.817706e+01	-1.216173e+03
5.000000e-07	-3.847962e-09	-2.031625e-08	-2.744123e+01	-1.205659e+03
5.100000e-07	-3.743419e-09	-2.014091e-08	-2.669569e+01	-1.194818e+03
5.200000e-07	-3.637481e-09	-1.995578e-08	-2.594021e+01	-1.183666e+03
5.300000e-07	-3.530151e-09	-1.975993e-08	-2.517480e+01	-1.172226e+03
5.400000e-07	-3.421523e-09	-1.955652e-08	-2.440013e+01	-1.160509e+03
5.500000e-07	-3.311737e-09	-1.934896e-08	-2.361721e+01	-1.148512e+03
5.600000e-07	-3.200834e-09	-1.914148e-08	-2.282632e+01	-1.136212e+03
5.700000e-07	-3.088761e-09	-1.893170e-08	-2.202708e+01	-1.123577e+03
5.800000e-07	-2.975498e-09	-1.871537e-08	-2.121936e+01	-1.110581e+03
5.900000e-07	-2.861077e-09	-1.849037e-08	-2.040338e+01	-1.097210e+03
6.000000e-07	-2.745477e-09	-1.825921e-08	-1.957900e+01	-1.083473e+03
6.100000e-07	-2.628719e-09	-1.802318e-08	-1.874635e+01	-1.069394e+03
6.200000e-07	-2.510952e-09	-1.778097e-08	-1.790652e+01	-1.054999e+03
6.300000e-07	-2.392321e-09	-1.753586e-08	-1.706051e+01	-1.040301e+03
6.400000e-07	-2.272867e-09	-1.728490e-08	-1.620864e+01	-1.025292e+03
6.500000e-07	-2.152597e-09	-1.702444e-08	-1.535095e+01	-1.009939e+03
6.600000e-07	-2.031534e-09	-1.675597e-08	-1.448761e+01	-9.941959e+02
6.700000e-07	-1.909728e-09	-1.648267e-08	-1.361897e+01	-9.780212e+02
6.800000e-07	-1.787225e-09	-1.620463e-08	-1.274535e+01	-9.613925e+02
6.900000e-07	-1.664027e-09	-1.592137e-08	-1.186678e+01	-9.443148e+02
7.000000e-07	-1.540156e-09	-1.563198e-08	-1.098341e+01	-9.268142e+02
7.100000e-07	-1.415698e-09	-1.533507e-08	-1.009586e+01	-9.089213e+02
7.200000e-07	-1.290753e-09	-1.502755e-08	-9.204824e+00	-8.906505e+02
7.300000e-07	-1.165392e-09	-1.470835e-08	-8.310832e+00	-8.719836e+02
7.400000e-07	-1.039668e-09	-1.438042e-08	-7.414245e+00	-8.528670e+02
7.500000e-07	-9.136094e-10	-1.404669e-08	-6.515272e+00	-8.332240e+02
7.600000e-07	-7.872544e-10	-1.370812e-08	-5.614187e+00	-8.129772e+02
7.700000e-07	-6.606550e-10	-1.336136e-08	-4.711359e+00	-7.920715e+02
7.800000e-07	-5.338490e-10	-1.300273e-08	-3.807058e+00	-7.704846e+02
7.900000e-07	-4.068666e-10	-1.263199e-08	-2.901499e+00	-7.482193e+02
8.000000e-07	-2.797496e-10	-1.224689e-08	-1.994980e+00	-7.252761e+02
8.100000e-07	-1.525328e-10	-1.184446e-08	-1.087749e+00	-7.016173e+02
8.200000e-07	-2.525023e-11	-1.142563e-08	-1.800487e-01	-6.771375e+02
8.300000e-07	1.020384e-10	-1.099135e-08	7.276944e-01	-6.516528e+02
8.400000e-07	2.292736e-10	-1.053996e-08	1.635056e+00	-6.249187e+02
8.500000e-07	3.564123e-10	-1.006591e-08	2.541731e+00	-5.966680e+02
8.600000e-07	4.834129e-10	-9.561831e-09	3.447420e+00	-5.666549e+02
8.700000e-07	6.102435e-10	-9.023148e-09	4.351897e+00	-5.346800e+02
8.800000e-07	7.368790e-10	-8.447378e-09	5.254982e+00	-5.005794e+02
8.900000e-07	8.632861e-10	-7.831333e-09	6.156439e+00	-4.641709e+02
9.000000e-07	9.894259e-10	-7.169994e-09	7.055989e+00	-4.251688e+02
9.100000e-07	1.115247e-09	-6.455141e-09	7.953268e+00	-3.830996e+02
9.200000e-07	1.240712e-09	-5.674037e-09	8.848001e+00	-3.372561e+02
9.300000e-07	1.365788e-09	-4.812058e-09	9.739970e+00	-2.867248e+02
9.400000e-07	1.490429e-09	-3.855192e-09	1.062883e+01	-2.305044e+02
9.500000e-07	1.614550e-09	-2.790444e-09	1.151398e+01	-1.677038e+02
9.600000e-07	1.738047e-09	-1.608345e-09	1.239469e+01	-9.777950e+01
9.700000e-07	1.860856e-09	-3.045264e-10	1.327048e+01	-2.075525e+01
9.800000e-07	1.982955e-09	1.110870e-09	1.414121e+01	6.264017e+01
9.900000e-07	2.104314e-09	2.609441e-09	1.500667e+01	1.509614e+02
1.000000e-06	2.224893e-09	4.154649e-09	1.586657e+01	2.421771e+02
1.010000e-06	2.344669e-09	5.707241e-09	1.672073e+01	3.339209e+02
1.020000e-06	2.463621e-09	7.224760e-09	1.756902e+01	4.238076e+02
1.030000e-06	2.581702e-09	8.668103e-09	1.841110e+01	5.097434e+02
1.040000e-06	2.698815e-09	1.001272e-08	1.924628e+01	5.901630e+02
1.050000e-06	2.814821e-09	1.124951e-08	2.007356e+01	6.641453e+02
1.060000e-06	2.929628e-09	1.237656e-08	2.089229e+01	7.313981e+02
1.070000e-06	3.043240e-09	1.339654e-08	2.170250e+01	7.921312e+02
1.080000e-06	3.155694e-09	1.431763e-08	2.250445e+01	8.468694e+02
1.090000e-06	3.267023e-09	1.514886e-08	2.329838e+01	8.962587e+02
1.100000e-06	3.377252e-09	1.590038e-08	2.408446e+01	9.409176e+02
1.110000e-06	3.486415e-09	1.657689e-08	2.486294e+01	9.813572e+02
1.120000e-06	3.594418e-09	1.718520e-08	2.563315e+01	1.017973e+03
1.130000e-06	3.701081e-09	1.773592e-08	2.639380e+01	1.051083e+03
1.140000e-06	3.806319e-09	1.823608e-08	2.714429e+01	1.080987e+03
1.150000e-06	3.910126e-09	1.868988e-08	2.788458e+01	1.108009e+03
1.160000e-06	4.012540e-09	1.910162e-08	2.861493e+01	1.132505e+03
1.170000e-06	4.113584e-09	1.947825e-08	2.933552e+01	1.154848e+03
1.180000e-06	4.213142e-09	1.982548e-08	3.004550e+01	1.175380e+03
1.190000e-06	4.311056e-09	2.014507e-08	3.074375e+01	1.194383e+03
1.200000e-06	4.407320e-09	2.043767e-08	3.143025e+01	1.212049e+03
1.210000e-06	4.502040e-09	2.070821e-08	3.210573e+01	1.228492e+03
1.220000e-06	4.595313e-09	2.096225e-08	3.277090e+01	1.243774e+03
1.230000e-06	4.687058e-09	2.120103e-08	3.342517e+01	1.257945e+03
1.240000e-06	4.777054e-09	2.142237e-08	3.406696e+01	1.271076e+03
1.250000e-06	4.865229e-09	2.162849e-08	3.469577e+01	1.283272e+03
1.260000e-06	4.951689e-09	2.182275e-08	3.531235e+01	1.294663e+03
1.270000e-06	5.036531e-09	2.200465e-08	3.591739e+01	1.305385e+03
1.280000e-06	5.119649e-09	2.217327e-08	3.651013e+01	1.315544e+03
1.290000e-06	5.200855e-09	2.233165e-08	3.708924e+01	1.325204e+03
1.300000e-06	5.280151e-09	2.248327e-08	3.765473e+01	1.334382e+03
1.310000e-06	5.357582e-09	2.262737e-08	3.820692e+01	1.343060e+03
1.320000e-06	5.432980e-09	2.276227e-08	3.874461e+01	1.351214e+03
1.330000e-06	5.506232e-09	2.288798e-08	3.926700e+01	1.358836e+03
1.340000e-06	5.577467e-09	2.300766e-08	3.977500e+01	1.365952e+03
1.350000e-06	5.646802e-09	2.312152e-08	4.026945e+01	1.372619e+03
1.360000e-06	5.714137e-09	2.322725e-08	4.074965e+01	1.378907e+03
1.370000e-06	5.779329e-09	2.332574e-08	4.121455e+01	1.384887e+03
1.380000e-06	5.842485e-09	2.341984e-08	4.166494e+01	1.390602e+03
1.390000e-06	5.903758e-09	2.351056e-08	4.210190e+01	1.396066e+03
1.400000e-06	5.963001e-09	2.359535e-08	4.252438e+01	1.401266e+03
1.410000e-06	6.020033e-09	2.367465e-08	4.293110e+01	1.406177e+03
1.420000e-06	6.074870e-09	2.375182e-08	4.332216e+01	1.410780e+03
1.430000e-06	6.127361e-09	2.382747e-08	4.369649e+01	1.415075e+03
1.440000e-06	6.177268e-09	2.389744e-08	4.405239e+01	1.419083e+03
1.450000e-06	6.224740e-09	2.396051e-08	4.439094e+01	1.422841e+03
1.460000e-06	6.270129e-09	2.402019e-08	4.471462e+01	1.426384e+03
1.470000e-06	6.313356e-09	2.407815e-08	4.502289e+01	1.429736e+03
1.480000e-06	6.354184e-09	2.413150e-08	4.531405e+01	1.432899e+03
1.490000e-06	6.392757e-09	2.417859e-08	4.558912e+01	1.435856e+03
1.500000e-06	6.429245e-09	2.422253e-08	4.584933e+01	1.438585e+03
1.510000e-06	6.463419e-09	2.426549e-08	4.609304e+01	1.441064e+03
1.520000e-06	6.495202e-09	2.430464e-08	4.631969e+01	1.443289e+03
1.530000e-06	6.524849e-09	2.433753e-08	4.653112e+01	1.445276e+03
1.540000e-06	6.552263e-09	2.436646e-08	4.672662e+01	1.447051e+03
1.550000e-06	6.577204e-09	2.439379e-08	4.690448e+01	1.448646e+03
1.560000e-06	6.599783e-09	2.441771e-08	4.706550e+01	1.450082e+03
1.570000e-06	6.620218e-09	2.443592e-08	4.721123e+01	1.451364e+03
1.580000e-06	6.638343e-09	2.445139e-08	4.734049e+01	1.452481e+03
1.590000e-06	6.653989e-09	2.446709e-08	4.745206e+01	1.453412e+03
1.600000e-06	6.667185e-09	2.448071e-08	4.754617e+01	1.454139e+03
1.610000e-06	6.677749e-09	2.448863e-08	4.762151e+01	1.454656e+03
1.620000e-06	6.685740e-09	2.449248e-08	4.767849e+01	1.454971e+03
1.630000e-06	6.691467e-09	2.449444e-08	4.771933e+01	1.455106e+03
1.640000e-06	6.694887e-09	2.449499e-08	4.774372e+01	1.455089e+03
1.650000e-06	6.695873e-09	2.449201e-08	4.775075e+01	1.454942e+03
1.660000e-06	6.694586e-09	2.448703e-08	4.774157e+01	1.454672e+03
1.670000e-06	6.691229e-09	2.448165e-08	4.771763e+01	1.454272e+03
1.680000e-06	6.685608e-09	2.447420e-08	4.767755e+01	1.453723e+03
1.690000e-06	6.677702e-09	2.446202e-08	4.762116e+01	1.453002e+03
1.700000e-06	6.667710e-09	2.444273e-08	4.754991e+01	1.452093e+03
1.710000e-06	6.655447e-09	2.441984e-08	4.746245e+01	1.450988e+03
1.720000e-06	6.640823e-09	2.439391e-08	4.735816e+01	1.449692e+03
1.730000e-06	6.624131e-09	2.437920e-08	4.723913e+01	1.448217e+03
1.740000e-06	6.605388e-09	2.437572e-08	4.710547e+01	1.446575e+03
1.750000e-06	6.583839e-09	2.434369e-08	4.695179e+01	1.444777e+03
1.760000e-06	6.559089e-09	2.429210e-08	4.677529e+01	1.442824e+03
1.770000e-06	6.531682e-09	2.424180e-08	4.657984e+01	1.440717e+03
1.780000e-06	6.502005e-09	2.417940e-08	4.636820e+01	1.438453e+03
1.790000e-06	6.470470e-09	2.416084e-08	4.614331e+01	1.436034e+03
1.800000e-06	6.437453e-09	2.415078e-08	4.590785e+01	1.433467e+03
1.810000e-06	6.402481e-09	2.406235e-08	4.565846e+01	1.430755e+03
1.820000e-06	6.365153e-09	2.403471e-08	4.539226e+01	1.427899e+03
1.830000e-06	6.325645e-09	2.400492e-08	4.511051e+01	1.424891e+03
1.840000e-06	6.283915e-09	2.392609e-08	4.481292e+01	1.421713e+03
1.850000e-06	6.240057e-09	2.389385e-08	4.450015e+01	1.418340e+03
1.860000e-06	6.193978e-09	2.379110e-08	4.417154e+01	1.414749e+03
1.870000e-06	6.145493e-09	2.372801e-08	4.382578e+01	1.410928e+03
1.880000e-06	6.094836e-09	2.370359e-08	4.346452e+01	1.406880e+03
1.890000e-06	6.041665e-09	2.361225e-08	4.308534e+01	1.402623e+03
1.900000e-06	5.986053e-09	2.354302e-08	4.268875e+01	1.398183e+03
1.910000e-06	5.928354e-09	2.344974e-08	4.227728e+01	1.393586e+03
1.920000e-06	5.868449e-09	2.337511e-08	4.185007e+01	1.388841e+03
1.930000e-06	5.806371e-09	2.330230e-08	4.140737e+01	1.383940e+03
1.940000e-06	5.742149e-09	2.319177e-08	4.094938e+01	1.378858e+03
1.950000e-06	5.675960e-09	2.311459e-08	4.047736e+01	1.373559e+03
1.960000e-06	5.607697e-09	2.302355e-08	3.999055e+01	1.368014e+03
1.970000e-06	5.537122e-09	2.294624e-08	3.948725e+01	1.362205e+03
1.980000e-06	5.464519e-09	2.283116e-08	3.896950e+01	1.356138e+03
1.990000e-06	5.389918e-09	2.270001e-08	3.843749e+01	1.349834e+03
2.000000e-06	5.313194e-09	2.260534e-08	3.789034e+01	1.343322e+03
2.010000e-06	5.234373e-09	2.248297e-08	3.732824e+01	1.336623e+03
2.020000e-06	5.153669e-09	2.237154e-08	3.675271e+01	1.329742e+03
2.030000e-06	5.071260e-09	2.224781e-08	3.616502e+01	1.322665e+03
2.040000e-06	4.987012e-09	2.213976e-08	3.556422e+01	1.315361e+03
2.050000e-06	4.900864e-09	2.203096e-08	3.494986e+01	1.307795e+03
2.060000e-06	4.812895e-09	2.188285e-08	3.432252e+01	1.299942e+03
2.070000e-06	4.723343e-09	2.172977e-08	3.368390e+01	1.291797e+03
2.080000e-06	4.632204e-09	2.157547e-08	3.303395e+01	1.283372e+03
2.090000e-06	4.539367e-09	2.144035e-08	3.237189e+01	1.274689e+03
2.100000e-06	4.444827e-09	2.129432e-08	3.169769e+01	1.265773e+03
2.110000e-06	4.348690e-09	2.114391e-08	3.101210e+01	1.256633e+03
2.120000e-06	4.251122e-09	2.099537e-08	3.031631e+01	1.247261e+03
2.130000e-06	4.152084e-09	2.083839e-08	2.961003e+01	1.237631e+03
2.140000e-06	4.051536e-09	2.066304e-08	2.889299e+01	1.227708e+03
2.150000e-06	3.949384e-09	2.047185e-08	2.816450e+01	1.217466e+03
2.160000e-06	3.845705e-09	2.029090e-08	2.742513e+01	1.206892e+03
2.170000e-06	3.740694e-09	2.011932e-08	2.667626e+01	1.195993e+03
2.180000e-06	3.634472e-09	1.994398e-08	2.591875e+01	1.184788e+03
2.190000e-06	3.527076e-09	1.975120e-08	2.515286e+01	1.173297e+03
2.200000e-06	3.418449e-09	1.955219e-08	2.437821e+01	1.161531e+03
2.210000e-06	3.308540e-09	1.934522e-08	2.359440e+01	1.149481e+03
2.220000e-06	3.197312e-09	1.913104e-08	2.280120e+01	1.137123e+03
2.230000e-06	3.084895e-09	1.890683e-08	2.199951e+01	1.124425e+03
2.240000e-06	2.971359e-09	1.868608e-08	2.118984e+01	1.111361e+03
2.250000e-06	2.856679e-09	1.847299e-08	2.037201e+01	1.097923e+03
2.260000e-06	2.740848e-09	1.825079e-08	1.954598e+01	1.084123e+03
2.270000e-06	2.623903e-09	1.801336e-08	1.871201e+01	1.069985e+03
2.280000e-06	2.505899e-09	1.776207e-08	1.787048e+01	1.055535e+03
2.290000e-06	2.386878e-09	1.751186e-08	1.702170e+01	1.040783e+03
2.300000e-06	2.266947e-09	1.725507e-08	1.616642e+01	1.025714e+03
2.310000e-06	2.146253e-09	1.699045e-08	1.530571e+01	1.010294e+03
2.320000e-06	2.024893e-09	1.672237e-08	1.444024e+01	9.944763e+02
2.330000e-06	1.902895e-09	1.645268e-08	1.357023e+01	9.782208e+02
2.340000e-06	1.780244e-09	1.617714e-08	1.269556e+01	9.615103e+02
2.350000e-06	1.656928e-09	1.588577e-08	1.181615e+01	9.443542e+02
2.360000e-06	1.532991e-09	1.558516e-08	1.093230e+01	9.267808e+02
2.370000e-06	1.408507e-09	1.528255e-08	1.004457e+01	9.088196e+02
2.380000e-06	1.283538e-09	1.497742e-08	9.153362e+00	8.904799e+02
2.390000e-06	1.158120e-09	1.466139e-08	8.258960e+00	8.717370e+02
2.400000e-06	1.032294e-09	1.433432e-08	7.361650e+00	8.525318e+02
2.410000e-06	9.060759e-10	1.400016e-08	6.461545e+00	8.327857e+02
2.420000e-06	7.794794e-10	1.365563e-08	5.558739e+00	8.124238e+02
2.430000e-06	6.525665e-10	1.329854e-08	4.653676e+00	7.913965e+02
2.440000e-06	5.254195e-10	1.293138e-08	3.746944e+00	7.696874e+02
2.450000e-06	3.980700e-10	1.255914e-08	2.838767e+00	7.473010e+02
2.460000e-06	2.705428e-10	1.217827e-08	1.929323e+00	7.242338e+02
2.470000e-06	1.429041e-10	1.178054e-08	1.019083e+00	7.004379e+02
2.480000e-06	1.522267e-11	1.136217e-08	1.085380e-01	6.757937e+02
2.490000e-06	-1.124581e-10	1.092380e-08	-8.020018e-01	6.501045e+02
2.500000e-06	-2.400938e-10	1.046608e-08	-1.712220e+00	6.231185e+02
2.510000e-06	-3.676298e-10	9.984742e-09	-2.621728e+00	5.945694e+02
2.520000e-06	-4.950055e-10	9.475852e-09	-3.530091e+00	5.642185e+02
2.530000e-06	-6.221726e-10	8.938788e-09	-4.436968e+00	5.318750e+02
2.540000e-06	-7.490916e-10	8.367900e-09	-5.342075e+00	4.973769e+02
2.550000e-06	-8.756960e-10	7.754300e-09	-6.244937e+00	4.605300e+02
2.560000e-06	-1.001930e-09	7.089712e-09	-7.145159e+00	4.210209e+02
2.570000e-06	-1.127756e-09	6.369177e-09	-8.042466e+00	3.783358e+02
2.580000e-06	-1.253160e-09	5.583966e-09	-8.936771e+00	3.317262e+02
2.590000e-06	-1.378143e-09	4.720291e-09	-9.828066e+00	2.802516e+02
2.600000e-06	-1.502640e-09	3.764137e-09	-1.071590e+01	2.229142e+02
2.610000e-06	-1.626556e-09	2.701525e-09	-1.159959e+01	1.588670e+02
2.620000e-06	-1.749837e-09	1.520945e-09	-1.247875e+01	8.765340e+01
2.630000e-06	-1.872452e-09	2.189031e-10	-1.335316e+01	9.416094e+00
2.640000e-06	-1.994387e-09	-1.194418e-09	-1.422273e+01	-7.498490e+01
2.650000e-06	-2.115630e-09	-2.692182e-09	-1.508736e+01	-1.639860e+02
2.660000e-06	-2.236179e-09	-4.234623e-09	-1.594704e+01	-2.554751e+02
2.670000e-06	-2.355977e-09	-5.778267e-09	-1.680136e+01	-3.470582e+02
2.680000e-06	-2.474868e-09	-7.281297e-09	-1.764922e+01	-4.363808e+02
2.690000e-06	-2.592745e-09	-8.710524e-09	-1.848985e+01	-5.214291e+02
2.700000e-06	-2.709574e-09	-1.004344e-08	-1.932299e+01	-6.007482e+02
2.710000e-06	-2.825306e-09	-1.126866e-08	-2.014832e+01	-6.735343e+02
2.720000e-06	-2.939887e-09	-1.238464e-08	-2.096544e+01	-7.395963e+02
2.730000e-06	-3.053261e-09	-1.339710e-08	-2.177395e+01	-7.992151e+02
2.740000e-06	-3.165401e-09	-1.431374e-08	-2.257366e+01	-8.529505e+02
2.750000e-06	-3.276283e-09	-1.514045e-08	-2.336440e+01	-9.014528e+02
2.760000e-06	-3.385860e-09	-1.588415e-08	-2.414584e+01	-9.453249e+02
2.770000e-06	-3.494237e-09	-1.655373e-08	-2.491871e+01	-9.850562e+02
2.780000e-06	-3.601519e-09	-1.715738e-08	-2.568378e+01	-1.021024e+03
2.790000e-06	-3.707654e-09	-1.770299e-08	-2.644067e+01	-1.053540e+03
2.800000e-06	-3.812555e-09	-1.819684e-08	-2.718875e+01	-1.082906e+03
2.810000e-06	-3.916097e-09	-1.864654e-08	-2.792715e+01	-1.109450e+03
2.820000e-06	-4.018107e-09	-1.905907e-08	-2.865462e+01	-1.133535e+03
2.830000e-06	-4.118530e-09	-1.943682e-08	-2.937077e+01	-1.155531e+03
2.840000e-06	-4.217482e-09	-1.978275e-08	-3.007644e+01	-1.175773e+03
2.850000e-06	-4.315047e-09	-2.009995e-08	-3.077222e+01	-1.194526e+03
2.860000e-06	-4.411190e-09	-2.039323e-08	-3.145785e+01	-1.211968e+03
2.870000e-06	-4.505766e-09	-2.066579e-08	-3.213230e+01	-1.228200e+03
2.880000e-06	-4.598661e-09	-2.091791e-08	-3.279477e+01	-1.243280e+03
2.890000e-06	-4.689944e-09	-2.115121e-08	-3.344574e+01	-1.257260e+03
2.900000e-06	-4.779635e-09	-2.136975e-08	-3.408536e+01	-1.270216e+03
2.910000e-06	-4.867625e-09	-2.157640e-08	-3.471285e+01	-1.282259e+03
2.920000e-06	-4.953785e-09	-2.177011e-08	-3.532729e+01	-1.293522e+03
2.930000e-06	-5.038079e-09	-2.195111e-08	-3.592842e+01	-1.304136e+03
2.940000e-06	-5.120641e-09	-2.212173e-08	-3.651720e+01	-1.314204e+03
2.950000e-06	-5.201517e-09	-2.228465e-08	-3.709396e+01	-1.323779e+03
2.960000e-06	-5.280536e-09	-2.243852e-08	-3.765747e+01	-1.332870e+03
2.970000e-06	-5.357426e-09	-2.258079e-08	-3.820580e+01	-1.341456e+03
2.980000e-06	-5.432189e-09	-2.271428e-08	-3.873896e+01	-1.349515e+03
2.990000e-06	-5.505023e-09	-2.284323e-08	-3.925837e+01	-1.357045e+03
3.000000e-06	-5.575911e-09	-2.296552e-08	-3.976390e+01	-1.364077e+03
3.010000e-06	-5.644687e-09	-2.308002e-08	-4.025436e+01	-1.370671e+03
3.020000e-06	-5.711400e-09	-2.318787e-08	-4.073012e+01	-1.376900e+03
3.030000e-06	-5.776216e-09	-2.329055e-08	-4.119235e+01	-1.382831e+03
3.040000e-06	-5.839041e-09	-2.338761e-08	-4.164037e+01	-1.388501e+03
3.050000e-06	-5.899678e-09	-2.347684e-08	-4.207280e+01	-1.393920e+03
3.060000e-06	-5.958131e-09	-2.356057e-08	-4.248965e+01	-1.399071e+03
3.070000e-06	-6.014556e-09	-2.364240e-08	-4.289204e+01	-1.403929e+03
3.080000e-06	-6.068847e-09	-2.372187e-08	-4.327920e+01	-1.408477e+03
3.090000e-06	-6.120719e-09	-2.379499e-08	-4.364912e+01	-1.412719e+03
3.100000e-06	-6.170054e-09	-2.386153e-08	-4.400095e+01	-1.416681e+03
3.110000e-06	-6.216893e-09	-2.392505e-08	-4.433498e+01	-1.420398e+03
3.120000e-06	-6.261558e-09	-2.398619e-08	-4.465350e+01	-1.423906e+03
3.130000e-06	-6.304276e-09	-2.404173e-08	-4.495814e+01	-1.427225e+03
3.140000e-06	-6.344962e-09	-2.409101e-08	-4.524828e+01	-1.430354e+03
3.150000e-06	-6.383435e-09	-2.413690e-08	-4.552265e+01	-1.433273e+03
3.160000e-06	-6.419586e-09	-2.418230e-08	-4.578045e+01	-1.435958e+03
3.170000e-06	-6.453489e-09	-2.422465e-08	-4.602222e+01	-1.438392e+03
3.180000e-06	-6.485165e-09	-2.426209e-08	-4.624812e+01	-1.440575e+03
3.190000e-06	-6.514430e-09	-2.429722e-08	-4.645682e+01	-1.442522e+03
3.200000e-06	-6.541307e-09	-2.433061e-08	-4.664849e+01	-1.444263e+03
3.210000e-06	-6.565981e-09	-2.435885e-08	-4.682445e+01	-1.445829e+03
3.220000e-06	-6.588294e-09	-2.438048e-08	-4.698357e+01	-1.447238e+03
3.230000e-06	-6.608185e-09	-2.439922e-08	-4.712542e+01	-1.448492e+03
3.240000e-06	-6.625836e-09	-2.441752e-08	-4.725130e+01	-1.449578e+03
3.250000e-06	-6.641164e-09	-2.443472e-08	-4.736060e+01	-1.450475e+03
3.260000e-06	-6.653850e-09	-2.444800e-08	-4.745107e+01	-1.451165e+03
3.270000e-06	-6.663969e-09	-2.445764e-08	-4.752323e+01	-1.451645e+03
3.280000e-06	-6.671790e-09	-2.446500e-08	-4.757901e+01	-1.451927e+03
3.290000e-06	-6.677187e-09	-2.446884e-08	-4.761749e+01	-1.452033e+03
3.300000e-06	-6.680191e-09	-2.446784e-08	-4.763892e+01	-1.451993e+03
3.310000e-06	-6.681009e-09	-2.446311e-08	-4.764475e+01	-1.451824e+03
