# Temperatura_=_49.01923076923076
# Concentracion g/m^3_=_22500.0
# C_Vs_to_Am_M_A/Vsm_=_59384043850.047264
# pendiente_HvsI_1/m_=_3716.3
# ordenada_HvsI_A/m_=_1297.0
# frecuencia_Hz_=_301750.54101252405
# Promedio de 52 ciclos

Tiempo_(s)	Campo_(V.s)	Magnetizacion_(V.s)	Campo_(kA/m)	Magnetizacion_(A/m)
0.000000e+00	-8.018271e-09	-2.548521e-08	-5.681504e+01	-1.512158e+03
1.000000e-08	-8.014278e-09	-2.547884e-08	-5.678675e+01	-1.511577e+03
2.000000e-08	-8.007681e-09	-2.547029e-08	-5.674001e+01	-1.510797e+03
3.000000e-08	-7.998423e-09	-2.545769e-08	-5.667441e+01	-1.509919e+03
4.000000e-08	-7.986337e-09	-2.544191e-08	-5.658878e+01	-1.509031e+03
5.000000e-08	-7.971323e-09	-2.542364e-08	-5.648239e+01	-1.508158e+03
6.000000e-08	-7.953494e-09	-2.540427e-08	-5.635607e+01	-1.507250e+03
7.000000e-08	-7.933209e-09	-2.538230e-08	-5.621233e+01	-1.506202e+03
8.000000e-08	-7.910352e-09	-2.534417e-08	-5.605038e+01	-1.504897e+03
9.000000e-08	-7.884348e-09	-2.529894e-08	-5.586613e+01	-1.503258e+03
1.000000e-07	-7.855106e-09	-2.528079e-08	-5.565893e+01	-1.501284e+03
1.100000e-07	-7.823020e-09	-2.527168e-08	-5.543158e+01	-1.499054e+03
1.200000e-07	-7.788250e-09	-2.523793e-08	-5.518521e+01	-1.496695e+03
1.300000e-07	-7.750978e-09	-2.518965e-08	-5.492112e+01	-1.494327e+03
1.400000e-07	-7.711532e-09	-2.516347e-08	-5.464161e+01	-1.492014e+03
1.500000e-07	-7.669796e-09	-2.513556e-08	-5.434588e+01	-1.489730e+03
1.600000e-07	-7.625335e-09	-2.505996e-08	-5.403085e+01	-1.487372e+03
1.700000e-07	-7.578111e-09	-2.500792e-08	-5.369624e+01	-1.484799e+03
1.800000e-07	-7.528050e-09	-2.495909e-08	-5.334152e+01	-1.481890e+03
1.900000e-07	-7.474916e-09	-2.490329e-08	-5.296503e+01	-1.478597e+03
2.000000e-07	-7.418951e-09	-2.486313e-08	-5.256849e+01	-1.474959e+03
2.100000e-07	-7.360318e-09	-2.478994e-08	-5.215303e+01	-1.471089e+03
2.200000e-07	-7.299054e-09	-2.472518e-08	-5.171894e+01	-1.467119e+03
2.300000e-07	-7.235181e-09	-2.466020e-08	-5.126635e+01	-1.463144e+03
2.400000e-07	-7.168554e-09	-2.459533e-08	-5.079426e+01	-1.459180e+03
2.500000e-07	-7.099257e-09	-2.452169e-08	-5.030324e+01	-1.455153e+03
2.600000e-07	-7.027346e-09	-2.443195e-08	-4.979370e+01	-1.450931e+03
2.700000e-07	-6.952717e-09	-2.436265e-08	-4.926491e+01	-1.446382e+03
2.800000e-07	-6.875342e-09	-2.429181e-08	-4.871666e+01	-1.441425e+03
2.900000e-07	-6.795270e-09	-2.420398e-08	-4.814929e+01	-1.436065e+03
3.000000e-07	-6.712710e-09	-2.409616e-08	-4.756430e+01	-1.430392e+03
3.100000e-07	-6.627892e-09	-2.399869e-08	-4.696330e+01	-1.424532e+03
3.200000e-07	-6.540836e-09	-2.391052e-08	-4.634645e+01	-1.418597e+03
3.300000e-07	-6.451452e-09	-2.380395e-08	-4.571311e+01	-1.412628e+03
3.400000e-07	-6.359750e-09	-2.369373e-08	-4.506333e+01	-1.406579e+03
3.500000e-07	-6.265779e-09	-2.358400e-08	-4.439749e+01	-1.400332e+03
3.600000e-07	-6.169496e-09	-2.347791e-08	-4.371526e+01	-1.393747e+03
3.700000e-07	-6.070906e-09	-2.336262e-08	-4.301668e+01	-1.386722e+03
3.800000e-07	-5.970144e-09	-2.323144e-08	-4.230271e+01	-1.379235e+03
3.900000e-07	-5.867277e-09	-2.309645e-08	-4.157383e+01	-1.371348e+03
4.000000e-07	-5.762245e-09	-2.296710e-08	-4.082961e+01	-1.363180e+03
4.100000e-07	-5.655071e-09	-2.283892e-08	-4.007020e+01	-1.354849e+03
4.200000e-07	-5.545907e-09	-2.269192e-08	-3.929670e+01	-1.346412e+03
4.300000e-07	-5.434807e-09	-2.253724e-08	-3.850948e+01	-1.337846e+03
4.400000e-07	-5.321638e-09	-2.238727e-08	-3.770760e+01	-1.329044e+03
4.500000e-07	-5.206299e-09	-2.223515e-08	-3.689035e+01	-1.319868e+03
4.600000e-07	-5.088913e-09	-2.206951e-08	-3.605859e+01	-1.310206e+03
4.700000e-07	-4.969680e-09	-2.189632e-08	-3.521374e+01	-1.300020e+03
4.800000e-07	-4.848661e-09	-2.172475e-08	-3.435624e+01	-1.289365e+03
4.900000e-07	-4.725844e-09	-2.154761e-08	-3.348600e+01	-1.278361e+03
5.000000e-07	-4.601274e-09	-2.135809e-08	-3.260333e+01	-1.267137e+03
5.100000e-07	-4.475092e-09	-2.115842e-08	-3.170924e+01	-1.255774e+03
5.200000e-07	-4.347359e-09	-2.095815e-08	-3.080417e+01	-1.244260e+03
5.300000e-07	-4.218038e-09	-2.075854e-08	-2.988784e+01	-1.232492e+03
5.400000e-07	-4.087149e-09	-2.055260e-08	-2.896040e+01	-1.220317e+03
5.500000e-07	-3.954770e-09	-2.033637e-08	-2.802240e+01	-1.207598e+03
5.600000e-07	-3.820979e-09	-2.011559e-08	-2.707440e+01	-1.194270e+03
5.700000e-07	-3.685802e-09	-1.989050e-08	-2.611658e+01	-1.180369e+03
5.800000e-07	-3.549261e-09	-1.965326e-08	-2.514910e+01	-1.166013e+03
5.900000e-07	-3.411399e-09	-1.940387e-08	-2.417225e+01	-1.151345e+03
6.000000e-07	-3.272230e-09	-1.915105e-08	-2.318614e+01	-1.136465e+03
6.100000e-07	-3.131742e-09	-1.889712e-08	-2.219069e+01	-1.121377e+03
6.200000e-07	-2.989945e-09	-1.863561e-08	-2.118596e+01	-1.105984e+03
6.300000e-07	-2.846935e-09	-1.836404e-08	-2.017264e+01	-1.090121e+03
6.400000e-07	-2.702842e-09	-1.808474e-08	-1.915164e+01	-1.073632e+03
6.500000e-07	-2.557755e-09	-1.779841e-08	-1.812359e+01	-1.056433e+03
6.600000e-07	-2.411764e-09	-1.750409e-08	-1.708915e+01	-1.038556e+03
6.700000e-07	-2.264934e-09	-1.720008e-08	-1.604875e+01	-1.020129e+03
6.800000e-07	-2.117300e-09	-1.688672e-08	-1.500267e+01	-1.001322e+03
6.900000e-07	-1.968939e-09	-1.656610e-08	-1.395142e+01	-9.822522e+02
7.000000e-07	-1.819923e-09	-1.623713e-08	-1.289554e+01	-9.629267e+02
7.100000e-07	-1.670301e-09	-1.589687e-08	-1.183536e+01	-9.432184e+02
7.200000e-07	-1.520122e-09	-1.554658e-08	-1.077124e+01	-9.229101e+02
7.300000e-07	-1.369441e-09	-1.518880e-08	-9.703557e+00	-9.017820e+02
7.400000e-07	-1.218264e-09	-1.482254e-08	-8.632366e+00	-8.797046e+02
7.500000e-07	-1.066601e-09	-1.444511e-08	-7.557727e+00	-8.566945e+02
7.600000e-07	-9.145132e-10	-1.405378e-08	-6.480079e+00	-8.329015e+02
7.700000e-07	-7.620796e-10	-1.364900e-08	-5.399982e+00	-8.085250e+02
7.800000e-07	-6.093563e-10	-1.323038e-08	-4.317833e+00	-7.836923e+02
7.900000e-07	-4.564105e-10	-1.279619e-08	-3.234106e+00	-7.583512e+02
8.000000e-07	-3.033176e-10	-1.234324e-08	-2.149338e+00	-7.322275e+02
8.100000e-07	-1.501104e-10	-1.187053e-08	-1.063759e+00	-7.048743e+02
8.200000e-07	3.162921e-12	-1.137672e-08	2.228809e-02	-6.757978e+02
8.300000e-07	1.564278e-10	-1.085672e-08	1.108276e+00	-6.446056e+02
8.400000e-07	3.096270e-10	-1.030397e-08	2.193798e+00	-6.111027e+02
8.500000e-07	4.627153e-10	-9.712309e-09	3.278533e+00	-5.752725e+02
8.600000e-07	6.156418e-10	-9.075341e-09	4.362123e+00	-5.371199e+02
8.700000e-07	7.683495e-10	-8.382990e-09	5.444162e+00	-4.964149e+02
8.800000e-07	9.207604e-10	-7.621445e-09	6.524098e+00	-4.524285e+02
8.900000e-07	1.072790e-09	-6.774065e-09	7.601330e+00	-4.037772e+02
9.000000e-07	1.224399e-09	-5.819444e-09	8.675588e+00	-3.484770e+02
9.100000e-07	1.375578e-09	-4.728448e-09	9.746799e+00	-2.842500e+02
9.200000e-07	1.526268e-09	-3.467775e-09	1.081454e+01	-2.090404e+02
9.300000e-07	1.676394e-09	-2.006609e-09	1.187829e+01	-1.216194e+02
9.400000e-07	1.825910e-09	-3.313928e-10	1.293771e+01	-2.210732e+01
9.500000e-07	1.974783e-09	1.538225e-09	1.399259e+01	8.775029e+01
9.600000e-07	2.122978e-09	3.544082e-09	1.504265e+01	2.046604e+02
9.700000e-07	2.270437e-09	5.595407e-09	1.608751e+01	3.242212e+02
9.800000e-07	2.417102e-09	7.588693e-09	1.712673e+01	4.416262e+02
9.900000e-07	2.562923e-09	9.440751e-09	1.815997e+01	5.524581e+02
1.000000e-06	2.707815e-09	1.110606e-08	1.918664e+01	6.533740e+02
1.010000e-06	2.851694e-09	1.257372e-08	2.020612e+01	7.425148e+02
1.020000e-06	2.994517e-09	1.385158e-08	2.121812e+01	8.195604e+02
1.030000e-06	3.136205e-09	1.495678e-08	2.222208e+01	8.854514e+02
1.040000e-06	3.276672e-09	1.591397e-08	2.321739e+01	9.418922e+02
1.050000e-06	3.415883e-09	1.674912e-08	2.420379e+01	9.907986e+02
1.060000e-06	3.553797e-09	1.748063e-08	2.518101e+01	1.033845e+03
1.070000e-06	3.690355e-09	1.812154e-08	2.614862e+01	1.072215e+03
1.080000e-06	3.825535e-09	1.868477e-08	2.710646e+01	1.106585e+03
1.090000e-06	3.959348e-09	1.918277e-08	2.805463e+01	1.137272e+03
1.100000e-06	4.091749e-09	1.962695e-08	2.899278e+01	1.164472e+03
1.110000e-06	4.222678e-09	2.002528e-08	2.992050e+01	1.188455e+03
1.120000e-06	4.352095e-09	2.038477e-08	3.083751e+01	1.209661e+03
1.130000e-06	4.479964e-09	2.071323e-08	3.174355e+01	1.228677e+03
1.140000e-06	4.606294e-09	2.101721e-08	3.263870e+01	1.246114e+03
1.150000e-06	4.731029e-09	2.129802e-08	3.352253e+01	1.262468e+03
1.160000e-06	4.854079e-09	2.155606e-08	3.439443e+01	1.278020e+03
1.170000e-06	4.975382e-09	2.179497e-08	3.525395e+01	1.292824e+03
1.180000e-06	5.094857e-09	2.201821e-08	3.610051e+01	1.306774e+03
1.190000e-06	5.212415e-09	2.222774e-08	3.693349e+01	1.319724e+03
1.200000e-06	5.327950e-09	2.242566e-08	3.775214e+01	1.331604e+03
1.210000e-06	5.441412e-09	2.261308e-08	3.855610e+01	1.342487e+03
1.220000e-06	5.552864e-09	2.279170e-08	3.934582e+01	1.352575e+03
1.230000e-06	5.662383e-09	2.296116e-08	4.012183e+01	1.362133e+03
1.240000e-06	5.769926e-09	2.312015e-08	4.088385e+01	1.371390e+03
1.250000e-06	5.875376e-09	2.326952e-08	4.163105e+01	1.380459e+03
1.260000e-06	5.978689e-09	2.340998e-08	4.236309e+01	1.389315e+03
1.270000e-06	6.079848e-09	2.354335e-08	4.307988e+01	1.397827e+03
1.280000e-06	6.178764e-09	2.367023e-08	4.378077e+01	1.405834e+03
1.290000e-06	6.275383e-09	2.379104e-08	4.446538e+01	1.413228e+03
1.300000e-06	6.369796e-09	2.390651e-08	4.513436e+01	1.420011e+03
1.310000e-06	6.462032e-09	2.401660e-08	4.578792e+01	1.426292e+03
1.320000e-06	6.551970e-09	2.412114e-08	4.642520e+01	1.432249e+03
1.330000e-06	6.639585e-09	2.422048e-08	4.704601e+01	1.438047e+03
1.340000e-06	6.724934e-09	2.431525e-08	4.765077e+01	1.443781e+03
1.350000e-06	6.807950e-09	2.440583e-08	4.823900e+01	1.449442e+03
1.360000e-06	6.888493e-09	2.449254e-08	4.880971e+01	1.454932e+03
1.370000e-06	6.966509e-09	2.457555e-08	4.936250e+01	1.460119e+03
1.380000e-06	7.041912e-09	2.465444e-08	4.989679e+01	1.464902e+03
1.390000e-06	7.114678e-09	2.472917e-08	5.041239e+01	1.469259e+03
1.400000e-06	7.184927e-09	2.480042e-08	5.091015e+01	1.473258e+03
1.410000e-06	7.252626e-09	2.486844e-08	5.138985e+01	1.477024e+03
1.420000e-06	7.317687e-09	2.493301e-08	5.185085e+01	1.480685e+03
1.430000e-06	7.380221e-09	2.499428e-08	5.229396e+01	1.484319e+03
1.440000e-06	7.440253e-09	2.505241e-08	5.271933e+01	1.487917e+03
1.450000e-06	7.497634e-09	2.510688e-08	5.312592e+01	1.491397e+03
1.460000e-06	7.552248e-09	2.515705e-08	5.351289e+01	1.494642e+03
1.470000e-06	7.603835e-09	2.520305e-08	5.387843e+01	1.497556e+03
1.480000e-06	7.652335e-09	2.524671e-08	5.422208e+01	1.500105e+03
1.490000e-06	7.698053e-09	2.528837e-08	5.454603e+01	1.502336e+03
1.500000e-06	7.741030e-09	2.532718e-08	5.485056e+01	1.504351e+03
1.510000e-06	7.781188e-09	2.536224e-08	5.513511e+01	1.506265e+03
1.520000e-06	7.818685e-09	2.539261e-08	5.540080e+01	1.508149e+03
1.530000e-06	7.853483e-09	2.542013e-08	5.564737e+01	1.510008e+03
1.540000e-06	7.885476e-09	2.544522e-08	5.587406e+01	1.511774e+03
1.550000e-06	7.914771e-09	2.546673e-08	5.608164e+01	1.513348e+03
1.560000e-06	7.941266e-09	2.548585e-08	5.626938e+01	1.514638e+03
1.570000e-06	7.964869e-09	2.550296e-08	5.643663e+01	1.515609e+03
1.580000e-06	7.985761e-09	2.551708e-08	5.658467e+01	1.516297e+03
1.590000e-06	8.003888e-09	2.552781e-08	5.671311e+01	1.516792e+03
1.600000e-06	8.019077e-09	2.553599e-08	5.682073e+01	1.517197e+03
1.610000e-06	8.031182e-09	2.554293e-08	5.690651e+01	1.517584e+03
1.620000e-06	8.040182e-09	2.554786e-08	5.697029e+01	1.517960e+03
1.630000e-06	8.046340e-09	2.554901e-08	5.701392e+01	1.518266e+03
1.640000e-06	8.049702e-09	2.554721e-08	5.703775e+01	1.518407e+03
1.650000e-06	8.050224e-09	2.554347e-08	5.704144e+01	1.518296e+03
1.660000e-06	8.048102e-09	2.553985e-08	5.702641e+01	1.517896e+03
1.670000e-06	8.043327e-09	2.553186e-08	5.699258e+01	1.517241e+03
1.680000e-06	8.035832e-09	2.551889e-08	5.693948e+01	1.516417e+03
1.690000e-06	8.025658e-09	2.550462e-08	5.686739e+01	1.515528e+03
1.700000e-06	8.012657e-09	2.548957e-08	5.677527e+01	1.514644e+03
1.710000e-06	7.996948e-09	2.547218e-08	5.666397e+01	1.513767e+03
1.720000e-06	7.978896e-09	2.545496e-08	5.653606e+01	1.512826e+03
1.730000e-06	7.958445e-09	2.545482e-08	5.639114e+01	1.511707e+03
1.740000e-06	7.935043e-09	2.545713e-08	5.622533e+01	1.510299e+03
1.750000e-06	7.908130e-09	2.541347e-08	5.603464e+01	1.508549e+03
1.760000e-06	7.877686e-09	2.535185e-08	5.581892e+01	1.506481e+03
1.770000e-06	7.844327e-09	2.530904e-08	5.558255e+01	1.504194e+03
1.780000e-06	7.808448e-09	2.526439e-08	5.532832e+01	1.501820e+03
1.790000e-06	7.770156e-09	2.521078e-08	5.505700e+01	1.499465e+03
1.800000e-06	7.729807e-09	2.520315e-08	5.477110e+01	1.497166e+03
1.810000e-06	7.687238e-09	2.517078e-08	5.446947e+01	1.494871e+03
1.820000e-06	7.641986e-09	2.510719e-08	5.414883e+01	1.492459e+03
1.830000e-06	7.594017e-09	2.508797e-08	5.380894e+01	1.489788e+03
1.840000e-06	7.543046e-09	2.501859e-08	5.344778e+01	1.486757e+03
1.850000e-06	7.489047e-09	2.496176e-08	5.306516e+01	1.483345e+03
1.860000e-06	7.432331e-09	2.489279e-08	5.266329e+01	1.479619e+03
1.870000e-06	7.372952e-09	2.482483e-08	5.224255e+01	1.475702e+03
1.880000e-06	7.310974e-09	2.479026e-08	5.180340e+01	1.471723e+03
1.890000e-06	7.246301e-09	2.470314e-08	5.134515e+01	1.467752e+03
1.900000e-06	7.178928e-09	2.464902e-08	5.086776e+01	1.463778e+03
1.910000e-06	7.108783e-09	2.457618e-08	5.037074e+01	1.459703e+03
1.920000e-06	7.035894e-09	2.448711e-08	4.985427e+01	1.455389e+03
1.930000e-06	6.960358e-09	2.440683e-08	4.931905e+01	1.450714e+03
1.940000e-06	6.882096e-09	2.430844e-08	4.876452e+01	1.445623e+03
1.950000e-06	6.801339e-09	2.423612e-08	4.819230e+01	1.440151e+03
1.960000e-06	6.718172e-09	2.414298e-08	4.760300e+01	1.434403e+03
1.970000e-06	6.632535e-09	2.405718e-08	4.699621e+01	1.428509e+03
1.980000e-06	6.544498e-09	2.395870e-08	4.637240e+01	1.422561e+03
1.990000e-06	6.454190e-09	2.384720e-08	4.573251e+01	1.416575e+03
2.000000e-06	6.361655e-09	2.374547e-08	4.507684e+01	1.410476e+03
2.010000e-06	6.266788e-09	2.362216e-08	4.440464e+01	1.404134e+03
2.020000e-06	6.169703e-09	2.350868e-08	4.371673e+01	1.397416e+03
2.030000e-06	6.070417e-09	2.338887e-08	4.301322e+01	1.390241e+03
2.040000e-06	5.968903e-09	2.327410e-08	4.229393e+01	1.382616e+03
2.050000e-06	5.865207e-09	2.314523e-08	4.155917e+01	1.374626e+03
2.060000e-06	5.759448e-09	2.300426e-08	4.080979e+01	1.366394e+03
2.070000e-06	5.651693e-09	2.286453e-08	4.004627e+01	1.358026e+03
2.080000e-06	5.541859e-09	2.271738e-08	3.926803e+01	1.349554e+03
2.090000e-06	5.429959e-09	2.256785e-08	3.847514e+01	1.340925e+03
2.100000e-06	5.315968e-09	2.240913e-08	3.766744e+01	1.332017e+03
2.110000e-06	5.199909e-09	2.225151e-08	3.684508e+01	1.322695e+03
2.120000e-06	5.081819e-09	2.208828e-08	3.600834e+01	1.312865e+03
2.130000e-06	4.961818e-09	2.191776e-08	3.515804e+01	1.302520e+03
2.140000e-06	4.840046e-09	2.173791e-08	3.429520e+01	1.291739e+03
2.150000e-06	4.716538e-09	2.155777e-08	3.342006e+01	1.280652e+03
2.160000e-06	4.591308e-09	2.137445e-08	3.253272e+01	1.269378e+03
2.170000e-06	4.464415e-09	2.118338e-08	3.163360e+01	1.257972e+03
2.180000e-06	4.335955e-09	2.098117e-08	3.072338e+01	1.246390e+03
2.190000e-06	4.205988e-09	2.077463e-08	2.980247e+01	1.234508e+03
2.200000e-06	4.074540e-09	2.056193e-08	2.887107e+01	1.222171e+03
2.210000e-06	3.941620e-09	2.034098e-08	2.792924e+01	1.209261e+03
2.220000e-06	3.807273e-09	2.011706e-08	2.697730e+01	1.195742e+03
2.230000e-06	3.671515e-09	1.988859e-08	2.601536e+01	1.181681e+03
2.240000e-06	3.534395e-09	1.965560e-08	2.504377e+01	1.167211e+03
2.250000e-06	3.395961e-09	1.940847e-08	2.406287e+01	1.152467e+03
2.260000e-06	3.256242e-09	1.915293e-08	2.307286e+01	1.137525e+03
2.270000e-06	3.115285e-09	1.889000e-08	2.207409e+01	1.122353e+03
2.280000e-06	2.973153e-09	1.862000e-08	2.106699e+01	1.106829e+03
2.290000e-06	2.829911e-09	1.834330e-08	2.005202e+01	1.090780e+03
2.300000e-06	2.685643e-09	1.806107e-08	1.902978e+01	1.074069e+03
2.310000e-06	2.540454e-09	1.777439e-08	1.800101e+01	1.056645e+03
2.320000e-06	2.394391e-09	1.747926e-08	1.696606e+01	1.038576e+03
2.330000e-06	2.247458e-09	1.717294e-08	1.592493e+01	1.020011e+03
2.340000e-06	2.099695e-09	1.685577e-08	1.487793e+01	1.001111e+03
2.350000e-06	1.951187e-09	1.653090e-08	1.382565e+01	9.819650e+02
2.360000e-06	1.802022e-09	1.619773e-08	1.276871e+01	9.625358e+02
2.370000e-06	1.652258e-09	1.585402e-08	1.170753e+01	9.426609e+02
2.380000e-06	1.501933e-09	1.550020e-08	1.064237e+01	9.221122e+02
2.390000e-06	1.351082e-09	1.513690e-08	9.573488e+00	9.006896e+02
2.400000e-06	1.199741e-09	1.476476e-08	8.501133e+00	8.783069e+02
2.410000e-06	1.047969e-09	1.438168e-08	7.425725e+00	8.550279e+02
2.420000e-06	8.958284e-10	1.398645e-08	6.347701e+00	8.310292e+02
2.430000e-06	7.433687e-10	1.357977e-08	5.267417e+00	8.065006e+02
2.440000e-06	5.906479e-10	1.315780e-08	4.185284e+00	7.815218e+02
2.450000e-06	4.377265e-10	1.271829e-08	3.101729e+00	7.559703e+02
2.460000e-06	2.846494e-10	1.225870e-08	2.017070e+00	7.295081e+02
2.470000e-06	1.314775e-10	1.177997e-08	9.317391e-01	7.016579e+02
2.480000e-06	-2.173027e-11	1.128018e-08	-1.538454e-01	6.719436e+02
2.490000e-06	-1.749130e-10	1.075408e-08	-1.239253e+00	6.400299e+02
2.500000e-06	-3.280083e-10	1.019582e-08	-2.324041e+00	6.057866e+02
2.510000e-06	-4.809657e-10	9.598159e-09	-3.407851e+00	5.692263e+02
2.520000e-06	-6.337319e-10	8.952668e-09	-4.490307e+00	5.303086e+02
2.530000e-06	-7.862647e-10	8.248704e-09	-5.571109e+00	4.886705e+02
2.540000e-06	-9.385138e-10	7.473441e-09	-6.649901e+00	4.433839e+02
2.550000e-06	-1.090396e-09	6.609118e-09	-7.726093e+00	3.928579e+02
2.560000e-06	-1.241841e-09	5.633453e-09	-8.799185e+00	3.349723e+02
2.570000e-06	-1.392796e-09	4.516653e-09	-9.868810e+00	2.674588e+02
2.580000e-06	-1.543231e-09	3.224627e-09	-1.093475e+01	1.884607e+02
2.590000e-06	-1.693130e-09	1.729504e-09	-1.199688e+01	9.713012e+01
2.600000e-06	-1.842451e-09	2.255823e-11	-1.305493e+01	-5.911825e+00
2.610000e-06	-1.991138e-09	-1.870233e-09	-1.410848e+01	-1.184046e+02
2.620000e-06	-2.139113e-09	-3.882491e-09	-1.515699e+01	-2.366439e+02
2.630000e-06	-2.286297e-09	-5.919265e-09	-1.619989e+01	-3.560191e+02
2.640000e-06	-2.432642e-09	-7.882609e-09	-1.723685e+01	-4.717657e+02
2.650000e-06	-2.578114e-09	-9.695789e-09	-1.826762e+01	-5.797457e+02
2.660000e-06	-2.722651e-09	-1.131772e-08	-1.929176e+01	-6.770590e+02
2.670000e-06	-2.866173e-09	-1.274204e-08	-2.030872e+01	-7.623443e+02
2.680000e-06	-3.008614e-09	-1.398093e-08	-2.131801e+01	-8.357220e+02
2.690000e-06	-3.149911e-09	-1.505510e-08	-2.231920e+01	-8.984316e+02
2.700000e-06	-3.289987e-09	-1.598676e-08	-2.331174e+01	-9.522995e+02
2.710000e-06	-3.428792e-09	-1.679754e-08	-2.429527e+01	-9.992034e+02
2.720000e-06	-3.566309e-09	-1.750673e-08	-2.526967e+01	-1.040678e+03
2.730000e-06	-3.702481e-09	-1.813000e-08	-2.623454e+01	-1.077737e+03
2.740000e-06	-3.837268e-09	-1.868078e-08	-2.718961e+01	-1.110923e+03
2.750000e-06	-3.970679e-09	-1.916832e-08	-2.813492e+01	-1.140489e+03
2.760000e-06	-4.102677e-09	-1.960223e-08	-2.907022e+01	-1.166639e+03
2.770000e-06	-4.233207e-09	-1.999266e-08	-2.999512e+01	-1.189692e+03
2.780000e-06	-4.362262e-09	-2.034676e-08	-3.090956e+01	-1.210143e+03
2.790000e-06	-4.489794e-09	-2.067020e-08	-3.181322e+01	-1.228601e+03
2.800000e-06	-4.615734e-09	-2.096730e-08	-3.270559e+01	-1.245655e+03
2.810000e-06	-4.740029e-09	-2.124284e-08	-3.358631e+01	-1.261740e+03
2.820000e-06	-4.862620e-09	-2.149982e-08	-3.445495e+01	-1.277062e+03
2.830000e-06	-4.983461e-09	-2.173918e-08	-3.531120e+01	-1.291613e+03
2.840000e-06	-5.102445e-09	-2.196116e-08	-3.615429e+01	-1.305262e+03
2.850000e-06	-5.219427e-09	-2.216817e-08	-3.698318e+01	-1.317877e+03
2.860000e-06	-5.334300e-09	-2.236341e-08	-3.779714e+01	-1.329429e+03
2.870000e-06	-5.447007e-09	-2.254741e-08	-3.859575e+01	-1.340037e+03
2.880000e-06	-5.557577e-09	-2.272063e-08	-3.937922e+01	-1.349931e+03
2.890000e-06	-5.666125e-09	-2.288599e-08	-4.014835e+01	-1.359376e+03
2.900000e-06	-5.772756e-09	-2.304538e-08	-4.090391e+01	-1.368570e+03
2.910000e-06	-5.877422e-09	-2.319744e-08	-4.164555e+01	-1.377582e+03
2.920000e-06	-5.979936e-09	-2.334129e-08	-4.237193e+01	-1.386348e+03
2.930000e-06	-6.080219e-09	-2.347789e-08	-4.308251e+01	-1.394718e+03
2.940000e-06	-6.178354e-09	-2.360911e-08	-4.377787e+01	-1.402539e+03
2.950000e-06	-6.274382e-09	-2.373339e-08	-4.445829e+01	-1.409736e+03
2.960000e-06	-6.368188e-09	-2.384992e-08	-4.512298e+01	-1.416346e+03
2.970000e-06	-6.459713e-09	-2.395952e-08	-4.577149e+01	-1.422507e+03
2.980000e-06	-6.549008e-09	-2.406444e-08	-4.640421e+01	-1.428400e+03
2.990000e-06	-6.636002e-09	-2.416555e-08	-4.702063e+01	-1.434175e+03
3.000000e-06	-6.720565e-09	-2.426184e-08	-4.761982e+01	-1.439894e+03
3.010000e-06	-6.802741e-09	-2.435239e-08	-4.820210e+01	-1.445515e+03
3.020000e-06	-6.882524e-09	-2.443811e-08	-4.876742e+01	-1.450924e+03
3.030000e-06	-6.959684e-09	-2.452036e-08	-4.931415e+01	-1.455992e+03
3.040000e-06	-7.034147e-09	-2.459864e-08	-4.984177e+01	-1.460640e+03
3.050000e-06	-7.106037e-09	-2.467301e-08	-5.035117e+01	-1.464875e+03
3.060000e-06	-7.175347e-09	-2.474436e-08	-5.084228e+01	-1.468787e+03
3.070000e-06	-7.242096e-09	-2.481264e-08	-5.131524e+01	-1.472510e+03
3.080000e-06	-7.306353e-09	-2.487688e-08	-5.177055e+01	-1.476160e+03
3.090000e-06	-7.368009e-09	-2.493613e-08	-5.220743e+01	-1.479789e+03
3.100000e-06	-7.426995e-09	-2.499170e-08	-5.262539e+01	-1.483362e+03
3.110000e-06	-7.483319e-09	-2.504500e-08	-5.302448e+01	-1.486782e+03
3.120000e-06	-7.536845e-09	-2.509527e-08	-5.340376e+01	-1.489932e+03
3.130000e-06	-7.587389e-09	-2.514333e-08	-5.376190e+01	-1.492731e+03
3.140000e-06	-7.634876e-09	-2.518864e-08	-5.409838e+01	-1.495173e+03
3.150000e-06	-7.679590e-09	-2.523028e-08	-5.441521e+01	-1.497325e+03
3.160000e-06	-7.721841e-09	-2.526830e-08	-5.471459e+01	-1.499299e+03
3.170000e-06	-7.761517e-09	-2.530275e-08	-5.499572e+01	-1.501200e+03
3.180000e-06	-7.798427e-09	-2.533288e-08	-5.525726e+01	-1.503081e+03
3.190000e-06	-7.832603e-09	-2.536019e-08	-5.549942e+01	-1.504922e+03
3.200000e-06	-7.863997e-09	-2.538583e-08	-5.572187e+01	-1.506640e+03
3.210000e-06	-7.892493e-09	-2.540954e-08	-5.592379e+01	-1.508133e+03
3.220000e-06	-7.918201e-09	-2.543109e-08	-5.610595e+01	-1.509324e+03
3.230000e-06	-7.941120e-09	-2.544999e-08	-5.626836e+01	-1.510201e+03
3.240000e-06	-7.961183e-09	-2.546622e-08	-5.641052e+01	-1.510818e+03
3.250000e-06	-7.978472e-09	-2.547868e-08	-5.653302e+01	-1.511276e+03
3.260000e-06	-7.992812e-09	-2.548699e-08	-5.663464e+01	-1.511673e+03
3.270000e-06	-8.004043e-09	-2.549108e-08	-5.671422e+01	-1.512060e+03
3.280000e-06	-8.012352e-09	-2.549254e-08	-5.677310e+01	-1.512424e+03
3.290000e-06	-8.017797e-09	-2.549341e-08	-5.681168e+01	-1.512690e+03
3.300000e-06	-8.020427e-09	-2.549371e-08	-5.683031e+01	-1.512760e+03
3.310000e-06	-8.020329e-09	-2.549112e-08	-5.682963e+01	-1.512560e+03
