# Configuracion:
# Concentracion g/m^3_=_22500.0
# C_Vs_to_Am_M_A/Vsm_=_59384043850.047264
# pendiente_HvsI_1/m_=_3716.3
# ordenada_HvsI_A/m_=_1297.0
# frecuencia_ref_Hz_=_301437.5829443189
# 
Resultados:
# tau_ns_=_(9.87+/-0.64)e+01
# dphi_rad_=_6.47+/-0.01
# SAR_W/g_=_735.02+/-44.57
# Hc_kA/m_=_13.21+/-0.59
# Mr_A/m_=_626.48+/-11.71
# Magnetizacion_max_=_1397.33+/-19.40
# Suceptibilidad_a_M=0_=_(8.528+/-0.388)e-02

Nombre_archivo	Time_m_(s)	Temperatura_(ºC)	Mr_(A/m)	Hc_(kA/m)	Campo_max_(A/m)	Mag_max_(A/m)	f0	mag0	dphi0	SAR_(W/g)	Tau_(ns)	N	xi_M_0
300kHz_125dA_100Mss_bobN1M18-0007.txt	8.11	23.90	594.12	14.20	47750.75	1355.40	3.013994e+05	1.124192e+02	6.486749e+00	774.87	108.993577	4645	7.353e-02
300kHz_125dA_100Mss_bobN1M18-0008.txt	8.56	25.52	609.98	14.21	47750.75	1366.80	3.013994e+05	1.137204e+02	6.487169e+00	785.43	109.225735	4645	7.675e-02
300kHz_125dA_100Mss_bobN1M18-0009.txt	9.01	27.14	615.62	14.19	47750.75	1370.94	3.013994e+05	1.141826e+02	6.486973e+00	787.88	109.118009	4645	7.724e-02
300kHz_125dA_100Mss_bobN1M18-0010.txt	9.46	28.71	620.67	14.16	47750.75	1377.45	3.013994e+05	1.148190e+02	6.486636e+00	790.98	108.932287	4645	7.926e-02
300kHz_125dA_100Mss_bobN1M18-0011.txt	9.95	30.42	625.41	14.19	47750.75	1382.77	3.013994e+05	1.153040e+02	6.487283e+00	796.81	109.289442	4645	7.936e-02
300kHz_125dA_100Mss_bobN1M18-0012.txt	10.4	32.00	629.66	14.10	47750.75	1387.65	3.013994e+05	1.159174e+02	6.485759e+00	795.15	108.450008	4645	8.114e-02
300kHz_125dA_100Mss_bobN1M18-0013.txt	10.86	33.61	632.75	14.02	47750.75	1397.55	3.013994e+05	1.167578e+02	6.483714e+00	792.94	107.325287	4645	8.277e-02
300kHz_125dA_100Mss_bobN1M18-0014.txt	11.32	35.22	636.87	14.05	47750.75	1401.97	3.013994e+05	1.171943e+02	6.484357e+00	798.42	107.679800	4645	7.872e-02
300kHz_125dA_100Mss_bobN1M18-0015.txt	11.79	36.86	640.01	13.95	47750.75	1411.38	3.013994e+05	1.180288e+02	6.482354e+00	796.21	106.578084	4645	8.218e-02
300kHz_125dA_100Mss_bobN1M18-0016.txt	12.24	38.42	642.36	13.91	47750.75	1414.36	3.013994e+05	1.183588e+02	6.481669e+00	795.72	106.201840	4645	8.055e-02
300kHz_125dA_100Mss_bobN1M18-0017.txt	12.71	40.01	643.22	13.96	47750.75	1410.95	3.013994e+05	1.180972e+02	6.483150e+00	799.81	107.016328	4645	8.080e-02
300kHz_125dA_100Mss_bobN1M18-0018.txt	13.16	41.45	642.00	13.79	47750.75	1411.63	3.013994e+05	1.182267e+02	6.479827e+00	787.55	105.189966	4645	8.202e-02
300kHz_125dA_100Mss_bobN1M18-0019.txt	14.09	43.96	638.91	13.72	47750.75	1404.98	3.013994e+05	1.177822e+02	6.478434e+00	779.11	104.427563	4645	8.363e-02
300kHz_125dA_100Mss_bobN1M18-0020.txt	14.54	44.77	636.94	13.68	47750.75	1400.47	3.013994e+05	1.174379e+02	6.477716e+00	774.01	104.033015	4645	8.255e-02
300kHz_125dA_100Mss_bobN1M18-0021.txt	15.0	45.60	635.37	13.64	47750.75	1398.50	3.013994e+05	1.172725e+02	6.476814e+00	769.38	103.538580	4645	8.406e-02
300kHz_125dA_100Mss_bobN1M18-0022.txt	15.46	46.38	633.79	13.59	47750.75	1395.06	3.013994e+05	1.170521e+02	6.476017e+00	764.81	103.102155	4645	8.460e-02
300kHz_125dA_100Mss_bobN1M18-0023.txt	15.91	47.15	633.52	13.55	47750.75	1394.95	3.013994e+05	1.170765e+02	6.475160e+00	761.61	102.632490	4645	8.506e-02
300kHz_125dA_100Mss_bobN1M18-0024.txt	16.36	47.80	633.65	13.48	47750.75	1397.41	3.013994e+05	1.173119e+02	6.473744e+00	757.58	101.856311	4645	8.525e-02
300kHz_125dA_100Mss_bobN1M18-0025.txt	16.81	48.43	632.95	13.52	47750.75	1396.18	3.013994e+05	1.171743e+02	6.474309e+00	758.91	102.166352	4645	8.480e-02
300kHz_125dA_100Mss_bobN1M18-0026.txt	17.26	49.04	633.63	13.50	47750.75	1396.39	3.013994e+05	1.172252e+02	6.474116e+00	758.48	102.060361	4645	8.653e-02
300kHz_125dA_100Mss_bobN1M18-0027.txt	17.7	49.61	633.13	13.49	47750.75	1396.39	3.013994e+05	1.172058e+02	6.473793e+00	757.09	101.883704	4645	8.591e-02
300kHz_125dA_100Mss_bobN1M18-0028.txt	18.16	50.16	632.78	13.43	47750.75	1394.30	3.013994e+05	1.171321e+02	6.472795e+00	752.70	101.337505	4645	8.618e-02
300kHz_125dA_100Mss_bobN1M18-0029.txt	18.6	50.60	632.08	13.38	47750.75	1395.67	3.013994e+05	1.172823e+02	6.471523e+00	748.67	100.640504	4645	8.647e-02
300kHz_125dA_100Mss_bobN1M18-0030.txt	19.1	50.95	632.99	13.23	47750.75	1400.05	3.013994e+05	1.177001e+02	6.469032e+00	741.52	99.277310	4645	8.742e-02
300kHz_125dA_100Mss_bobN1M18-0031.txt	19.55	50.72	632.26	13.26	47750.75	1399.01	3.013994e+05	1.175944e+02	6.469420e+00	742.38	99.490363	4645	8.747e-02
300kHz_125dA_100Mss_bobN1M18-0032.txt	20.01	50.50	631.69	13.22	47750.75	1401.00	3.013994e+05	1.177445e+02	6.468418e+00	739.37	98.942820	4645	8.820e-02
300kHz_125dA_100Mss_bobN1M18-0033.txt	20.47	50.59	631.81	13.27	47750.75	1398.64	3.013994e+05	1.175339e+02	6.469625e+00	742.80	99.602674	4645	8.753e-02
300kHz_125dA_100Mss_bobN1M18-0034.txt	20.91	50.68	632.47	13.23	47750.75	1400.43	3.013994e+05	1.177299e+02	6.468595e+00	739.98	99.039290	4645	8.829e-02
300kHz_125dA_100Mss_bobN1M18-0035.txt	21.37	50.66	631.31	13.19	47750.75	1400.44	3.013994e+05	1.177520e+02	6.467915e+00	737.43	98.667690	4645	8.856e-02
300kHz_125dA_100Mss_bobN1M18-0036.txt	21.82	50.62	630.77	13.16	47750.75	1401.78	3.013994e+05	1.178475e+02	6.467182e+00	735.14	98.267339	4645	8.614e-02
300kHz_125dA_100Mss_bobN1M18-0037.txt	22.28	50.46	631.17	13.09	47750.75	1404.59	3.013994e+05	1.181244e+02	6.465878e+00	731.70	97.554707	4645	8.411e-02
300kHz_125dA_100Mss_bobN1M18-0038.txt	23.23	50.03	630.52	13.12	47750.75	1405.87	3.013994e+05	1.181903e+02	6.466098e+00	732.98	97.675740	4645	8.340e-02
300kHz_125dA_100Mss_bobN1M18-0039.txt	23.68	49.90	630.61	13.03	47750.75	1409.61	3.013994e+05	1.185162e+02	6.464304e+00	727.87	96.695107	4645	8.713e-02
300kHz_125dA_100Mss_bobN1M18-0040.txt	24.14	49.80	630.64	13.05	47750.75	1407.51	3.013994e+05	1.183380e+02	6.464855e+00	728.97	96.996512	4645	8.393e-02
300kHz_125dA_100Mss_bobN1M18-0041.txt	24.6	49.80	630.18	12.99	47750.75	1410.40	3.013994e+05	1.185940e+02	6.463392e+00	724.72	96.197873	4645	8.550e-02
300kHz_125dA_100Mss_bobN1M18-0042.txt	25.06	49.80	630.35	12.94	47750.75	1414.31	3.013994e+05	1.189027e+02	6.462483e+00	722.98	95.701823	4645	8.550e-02
300kHz_125dA_100Mss_bobN1M18-0043.txt	25.52	49.80	630.16	12.96	47750.75	1412.14	3.013994e+05	1.187310e+02	6.463065e+00	724.26	96.019993	4645	8.470e-02
300kHz_125dA_100Mss_bobN1M18-0044.txt	25.98	49.80	629.77	12.91	47750.75	1414.31	3.013994e+05	1.189045e+02	6.461933e+00	720.80	95.402229	4645	8.530e-02
300kHz_125dA_100Mss_bobN1M18-0045.txt	26.46	49.98	630.30	12.89	47750.75	1412.45	3.013994e+05	1.188172e+02	6.461904e+00	720.15	95.386000	4645	8.653e-02
300kHz_125dA_100Mss_bobN1M18-0046.txt	26.94	50.18	629.33	12.81	47750.75	1418.63	3.013994e+05	1.193147e+02	6.459919e+00	715.22	94.303643	4645	8.656e-02
300kHz_125dA_100Mss_bobN1M18-0047.txt	27.39	50.51	629.39	12.83	47750.75	1416.35	3.013994e+05	1.191073e+02	6.460545e+00	716.48	94.645055	4645	8.579e-02
300kHz_125dA_100Mss_bobN1M18-0048.txt	27.84	50.87	628.83	12.83	47750.75	1420.84	3.013994e+05	1.194182e+02	6.460149e+00	716.77	94.429761	4645	8.700e-02
300kHz_125dA_100Mss_bobN1M18-0049.txt	28.33	51.59	627.87	12.72	47750.75	1421.99	3.013994e+05	1.195631e+02	6.457927e+00	708.72	93.219215	4645	8.847e-02
300kHz_125dA_100Mss_bobN1M18-0050.txt	28.78	52.40	627.10	12.79	47750.75	1419.20	3.013994e+05	1.193105e+02	6.459122e+00	712.00	93.870232	4645	8.561e-02
300kHz_125dA_100Mss_bobN1M18-0051.txt	29.24	53.14	627.12	12.74	47750.75	1423.62	3.013994e+05	1.196444e+02	6.458221e+00	710.38	93.379666	4645	8.773e-02
300kHz_125dA_100Mss_bobN1M18-0052.txt	29.69	53.77	623.09	12.73	47750.75	1412.14	3.013994e+05	1.187355e+02	6.458068e+00	704.37	93.296116	4645	8.697e-02
300kHz_125dA_100Mss_bobN1M18-0053.txt	30.15	54.59	621.36	12.67	47750.75	1411.93	3.013994e+05	1.187301e+02	6.456634e+00	698.63	92.515839	4645	8.767e-02
300kHz_125dA_100Mss_bobN1M18-0054.txt	30.59	55.73	620.95	12.62	47750.75	1408.33	3.013994e+05	1.184847e+02	6.455788e+00	693.81	92.054329	4645	8.950e-02
300kHz_125dA_100Mss_bobN1M18-0055.txt	31.04	57.21	619.00	12.58	47750.75	1408.04	3.013994e+05	1.184925e+02	6.454930e+00	690.45	91.588455	4645	8.923e-02
300kHz_125dA_100Mss_bobN1M18-0056.txt	31.49	61.80	614.89	12.57	47750.75	1398.08	3.013994e+05	1.176381e+02	6.454833e+00	685.08	91.535551	4645	8.847e-02
300kHz_125dA_100Mss_bobN1M18-0057.txt	32.4	65.60	598.34	12.40	47750.75	1364.46	3.013994e+05	1.149148e+02	6.451415e+00	656.02	89.677751	4645	8.842e-02
300kHz_125dA_100Mss_bobN1M18-0058.txt	32.86	63.99	599.11	12.35	47750.75	1360.51	3.013994e+05	1.146745e+02	6.450882e+00	652.60	89.388038	4645	8.422e-02
300kHz_125dA_100Mss_bobN1M18-0059.txt	33.35	66.30	618.39	12.41	47750.75	1385.42	3.013994e+05	1.169613e+02	6.451971e+00	669.89	89.979076	4645	9.424e-02
300kHz_125dA_100Mss_bobN1M18-0060.txt	33.81	69.98	620.62	12.33	47750.75	1390.70	3.013994e+05	1.174903e+02	6.450466e+00	666.98	89.160979	4645	9.526e-02
300kHz_125dA_100Mss_bobN1M18-0061.txt	34.26	70.67	603.77	12.19	47750.75	1355.78	3.013994e+05	1.146067e+02	6.447835e+00	640.47	87.732329	4645	9.103e-02
300kHz_125dA_100Mss_bobN1M18-0062.txt	34.71	69.23	596.76	12.17	47750.75	1338.28	3.013994e+05	1.131561e+02	6.447630e+00	631.58	87.621275	4645	8.769e-02
300kHz_125dA_100Mss_bobN1M18-0063.txt	35.18	69.38	597.20	12.13	47750.75	1341.88	3.013994e+05	1.134413e+02	6.446648e+00	629.43	87.089063	4645	8.824e-02
