# Temperatura_=_46.74520833333333
# Concentracion g/m^3_=_22500.0
# C_Vs_to_Am_M_A/Vsm_=_59384043850.047264
# pendiente_HvsI_1/m_=_3716.3
# ordenada_HvsI_A/m_=_1297.0
# frecuencia_Hz_=_301784.7997196169
# Promedio de 48 ciclos

Tiempo_(s)	Campo_(V.s)	Magnetizacion_(V.s)	Campo_(kA/m)	Magnetizacion_(A/m)
0.000000e+00	-8.011078e-09	-2.618164e-08	-5.681698e+01	-1.554537e+03
1.000000e-08	-8.007591e-09	-2.617157e-08	-5.679226e+01	-1.554049e+03
2.000000e-08	-8.001455e-09	-2.616207e-08	-5.674875e+01	-1.553306e+03
3.000000e-08	-7.992696e-09	-2.615062e-08	-5.668663e+01	-1.552393e+03
4.000000e-08	-7.981129e-09	-2.613673e-08	-5.660461e+01	-1.551402e+03
5.000000e-08	-7.966649e-09	-2.612183e-08	-5.650192e+01	-1.550392e+03
6.000000e-08	-7.949316e-09	-2.610950e-08	-5.637899e+01	-1.549363e+03
7.000000e-08	-7.929439e-09	-2.609933e-08	-5.623803e+01	-1.548247e+03
8.000000e-08	-7.907062e-09	-2.605556e-08	-5.607933e+01	-1.546948e+03
9.000000e-08	-7.881678e-09	-2.598425e-08	-5.589931e+01	-1.545377e+03
1.000000e-07	-7.853047e-09	-2.596078e-08	-5.569626e+01	-1.543493e+03
1.100000e-07	-7.821482e-09	-2.596574e-08	-5.547240e+01	-1.541327e+03
1.200000e-07	-7.787229e-09	-2.594091e-08	-5.522948e+01	-1.538965e+03
1.300000e-07	-7.750426e-09	-2.588897e-08	-5.496846e+01	-1.536510e+03
1.400000e-07	-7.711358e-09	-2.586318e-08	-5.469139e+01	-1.534039e+03
1.500000e-07	-7.670063e-09	-2.583929e-08	-5.439853e+01	-1.531568e+03
1.600000e-07	-7.626172e-09	-2.576258e-08	-5.408724e+01	-1.529042e+03
1.700000e-07	-7.579515e-09	-2.570854e-08	-5.375635e+01	-1.526360e+03
1.800000e-07	-7.530071e-09	-2.563330e-08	-5.340568e+01	-1.523418e+03
1.900000e-07	-7.477604e-09	-2.557350e-08	-5.303358e+01	-1.520152e+03
2.000000e-07	-7.422202e-09	-2.556583e-08	-5.264066e+01	-1.516565e+03
2.100000e-07	-7.364093e-09	-2.549377e-08	-5.222854e+01	-1.512723e+03
2.200000e-07	-7.303336e-09	-2.541591e-08	-5.179765e+01	-1.508723e+03
2.300000e-07	-7.239976e-09	-2.534905e-08	-5.134829e+01	-1.504647e+03
2.400000e-07	-7.173904e-09	-2.529541e-08	-5.087969e+01	-1.500524e+03
2.500000e-07	-7.105141e-09	-2.522029e-08	-5.039201e+01	-1.496315e+03
2.600000e-07	-7.033777e-09	-2.510325e-08	-4.988589e+01	-1.491927e+03
2.700000e-07	-6.959720e-09	-2.503210e-08	-4.936066e+01	-1.487250e+03
2.800000e-07	-6.882913e-09	-2.498032e-08	-4.881593e+01	-1.482210e+03
2.900000e-07	-6.803398e-09	-2.489902e-08	-4.825199e+01	-1.476793e+03
3.000000e-07	-6.721328e-09	-2.477464e-08	-4.766993e+01	-1.471053e+03
3.100000e-07	-6.636945e-09	-2.467294e-08	-4.707147e+01	-1.465086e+03
3.200000e-07	-6.550344e-09	-2.459845e-08	-4.645728e+01	-1.458982e+03
3.300000e-07	-6.461461e-09	-2.448873e-08	-4.582690e+01	-1.452788e+03
3.400000e-07	-6.370263e-09	-2.436652e-08	-4.518010e+01	-1.446478e+03
3.500000e-07	-6.276778e-09	-2.424687e-08	-4.451709e+01	-1.439969e+03
3.600000e-07	-6.181001e-09	-2.414387e-08	-4.383782e+01	-1.433151e+03
3.700000e-07	-6.082921e-09	-2.403091e-08	-4.314221e+01	-1.425935e+03
3.800000e-07	-5.982628e-09	-2.389001e-08	-4.243091e+01	-1.418291e+03
3.900000e-07	-5.880224e-09	-2.374661e-08	-4.170463e+01	-1.410258e+03
4.000000e-07	-5.775696e-09	-2.362062e-08	-4.096330e+01	-1.401924e+03
4.100000e-07	-5.669024e-09	-2.349763e-08	-4.020675e+01	-1.393381e+03
4.200000e-07	-5.560310e-09	-2.334121e-08	-3.943573e+01	-1.384685e+03
4.300000e-07	-5.449665e-09	-2.317625e-08	-3.865100e+01	-1.375820e+03
4.400000e-07	-5.337015e-09	-2.302539e-08	-3.785206e+01	-1.366708e+03
4.500000e-07	-5.222230e-09	-2.287583e-08	-3.703798e+01	-1.357240e+03
4.600000e-07	-5.105357e-09	-2.270297e-08	-3.620909e+01	-1.347322e+03
4.700000e-07	-4.986574e-09	-2.251887e-08	-3.536665e+01	-1.336918e+03
4.800000e-07	-4.865993e-09	-2.234669e-08	-3.451146e+01	-1.326065e+03
4.900000e-07	-4.743619e-09	-2.217437e-08	-3.364355e+01	-1.314854e+03
5.000000e-07	-4.619485e-09	-2.198127e-08	-3.276316e+01	-1.303388e+03
5.100000e-07	-4.493698e-09	-2.177044e-08	-3.187104e+01	-1.291729e+03
5.200000e-07	-4.366349e-09	-2.156685e-08	-3.096785e+01	-1.279866e+03
5.300000e-07	-4.237431e-09	-2.136791e-08	-3.005353e+01	-1.267713e+03
5.400000e-07	-4.106955e-09	-2.115455e-08	-2.912816e+01	-1.255144e+03
5.500000e-07	-3.974983e-09	-2.092410e-08	-2.819218e+01	-1.242046e+03
5.600000e-07	-3.841557e-09	-2.069580e-08	-2.724589e+01	-1.228368e+03
5.700000e-07	-3.706732e-09	-2.047107e-08	-2.628968e+01	-1.214146e+03
5.800000e-07	-3.570573e-09	-2.023126e-08	-2.532399e+01	-1.199485e+03
5.900000e-07	-3.433089e-09	-1.997316e-08	-2.434892e+01	-1.184509e+03
6.000000e-07	-3.294288e-09	-1.971343e-08	-2.336451e+01	-1.169299e+03
6.100000e-07	-3.154186e-09	-1.945844e-08	-2.237087e+01	-1.153850e+03
6.200000e-07	-3.012778e-09	-1.919125e-08	-2.136797e+01	-1.138066e+03
6.300000e-07	-2.870110e-09	-1.890607e-08	-2.035613e+01	-1.121790e+03
6.400000e-07	-2.726312e-09	-1.861635e-08	-1.933627e+01	-1.104876e+03
6.500000e-07	-2.581512e-09	-1.832870e-08	-1.830931e+01	-1.087251e+03
6.600000e-07	-2.435794e-09	-1.803043e-08	-1.727583e+01	-1.068949e+03
6.700000e-07	-2.289196e-09	-1.771360e-08	-1.623612e+01	-1.050098e+03
6.800000e-07	-2.141769e-09	-1.738877e-08	-1.519053e+01	-1.030861e+03
6.900000e-07	-1.993613e-09	-1.706494e-08	-1.413976e+01	-1.011350e+03
7.000000e-07	-1.844811e-09	-1.673317e-08	-1.308441e+01	-9.915694e+02
7.100000e-07	-1.695402e-09	-1.638326e-08	-1.202476e+01	-9.713890e+02
7.200000e-07	-1.545423e-09	-1.602205e-08	-1.096106e+01	-9.505893e+02
7.300000e-07	-1.394921e-09	-1.565770e-08	-9.893656e+00	-9.289455e+02
7.400000e-07	-1.243938e-09	-1.528409e-08	-8.822843e+00	-9.063211e+02
7.500000e-07	-1.092501e-09	-1.489178e-08	-7.748811e+00	-8.827267e+02
7.600000e-07	-9.406560e-10	-1.448459e-08	-6.671880e+00	-8.583103e+02
7.700000e-07	-7.884560e-10	-1.407119e-08	-5.592433e+00	-8.332781e+02
7.800000e-07	-6.359555e-10	-1.364710e-08	-4.510855e+00	-8.077722e+02
7.900000e-07	-4.832190e-10	-1.320216e-08	-3.427604e+00	-7.817576e+02
8.000000e-07	-3.303256e-10	-1.273690e-08	-2.343239e+00	-7.549712e+02
8.100000e-07	-1.773228e-10	-1.225589e-08	-1.258099e+00	-7.269607e+02
8.200000e-07	-2.424541e-11	-1.175250e-08	-1.724286e-01	-6.972066e+02
8.300000e-07	1.288429e-10	-1.121556e-08	9.133192e-01	-6.652742e+02
8.400000e-07	2.818814e-10	-1.064312e-08	1.998713e+00	-6.309245e+02
8.500000e-07	4.348216e-10	-1.003608e-08	3.083410e+00	-5.941160e+02
8.600000e-07	5.876127e-10	-9.385775e-09	4.167050e+00	-5.548688e+02
8.700000e-07	7.401856e-10	-8.676808e-09	5.249142e+00	-5.130190e+02
8.800000e-07	8.924707e-10	-7.897043e-09	6.329195e+00	-4.679480e+02
8.900000e-07	1.044413e-09	-7.036407e-09	7.406815e+00	-4.184007e+02
9.000000e-07	1.195980e-09	-6.074390e-09	8.481775e+00	-3.625001e+02
9.100000e-07	1.347134e-09	-4.977252e-09	9.553803e+00	-2.980097e+02
9.200000e-07	1.497793e-09	-3.710530e-09	1.062233e+01	-2.228169e+02
9.300000e-07	1.647894e-09	-2.249183e-09	1.168689e+01	-1.355300e+02
9.400000e-07	1.797398e-09	-5.794838e-10	1.274722e+01	-3.602221e+01
9.500000e-07	1.946274e-09	1.290374e-09	1.380310e+01	7.424251e+01
9.600000e-07	2.094502e-09	3.312327e-09	1.485438e+01	1.922226e+02
9.700000e-07	2.242016e-09	5.396361e-09	1.590060e+01	3.136753e+02
9.800000e-07	2.388730e-09	7.438065e-09	1.694113e+01	4.338196e+02
9.900000e-07	2.534580e-09	9.353597e-09	1.797556e+01	5.481218e+02
1.000000e-06	2.679514e-09	1.109186e-08	1.900347e+01	6.530076e+02
1.010000e-06	2.823453e-09	1.263174e-08	2.002433e+01	7.463266e+02
1.020000e-06	2.966334e-09	1.397535e-08	2.103769e+01	8.274717e+02
1.030000e-06	3.108082e-09	1.514213e-08	2.204301e+01	8.971588e+02
1.040000e-06	3.248608e-09	1.615758e-08	2.303967e+01	9.569640e+02
1.050000e-06	3.387884e-09	1.704321e-08	2.402746e+01	1.008775e+03
1.060000e-06	3.525881e-09	1.781563e-08	2.500618e+01	1.054316e+03
1.070000e-06	3.662543e-09	1.849314e-08	2.597543e+01	1.094860e+03
1.080000e-06	3.797847e-09	1.909349e-08	2.693505e+01	1.131170e+03
1.090000e-06	3.931790e-09	1.962507e-08	2.788502e+01	1.163624e+03
1.100000e-06	4.064320e-09	2.009446e-08	2.882497e+01	1.192436e+03
1.110000e-06	4.195386e-09	2.051427e-08	2.975453e+01	1.217870e+03
1.120000e-06	4.324946e-09	2.089699e-08	3.067342e+01	1.240347e+03
1.130000e-06	4.452968e-09	2.124730e-08	3.158139e+01	1.260444e+03
1.140000e-06	4.579455e-09	2.156623e-08	3.247848e+01	1.278787e+03
1.150000e-06	4.704368e-09	2.185793e-08	3.336441e+01	1.295907e+03
1.160000e-06	4.827613e-09	2.212913e-08	3.423850e+01	1.312132e+03
1.170000e-06	4.949109e-09	2.238225e-08	3.510019e+01	1.327558e+03
1.180000e-06	5.068785e-09	2.261674e-08	3.594897e+01	1.342101e+03
1.190000e-06	5.186555e-09	2.283521e-08	3.678424e+01	1.355619e+03
1.200000e-06	5.302313e-09	2.304288e-08	3.760524e+01	1.368027e+03
1.210000e-06	5.416007e-09	2.324041e-08	3.841160e+01	1.379377e+03
1.220000e-06	5.527705e-09	2.342425e-08	3.920380e+01	1.389862e+03
1.230000e-06	5.637490e-09	2.359584e-08	3.998243e+01	1.399750e+03
1.240000e-06	5.745310e-09	2.375962e-08	4.074713e+01	1.409292e+03
1.250000e-06	5.851038e-09	2.391633e-08	4.149699e+01	1.418631e+03
1.260000e-06	5.954636e-09	2.406368e-08	4.223175e+01	1.427768e+03
1.270000e-06	6.056097e-09	2.420246e-08	4.295134e+01	1.436581e+03
1.280000e-06	6.155331e-09	2.433580e-08	4.365515e+01	1.444903e+03
1.290000e-06	6.252278e-09	2.446386e-08	4.434273e+01	1.452608e+03
1.300000e-06	6.347008e-09	2.458439e-08	4.501460e+01	1.459671e+03
1.310000e-06	6.439560e-09	2.469805e-08	4.567101e+01	1.466189e+03
1.320000e-06	6.529834e-09	2.480679e-08	4.631127e+01	1.472335e+03
1.330000e-06	6.617789e-09	2.491018e-08	4.693507e+01	1.478292e+03
1.340000e-06	6.703484e-09	2.500781e-08	4.754286e+01	1.484176e+03
1.350000e-06	6.786874e-09	2.510107e-08	4.813429e+01	1.489998e+03
1.360000e-06	6.867811e-09	2.519148e-08	4.870833e+01	1.495666e+03
1.370000e-06	6.946207e-09	2.527890e-08	4.926435e+01	1.501041e+03
1.380000e-06	7.021997e-09	2.536244e-08	4.980188e+01	1.506001e+03
1.390000e-06	7.095167e-09	2.544143e-08	5.032083e+01	1.510503e+03
1.400000e-06	7.165808e-09	2.551534e-08	5.082185e+01	1.514598e+03
1.410000e-06	7.233912e-09	2.558373e-08	5.130486e+01	1.518415e+03
1.420000e-06	7.299396e-09	2.564684e-08	5.176931e+01	1.522103e+03
1.430000e-06	7.362341e-09	2.570713e-08	5.221574e+01	1.525766e+03
1.440000e-06	7.422791e-09	2.576663e-08	5.264448e+01	1.529421e+03
1.450000e-06	7.480607e-09	2.582413e-08	5.305453e+01	1.532999e+03
1.460000e-06	7.535642e-09	2.587777e-08	5.344487e+01	1.536372e+03
1.470000e-06	7.587661e-09	2.592746e-08	5.381381e+01	1.539419e+03
1.480000e-06	7.636605e-09	2.597365e-08	5.416094e+01	1.542075e+03
1.490000e-06	7.682753e-09	2.601495e-08	5.448825e+01	1.544361e+03
1.500000e-06	7.726188e-09	2.605088e-08	5.479632e+01	1.546373e+03
1.510000e-06	7.766826e-09	2.608314e-08	5.508454e+01	1.548243e+03
1.520000e-06	7.804765e-09	2.611391e-08	5.535362e+01	1.550075e+03
1.530000e-06	7.840016e-09	2.614340e-08	5.560364e+01	1.551910e+03
1.540000e-06	7.872483e-09	2.616984e-08	5.583391e+01	1.553706e+03
1.550000e-06	7.902236e-09	2.619327e-08	5.604494e+01	1.555362e+03
1.560000e-06	7.929209e-09	2.621507e-08	5.623625e+01	1.556769e+03
1.570000e-06	7.953307e-09	2.623422e-08	5.640717e+01	1.557854e+03
1.580000e-06	7.974681e-09	2.624821e-08	5.655877e+01	1.558615e+03
1.590000e-06	7.993317e-09	2.625745e-08	5.669095e+01	1.559121e+03
1.600000e-06	8.009023e-09	2.626447e-08	5.680235e+01	1.559482e+03
1.610000e-06	8.021648e-09	2.626974e-08	5.689190e+01	1.559794e+03
1.620000e-06	8.031181e-09	2.627256e-08	5.695952e+01	1.560105e+03
1.630000e-06	8.037832e-09	2.627336e-08	5.700670e+01	1.560393e+03
1.640000e-06	8.041699e-09	2.627345e-08	5.703414e+01	1.560578e+03
1.650000e-06	8.042730e-09	2.627226e-08	5.704146e+01	1.560561e+03
1.660000e-06	8.041066e-09	2.626988e-08	5.702966e+01	1.560271e+03
1.670000e-06	8.036763e-09	2.626250e-08	5.699916e+01	1.559698e+03
1.680000e-06	8.029751e-09	2.625032e-08	5.694943e+01	1.558892e+03
1.690000e-06	8.020035e-09	2.623607e-08	5.688053e+01	1.557945e+03
1.700000e-06	8.007519e-09	2.621792e-08	5.679177e+01	1.556944e+03
1.710000e-06	7.992296e-09	2.619206e-08	5.668381e+01	1.555930e+03
1.720000e-06	7.974687e-09	2.615630e-08	5.655893e+01	1.554882e+03
1.730000e-06	7.954698e-09	2.615119e-08	5.641717e+01	1.553719e+03
1.740000e-06	7.931874e-09	2.617838e-08	5.625531e+01	1.552343e+03
1.750000e-06	7.905653e-09	2.614511e-08	5.606935e+01	1.550675e+03
1.760000e-06	7.875880e-09	2.607489e-08	5.585820e+01	1.548698e+03
1.770000e-06	7.843055e-09	2.603178e-08	5.562541e+01	1.546461e+03
1.780000e-06	7.807662e-09	2.598970e-08	5.537439e+01	1.544058e+03
1.790000e-06	7.769829e-09	2.591985e-08	5.510608e+01	1.541592e+03
1.800000e-06	7.729874e-09	2.590924e-08	5.482271e+01	1.539121e+03
1.810000e-06	7.687781e-09	2.587287e-08	5.452418e+01	1.536640e+03
1.820000e-06	7.643093e-09	2.579405e-08	5.420725e+01	1.534076e+03
1.830000e-06	7.595678e-09	2.581178e-08	5.387098e+01	1.531323e+03
1.840000e-06	7.545322e-09	2.573754e-08	5.351385e+01	1.528284e+03
1.850000e-06	7.491909e-09	2.566424e-08	5.313504e+01	1.524916e+03
1.860000e-06	7.435721e-09	2.560467e-08	5.273654e+01	1.521240e+03
1.870000e-06	7.376873e-09	2.552016e-08	5.231918e+01	1.517338e+03
1.880000e-06	7.315408e-09	2.549507e-08	5.188326e+01	1.513307e+03
1.890000e-06	7.251281e-09	2.539537e-08	5.142847e+01	1.509215e+03
1.900000e-06	7.184450e-09	2.534419e-08	5.095449e+01	1.505072e+03
1.910000e-06	7.114872e-09	2.528517e-08	5.046103e+01	1.500818e+03
1.920000e-06	7.042542e-09	2.518324e-08	4.994805e+01	1.496350e+03
1.930000e-06	6.967552e-09	2.509960e-08	4.941621e+01	1.491566e+03
1.940000e-06	6.889848e-09	2.499215e-08	4.886512e+01	1.486408e+03
1.950000e-06	6.809598e-09	2.492960e-08	4.829596e+01	1.480882e+03
1.960000e-06	6.726951e-09	2.482648e-08	4.770982e+01	1.475061e+03
1.970000e-06	6.641841e-09	2.473283e-08	4.710620e+01	1.469043e+03
1.980000e-06	6.554311e-09	2.463659e-08	4.648542e+01	1.462908e+03
1.990000e-06	6.464482e-09	2.451576e-08	4.584833e+01	1.456683e+03
2.000000e-06	6.372425e-09	2.441394e-08	4.519544e+01	1.450321e+03
2.010000e-06	6.278076e-09	2.428408e-08	4.452630e+01	1.443727e+03
2.020000e-06	6.181474e-09	2.417508e-08	4.384117e+01	1.436793e+03
2.030000e-06	6.082670e-09	2.405290e-08	4.314043e+01	1.429444e+03
2.040000e-06	5.981644e-09	2.393359e-08	4.242393e+01	1.421673e+03
2.050000e-06	5.878441e-09	2.379568e-08	4.169199e+01	1.413536e+03
2.060000e-06	5.773155e-09	2.364963e-08	4.094528e+01	1.405128e+03
2.070000e-06	5.665870e-09	2.351031e-08	4.018439e+01	1.396534e+03
2.080000e-06	5.556538e-09	2.335847e-08	3.940898e+01	1.387789e+03
2.090000e-06	5.445130e-09	2.320717e-08	3.861885e+01	1.378858e+03
2.100000e-06	5.331635e-09	2.304225e-08	3.781391e+01	1.369647e+03
2.110000e-06	5.216058e-09	2.288183e-08	3.699422e+01	1.360047e+03
2.120000e-06	5.098434e-09	2.270988e-08	3.615999e+01	1.349979e+03
2.130000e-06	4.978866e-09	2.253199e-08	3.531199e+01	1.339430e+03
2.140000e-06	4.857512e-09	2.234767e-08	3.445132e+01	1.328455e+03
2.150000e-06	4.734423e-09	2.216798e-08	3.357834e+01	1.317155e+03
2.160000e-06	4.609620e-09	2.198179e-08	3.269321e+01	1.305625e+03
2.170000e-06	4.483152e-09	2.178160e-08	3.179626e+01	1.293907e+03
2.180000e-06	4.355090e-09	2.157082e-08	3.088801e+01	1.281965e+03
2.190000e-06	4.225496e-09	2.135710e-08	2.996890e+01	1.269696e+03
2.200000e-06	4.094418e-09	2.114134e-08	2.903925e+01	1.256972e+03
2.210000e-06	3.961879e-09	2.091364e-08	2.809925e+01	1.243696e+03
2.220000e-06	3.827903e-09	2.068230e-08	2.714906e+01	1.229843e+03
2.230000e-06	3.692502e-09	2.044736e-08	2.618876e+01	1.215473e+03
2.240000e-06	3.555727e-09	2.020943e-08	2.521871e+01	1.200703e+03
2.250000e-06	3.417644e-09	1.995544e-08	2.423939e+01	1.185648e+03
2.260000e-06	3.278280e-09	1.969121e-08	2.325098e+01	1.170369e+03
2.270000e-06	3.137667e-09	1.942262e-08	2.225372e+01	1.154829e+03
2.280000e-06	2.995869e-09	1.915066e-08	2.124805e+01	1.138908e+03
2.290000e-06	2.852948e-09	1.886914e-08	2.023441e+01	1.122448e+03
2.300000e-06	2.708976e-09	1.857707e-08	1.921333e+01	1.105317e+03
2.310000e-06	2.564062e-09	1.828038e-08	1.818556e+01	1.087475e+03
2.320000e-06	2.418274e-09	1.797678e-08	1.715158e+01	1.068988e+03
2.330000e-06	2.271636e-09	1.766306e-08	1.611158e+01	1.050002e+03
2.340000e-06	2.124177e-09	1.733746e-08	1.506577e+01	1.030672e+03
2.350000e-06	1.975957e-09	1.700566e-08	1.401455e+01	1.011083e+03
2.360000e-06	1.827042e-09	1.666761e-08	1.295839e+01	9.911963e+02
2.370000e-06	1.677503e-09	1.631772e-08	1.189782e+01	9.708484e+02
2.380000e-06	1.527420e-09	1.595505e-08	1.083339e+01	9.498085e+02
2.390000e-06	1.376827e-09	1.558223e-08	9.765342e+00	9.278703e+02
2.400000e-06	1.225734e-09	1.520065e-08	8.693750e+00	9.049391e+02
2.410000e-06	1.074183e-09	1.480669e-08	7.618903e+00	8.810719e+02
2.420000e-06	9.222392e-10	1.439816e-08	6.541273e+00	8.564452e+02
2.430000e-06	7.699660e-10	1.397883e-08	5.461307e+00	8.312581e+02
2.440000e-06	6.174150e-10	1.354788e-08	4.379369e+00	8.056080e+02
2.450000e-06	4.646453e-10	1.310026e-08	3.295880e+00	7.793911e+02
2.460000e-06	3.117219e-10	1.262990e-08	2.211301e+00	7.522783e+02
2.470000e-06	1.586977e-10	1.213862e-08	1.126007e+00	7.237821e+02
2.480000e-06	5.621495e-12	1.162701e-08	4.034406e-02	6.933940e+02
2.490000e-06	-1.474407e-10	1.108725e-08	-1.045220e+00	6.607323e+02
2.500000e-06	-3.004213e-10	1.051229e-08	-2.130206e+00	6.256242e+02
2.510000e-06	-4.532689e-10	9.896514e-09	-3.214248e+00	5.880666e+02
2.520000e-06	-6.059499e-10	9.233907e-09	-4.297108e+00	5.480505e+02
2.530000e-06	-7.584132e-10	8.512893e-09	-5.378425e+00	5.052977e+02
2.540000e-06	-9.105901e-10	7.720718e-09	-6.457710e+00	4.590055e+02
2.550000e-06	-1.062400e-09	6.843382e-09	-7.534393e+00	4.077159e+02
2.560000e-06	-1.213767e-09	5.859958e-09	-8.607938e+00	3.494044e+02
2.570000e-06	-1.364657e-09	4.739929e-09	-9.678097e+00	2.818167e+02
2.580000e-06	-1.515055e-09	3.446764e-09	-1.074477e+01	2.030010e+02
2.590000e-06	-1.664927e-09	1.953175e-09	-1.180770e+01	1.119062e+02
2.600000e-06	-1.814210e-09	2.498641e-10	-1.286646e+01	8.874814e+00
2.610000e-06	-1.962852e-09	-1.644587e-09	-1.392068e+01	-1.041273e+02
2.620000e-06	-2.110799e-09	-3.673540e-09	-1.496996e+01	-2.236373e+02
2.630000e-06	-2.257984e-09	-5.746468e-09	-1.601385e+01	-3.451722e+02
2.640000e-06	-2.404347e-09	-7.762631e-09	-1.705190e+01	-4.639477e+02
2.650000e-06	-2.549850e-09	-9.640403e-09	-1.808386e+01	-5.756616e+02
2.660000e-06	-2.694448e-09	-1.133291e-08	-1.910939e+01	-6.771445e+02
2.670000e-06	-2.838047e-09	-1.282791e-08	-2.012785e+01	-7.667234e+02
2.680000e-06	-2.980572e-09	-1.413340e-08	-2.113868e+01	-8.442325e+02
2.690000e-06	-3.121962e-09	-1.526769e-08	-2.214146e+01	-9.107049e+02
2.700000e-06	-3.262144e-09	-1.625372e-08	-2.313567e+01	-9.678668e+02
2.710000e-06	-3.401067e-09	-1.711363e-08	-2.412096e+01	-1.017597e+03
2.720000e-06	-3.538699e-09	-1.786601e-08	-2.509709e+01	-1.061499e+03
2.730000e-06	-3.675000e-09	-1.852550e-08	-2.606379e+01	-1.100686e+03
2.740000e-06	-3.809920e-09	-1.910646e-08	-2.702068e+01	-1.135785e+03
2.750000e-06	-3.943443e-09	-1.962203e-08	-2.796767e+01	-1.167100e+03
2.760000e-06	-4.075563e-09	-2.008192e-08	-2.890471e+01	-1.194843e+03
2.770000e-06	-4.206234e-09	-2.049453e-08	-2.983148e+01	-1.219319e+03
2.780000e-06	-4.335432e-09	-2.086820e-08	-3.074779e+01	-1.241003e+03
2.790000e-06	-4.463115e-09	-2.120955e-08	-3.165336e+01	-1.260501e+03
2.800000e-06	-4.589213e-09	-2.152236e-08	-3.254769e+01	-1.278423e+03
2.810000e-06	-4.713678e-09	-2.180991e-08	-3.343044e+01	-1.295246e+03
2.820000e-06	-4.836457e-09	-2.207575e-08	-3.430123e+01	-1.311226e+03
2.830000e-06	-4.957490e-09	-2.232334e-08	-3.515964e+01	-1.326395e+03
2.840000e-06	-5.076691e-09	-2.255488e-08	-3.600505e+01	-1.340637e+03
2.850000e-06	-5.193927e-09	-2.277151e-08	-3.683653e+01	-1.353818e+03
2.860000e-06	-5.309064e-09	-2.297480e-08	-3.765312e+01	-1.365890e+03
2.870000e-06	-5.422031e-09	-2.316675e-08	-3.845432e+01	-1.376951e+03
2.880000e-06	-5.532846e-09	-2.334904e-08	-3.924026e+01	-1.387226e+03
2.890000e-06	-5.641619e-09	-2.352156e-08	-4.001172e+01	-1.396987e+03
2.900000e-06	-5.748464e-09	-2.368418e-08	-4.076950e+01	-1.406460e+03
2.910000e-06	-5.853361e-09	-2.383843e-08	-4.151347e+01	-1.415744e+03
2.920000e-06	-5.956156e-09	-2.398575e-08	-4.224253e+01	-1.424797e+03
2.930000e-06	-6.056730e-09	-2.412694e-08	-4.295584e+01	-1.433477e+03
2.940000e-06	-6.155133e-09	-2.426167e-08	-4.365375e+01	-1.441620e+03
2.950000e-06	-6.251435e-09	-2.439009e-08	-4.433676e+01	-1.449125e+03
2.960000e-06	-6.345547e-09	-2.451228e-08	-4.500424e+01	-1.456008e+03
2.970000e-06	-6.437381e-09	-2.462686e-08	-4.565556e+01	-1.462393e+03
2.980000e-06	-6.526971e-09	-2.473411e-08	-4.629096e+01	-1.468466e+03
2.990000e-06	-6.614284e-09	-2.483652e-08	-4.691022e+01	-1.474394e+03
3.000000e-06	-6.699203e-09	-2.493487e-08	-4.751250e+01	-1.480264e+03
3.010000e-06	-6.781716e-09	-2.502764e-08	-4.809772e+01	-1.486051e+03
3.020000e-06	-6.861858e-09	-2.511566e-08	-4.866611e+01	-1.491645e+03
3.030000e-06	-6.939453e-09	-2.520035e-08	-4.921645e+01	-1.496903e+03
3.040000e-06	-7.014346e-09	-2.528123e-08	-4.974762e+01	-1.501724e+03
3.050000e-06	-7.086626e-09	-2.535749e-08	-5.026026e+01	-1.506092e+03
3.060000e-06	-7.156339e-09	-2.542892e-08	-5.075470e+01	-1.510088e+03
3.070000e-06	-7.223480e-09	-2.549683e-08	-5.123089e+01	-1.513853e+03
3.080000e-06	-7.288110e-09	-2.556177e-08	-5.168927e+01	-1.517527e+03
3.090000e-06	-7.350174e-09	-2.562230e-08	-5.212946e+01	-1.521190e+03
3.100000e-06	-7.409571e-09	-2.567880e-08	-5.255072e+01	-1.524834e+03
3.110000e-06	-7.466304e-09	-2.573420e-08	-5.295309e+01	-1.528363e+03
3.120000e-06	-7.520280e-09	-2.578747e-08	-5.333592e+01	-1.531648e+03
3.130000e-06	-7.571305e-09	-2.583610e-08	-5.369781e+01	-1.534578e+03
3.140000e-06	-7.619270e-09	-2.588020e-08	-5.403800e+01	-1.537115e+03
3.150000e-06	-7.664376e-09	-2.592122e-08	-5.435792e+01	-1.539306e+03
3.160000e-06	-7.706976e-09	-2.595899e-08	-5.466006e+01	-1.541263e+03
3.170000e-06	-7.747063e-09	-2.599286e-08	-5.494438e+01	-1.543114e+03
3.180000e-06	-7.784423e-09	-2.602347e-08	-5.520935e+01	-1.544948e+03
3.190000e-06	-7.819029e-09	-2.605209e-08	-5.545480e+01	-1.546779e+03
3.200000e-06	-7.850886e-09	-2.607929e-08	-5.568075e+01	-1.548545e+03
3.210000e-06	-7.879872e-09	-2.610463e-08	-5.588633e+01	-1.550136e+03
3.220000e-06	-7.906025e-09	-2.612731e-08	-5.607182e+01	-1.551449e+03
3.230000e-06	-7.929409e-09	-2.614586e-08	-5.623768e+01	-1.552432e+03
3.240000e-06	-7.949948e-09	-2.616047e-08	-5.638336e+01	-1.553106e+03
3.250000e-06	-7.967688e-09	-2.617135e-08	-5.650918e+01	-1.553558e+03
3.260000e-06	-7.982561e-09	-2.617926e-08	-5.661468e+01	-1.553896e+03
3.270000e-06	-7.994366e-09	-2.618542e-08	-5.669841e+01	-1.554207e+03
3.280000e-06	-8.003180e-09	-2.619054e-08	-5.676093e+01	-1.554518e+03
3.290000e-06	-8.009124e-09	-2.619386e-08	-5.680309e+01	-1.554785e+03
3.300000e-06	-8.012240e-09	-2.619544e-08	-5.682521e+01	-1.554918e+03
3.310000e-06	-8.012617e-09	-2.619175e-08	-5.682789e+01	-1.554823e+03
