# Temperatura_=_51.93892857142857
# Concentracion g/m^3_=_22500.0
# C_Vs_to_Am_M_A/Vsm_=_59384043850.047264
# pendiente_HvsI_1/m_=_3716.3
# ordenada_HvsI_A/m_=_1297.0
# frecuencia_Hz_=_301203.1768463122
# Promedio de 56 ciclos

Tiempo_(s)	Campo_(V.s)	Magnetizacion_(V.s)	Campo_(kA/m)	Magnetizacion_(A/m)
0.000000e+00	-5.367407e-09	-2.079329e-08	-3.823362e+01	-1.233226e+03
1.000000e-08	-5.365723e-09	-2.078285e-08	-3.822163e+01	-1.232890e+03
2.000000e-08	-5.362096e-09	-2.077038e-08	-3.819579e+01	-1.232414e+03
3.000000e-08	-5.356755e-09	-2.075742e-08	-3.815775e+01	-1.231782e+03
4.000000e-08	-5.349818e-09	-2.074314e-08	-3.810833e+01	-1.230969e+03
5.000000e-08	-5.341241e-09	-2.072718e-08	-3.804723e+01	-1.229949e+03
6.000000e-08	-5.330717e-09	-2.070951e-08	-3.797227e+01	-1.228711e+03
7.000000e-08	-5.318133e-09	-2.069227e-08	-3.788263e+01	-1.227263e+03
8.000000e-08	-5.303603e-09	-2.065768e-08	-3.777913e+01	-1.225638e+03
9.000000e-08	-5.286733e-09	-2.057672e-08	-3.765895e+01	-1.223879e+03
1.000000e-07	-5.267511e-09	-2.054429e-08	-3.752203e+01	-1.222032e+03
1.100000e-07	-5.246372e-09	-2.054867e-08	-3.737145e+01	-1.220125e+03
1.200000e-07	-5.223543e-09	-2.051983e-08	-3.720883e+01	-1.218163e+03
1.300000e-07	-5.199357e-09	-2.053181e-08	-3.703655e+01	-1.216119e+03
1.400000e-07	-5.173881e-09	-2.045831e-08	-3.685508e+01	-1.213945e+03
1.500000e-07	-5.146566e-09	-2.032931e-08	-3.666050e+01	-1.211584e+03
1.600000e-07	-5.117385e-09	-2.038286e-08	-3.645264e+01	-1.208983e+03
1.700000e-07	-5.086728e-09	-2.029343e-08	-3.623426e+01	-1.206111e+03
1.800000e-07	-5.054272e-09	-2.015032e-08	-3.600306e+01	-1.202965e+03
1.900000e-07	-5.019717e-09	-2.018275e-08	-3.575692e+01	-1.199562e+03
2.000000e-07	-4.983511e-09	-2.008672e-08	-3.549901e+01	-1.195940e+03
2.100000e-07	-4.945709e-09	-2.004851e-08	-3.522974e+01	-1.192135e+03
2.200000e-07	-4.906133e-09	-2.002214e-08	-3.494783e+01	-1.188176e+03
2.300000e-07	-4.864847e-09	-1.986472e-08	-3.465373e+01	-1.184073e+03
2.400000e-07	-4.821591e-09	-1.980830e-08	-3.434560e+01	-1.179821e+03
2.500000e-07	-4.776447e-09	-1.977117e-08	-3.402403e+01	-1.175406e+03
2.600000e-07	-4.729582e-09	-1.969650e-08	-3.369020e+01	-1.170810e+03
2.700000e-07	-4.680908e-09	-1.962811e-08	-3.334348e+01	-1.166022e+03
2.800000e-07	-4.630270e-09	-1.951911e-08	-3.298277e+01	-1.161041e+03
2.900000e-07	-4.577549e-09	-1.946033e-08	-3.260722e+01	-1.155873e+03
3.000000e-07	-4.523025e-09	-1.939244e-08	-3.221883e+01	-1.150531e+03
3.100000e-07	-4.466985e-09	-1.926881e-08	-3.181964e+01	-1.145020e+03
3.200000e-07	-4.409379e-09	-1.915261e-08	-3.140929e+01	-1.139339e+03
3.300000e-07	-4.350032e-09	-1.906573e-08	-3.098655e+01	-1.133477e+03
3.400000e-07	-4.289092e-09	-1.900808e-08	-3.055246e+01	-1.127413e+03
3.500000e-07	-4.226779e-09	-1.887889e-08	-3.010858e+01	-1.121129e+03
3.600000e-07	-4.163085e-09	-1.874915e-08	-2.965487e+01	-1.114610e+03
3.700000e-07	-4.097898e-09	-1.865158e-08	-2.919052e+01	-1.107856e+03
3.800000e-07	-4.030991e-09	-1.853883e-08	-2.871393e+01	-1.100873e+03
3.900000e-07	-3.962454e-09	-1.841690e-08	-2.822572e+01	-1.093680e+03
4.000000e-07	-3.892606e-09	-1.826751e-08	-2.772817e+01	-1.086295e+03
4.100000e-07	-3.821518e-09	-1.815471e-08	-2.722179e+01	-1.078731e+03
4.200000e-07	-3.749141e-09	-1.805150e-08	-2.670623e+01	-1.070991e+03
4.300000e-07	-3.675267e-09	-1.791451e-08	-2.618000e+01	-1.063070e+03
4.400000e-07	-3.599762e-09	-1.775412e-08	-2.564216e+01	-1.054953e+03
4.500000e-07	-3.522800e-09	-1.760262e-08	-2.509393e+01	-1.046625e+03
4.600000e-07	-3.444469e-09	-1.747874e-08	-2.453596e+01	-1.038073e+03
4.700000e-07	-3.364722e-09	-1.733229e-08	-2.396789e+01	-1.029293e+03
4.800000e-07	-3.283630e-09	-1.716857e-08	-2.339025e+01	-1.020286e+03
4.900000e-07	-3.201353e-09	-1.701215e-08	-2.280417e+01	-1.011058e+03
5.000000e-07	-3.117994e-09	-1.686623e-08	-2.221038e+01	-1.001617e+03
5.100000e-07	-3.033679e-09	-1.671020e-08	-2.160978e+01	-9.919650e+02
5.200000e-07	-2.948525e-09	-1.653205e-08	-2.100320e+01	-9.821003e+02
5.300000e-07	-2.862467e-09	-1.635579e-08	-2.039018e+01	-9.720159e+02
5.400000e-07	-2.775432e-09	-1.619100e-08	-1.977021e+01	-9.617032e+02
5.500000e-07	-2.687461e-09	-1.601854e-08	-1.914356e+01	-9.511552e+02
5.600000e-07	-2.598562e-09	-1.582668e-08	-1.851031e+01	-9.403695e+02
5.700000e-07	-2.508638e-09	-1.563295e-08	-1.786975e+01	-9.293485e+02
5.800000e-07	-2.417630e-09	-1.545401e-08	-1.722148e+01	-9.180983e+02
5.900000e-07	-2.325683e-09	-1.527123e-08	-1.656651e+01	-9.066255e+02
6.000000e-07	-2.233003e-09	-1.506945e-08	-1.590632e+01	-8.949336e+02
6.100000e-07	-2.139625e-09	-1.486337e-08	-1.524116e+01	-8.830207e+02
6.200000e-07	-2.045502e-09	-1.466300e-08	-1.457070e+01	-8.708800e+02
6.300000e-07	-1.950648e-09	-1.446070e-08	-1.389502e+01	-8.585009e+02
6.400000e-07	-1.855135e-09	-1.424010e-08	-1.321466e+01	-8.458722e+02
6.500000e-07	-1.759010e-09	-1.401369e-08	-1.252993e+01	-8.329855e+02
6.600000e-07	-1.662246e-09	-1.379588e-08	-1.184065e+01	-8.198361e+02
6.700000e-07	-1.564795e-09	-1.358035e-08	-1.114648e+01	-8.064230e+02
6.800000e-07	-1.466641e-09	-1.335228e-08	-1.044730e+01	-7.927468e+02
6.900000e-07	-1.367827e-09	-1.311317e-08	-9.743422e+00	-7.788065e+02
7.000000e-07	-1.268436e-09	-1.287571e-08	-9.035429e+00	-7.645969e+02
7.100000e-07	-1.168571e-09	-1.263511e-08	-8.324063e+00	-7.501073e+02
7.200000e-07	-1.068335e-09	-1.238311e-08	-7.610051e+00	-7.353221e+02
7.300000e-07	-9.677996e-10	-1.212133e-08	-6.893905e+00	-7.202228e+02
7.400000e-07	-8.669720e-10	-1.186237e-08	-6.175680e+00	-7.047909e+02
7.500000e-07	-7.658550e-10	-1.160364e-08	-5.455394e+00	-6.890106e+02
7.600000e-07	-6.644822e-10	-1.133515e-08	-4.733285e+00	-6.728698e+02
7.700000e-07	-5.628997e-10	-1.105675e-08	-4.009683e+00	-6.563593e+02
7.800000e-07	-4.611237e-10	-1.077427e-08	-3.284703e+00	-6.394698e+02
7.900000e-07	-3.591785e-10	-1.048935e-08	-2.558517e+00	-6.221873e+02
8.000000e-07	-2.571111e-10	-1.019154e-08	-1.831460e+00	-6.044885e+02
8.100000e-07	-1.549486e-10	-9.879003e-09	-1.103727e+00	-5.863356e+02
8.200000e-07	-5.271551e-11	-9.560770e-09	-3.754908e-01	-5.676741e+02
8.300000e-07	4.954780e-11	-9.241826e-09	3.529609e-01	-5.484322e+02
8.400000e-07	1.517860e-10	-8.911418e-09	1.081234e+00	-5.285236e+02
8.500000e-07	2.539655e-10	-8.563326e-09	1.809088e+00	-5.078533e+02
8.600000e-07	3.560526e-10	-8.201819e-09	2.536285e+00	-4.863251e+02
8.700000e-07	4.580090e-10	-7.828059e-09	3.262550e+00	-4.638504e+02
8.800000e-07	5.598147e-10	-7.434039e-09	3.987742e+00	-4.403550e+02
8.900000e-07	6.614364e-10	-7.014926e-09	4.711623e+00	-4.157813e+02
9.000000e-07	7.628217e-10	-6.578580e-09	5.433821e+00	-3.900851e+02
9.100000e-07	8.639493e-10	-6.127876e-09	6.154183e+00	-3.632255e+02
9.200000e-07	9.648129e-10	-5.659060e-09	6.872664e+00	-3.351485e+02
9.300000e-07	1.065383e-09	-5.163547e-09	7.589053e+00	-3.057681e+02
9.400000e-07	1.165620e-09	-4.641976e-09	8.303071e+00	-2.749494e+02
9.500000e-07	1.265478e-09	-4.095023e-09	9.014395e+00	-2.424998e+02
9.600000e-07	1.364876e-09	-3.515991e-09	9.722429e+00	-2.081727e+02
9.700000e-07	1.463693e-09	-2.897602e-09	1.042634e+01	-1.716870e+02
9.800000e-07	1.561831e-09	-2.236964e-09	1.112540e+01	-1.327612e+02
9.900000e-07	1.659265e-09	-1.534831e-09	1.181945e+01	-9.115900e+01
1.000000e-06	1.756035e-09	-7.858438e-10	1.250877e+01	-4.673729e+01
1.010000e-06	1.852176e-09	1.333109e-11	1.319361e+01	5.109099e-01
1.020000e-06	1.947681e-09	8.583570e-10	1.387392e+01	5.042821e+01
1.030000e-06	2.042540e-09	1.742510e-09	1.454963e+01	1.026849e+02
1.040000e-06	2.136739e-09	2.658159e-09	1.522063e+01	1.567939e+02
1.050000e-06	2.230236e-09	3.595027e-09	1.588665e+01	2.121455e+02
1.060000e-06	2.323041e-09	4.539706e-09	1.654772e+01	2.680576e+02
1.070000e-06	2.415160e-09	5.479340e-09	1.720391e+01	3.238308e+02
1.080000e-06	2.506439e-09	6.404108e-09	1.785412e+01	3.788024e+02
1.090000e-06	2.596645e-09	7.307244e-09	1.849669e+01	4.323889e+02
1.100000e-06	2.685729e-09	8.179376e-09	1.913125e+01	4.841160e+02
1.110000e-06	2.773817e-09	9.012406e-09	1.975873e+01	5.336310e+02
1.120000e-06	2.860983e-09	9.800802e-09	2.037964e+01	5.807021e+02
1.130000e-06	2.947197e-09	1.054607e-08	2.099377e+01	6.252055e+02
1.140000e-06	3.032461e-09	1.125107e-08	2.160113e+01	6.671061e+02
1.150000e-06	3.116822e-09	1.191408e-08	2.220206e+01	7.064356e+02
1.160000e-06	3.200178e-09	1.253375e-08	2.279583e+01	7.432712e+02
1.170000e-06	3.282330e-09	1.311231e-08	2.338102e+01	7.777171e+02
1.180000e-06	3.363238e-09	1.365358e-08	2.395735e+01	8.098910e+02
1.190000e-06	3.442939e-09	1.415637e-08	2.452509e+01	8.399158e+02
1.200000e-06	3.521405e-09	1.462306e-08	2.508402e+01	8.679149e+02
1.210000e-06	3.598628e-09	1.505860e-08	2.563410e+01	8.940112e+02
1.220000e-06	3.674566e-09	1.546721e-08	2.617503e+01	9.183280e+02
1.230000e-06	3.748989e-09	1.584826e-08	2.670517e+01	9.409897e+02
1.240000e-06	3.821821e-09	1.620381e-08	2.722397e+01	9.621213e+02
1.250000e-06	3.893258e-09	1.653570e-08	2.773284e+01	9.818465e+02
1.260000e-06	3.963368e-09	1.684445e-08	2.823225e+01	1.000283e+03
1.270000e-06	4.032181e-09	1.713181e-08	2.872243e+01	1.017539e+03
1.280000e-06	4.099667e-09	1.740080e-08	2.920315e+01	1.033708e+03
1.290000e-06	4.165538e-09	1.765524e-08	2.967237e+01	1.048867e+03
1.300000e-06	4.229791e-09	1.789497e-08	3.013006e+01	1.063082e+03
1.310000e-06	4.292631e-09	1.811968e-08	3.057769e+01	1.076405e+03
1.320000e-06	4.354091e-09	1.833027e-08	3.101548e+01	1.088888e+03
1.330000e-06	4.414219e-09	1.852718e-08	3.144380e+01	1.100580e+03
1.340000e-06	4.472766e-09	1.871092e-08	3.186084e+01	1.111538e+03
1.350000e-06	4.529497e-09	1.888252e-08	3.226495e+01	1.121817e+03
1.360000e-06	4.584578e-09	1.904256e-08	3.265731e+01	1.131475e+03
1.370000e-06	4.638037e-09	1.919335e-08	3.303811e+01	1.140560e+03
1.380000e-06	4.689611e-09	1.933700e-08	3.340549e+01	1.149109e+03
1.390000e-06	4.739120e-09	1.947182e-08	3.375815e+01	1.157144e+03
1.400000e-06	4.786786e-09	1.959675e-08	3.409769e+01	1.164676e+03
1.410000e-06	4.832855e-09	1.971339e-08	3.442585e+01	1.171712e+03
1.420000e-06	4.877383e-09	1.982230e-08	3.474304e+01	1.178258e+03
1.430000e-06	4.920153e-09	1.992333e-08	3.504771e+01	1.184333e+03
1.440000e-06	4.960991e-09	2.001654e-08	3.533860e+01	1.189966e+03
1.450000e-06	5.000113e-09	2.010439e-08	3.561728e+01	1.195197e+03
1.460000e-06	5.037621e-09	2.018823e-08	3.588447e+01	1.200071e+03
1.470000e-06	5.073469e-09	2.026598e-08	3.613982e+01	1.204628e+03
1.480000e-06	5.107387e-09	2.033730e-08	3.638143e+01	1.208894e+03
1.490000e-06	5.139386e-09	2.040392e-08	3.660937e+01	1.212880e+03
1.500000e-06	5.169719e-09	2.046653e-08	3.682543e+01	1.216584e+03
1.510000e-06	5.198397e-09	2.052413e-08	3.702972e+01	1.219994e+03
1.520000e-06	5.225176e-09	2.057619e-08	3.722048e+01	1.223100e+03
1.530000e-06	5.249878e-09	2.062329e-08	3.739643e+01	1.225900e+03
1.540000e-06	5.272722e-09	2.066622e-08	3.755915e+01	1.228405e+03
1.550000e-06	5.293880e-09	2.070495e-08	3.770987e+01	1.230638e+03
1.560000e-06	5.313312e-09	2.073878e-08	3.784829e+01	1.232627e+03
1.570000e-06	5.330809e-09	2.076840e-08	3.797292e+01	1.234392e+03
1.580000e-06	5.346312e-09	2.079458e-08	3.808336e+01	1.235948e+03
1.590000e-06	5.359897e-09	2.081624e-08	3.818013e+01	1.237291e+03
1.600000e-06	5.371394e-09	2.083320e-08	3.826203e+01	1.238410e+03
1.610000e-06	5.380687e-09	2.084740e-08	3.832822e+01	1.239289e+03
1.620000e-06	5.388020e-09	2.085947e-08	3.838045e+01	1.239922e+03
1.630000e-06	5.393593e-09	2.086796e-08	3.842015e+01	1.240312e+03
1.640000e-06	5.397389e-09	2.087219e-08	3.844719e+01	1.240479e+03
1.650000e-06	5.399174e-09	2.087017e-08	3.845991e+01	1.240453e+03
1.660000e-06	5.399000e-09	2.086717e-08	3.845867e+01	1.240264e+03
1.670000e-06	5.397152e-09	2.086483e-08	3.844550e+01	1.239932e+03
1.680000e-06	5.393705e-09	2.085403e-08	3.842095e+01	1.239460e+03
1.690000e-06	5.388448e-09	2.084017e-08	3.838350e+01	1.238832e+03
1.700000e-06	5.381269e-09	2.082791e-08	3.833236e+01	1.238024e+03
1.710000e-06	5.372425e-09	2.081342e-08	3.826936e+01	1.237010e+03
1.720000e-06	5.361978e-09	2.079033e-08	3.819495e+01	1.235778e+03
1.730000e-06	5.349711e-09	2.075754e-08	3.810756e+01	1.234336e+03
1.740000e-06	5.335427e-09	2.078468e-08	3.800582e+01	1.232715e+03
1.750000e-06	5.319080e-09	2.077880e-08	3.788937e+01	1.230959e+03
1.760000e-06	5.300368e-09	2.071099e-08	3.775608e+01	1.229112e+03
1.770000e-06	5.279015e-09	2.065245e-08	3.760398e+01	1.227206e+03
1.780000e-06	5.255567e-09	2.054164e-08	3.743695e+01	1.225244e+03
1.790000e-06	5.230917e-09	2.059227e-08	3.726136e+01	1.223203e+03
1.800000e-06	5.205308e-09	2.068154e-08	3.707894e+01	1.221033e+03
1.810000e-06	5.178011e-09	2.046437e-08	3.688449e+01	1.218678e+03
1.820000e-06	5.148618e-09	2.045434e-08	3.667512e+01	1.216084e+03
1.830000e-06	5.117580e-09	2.054413e-08	3.645402e+01	1.213221e+03
1.840000e-06	5.084713e-09	2.038472e-08	3.621990e+01	1.210082e+03
1.850000e-06	5.049974e-09	2.038749e-08	3.597245e+01	1.206687e+03
1.860000e-06	5.013696e-09	2.030494e-08	3.571403e+01	1.203070e+03
1.870000e-06	4.975488e-09	2.016013e-08	3.544186e+01	1.199270e+03
1.880000e-06	4.935461e-09	2.022334e-08	3.515673e+01	1.195314e+03
1.890000e-06	4.893802e-09	2.010630e-08	3.485999e+01	1.191214e+03
1.900000e-06	4.850448e-09	1.999455e-08	3.455116e+01	1.186967e+03
1.910000e-06	4.805554e-09	1.996940e-08	3.423137e+01	1.182556e+03
1.920000e-06	4.758703e-09	1.983942e-08	3.389763e+01	1.177965e+03
1.930000e-06	4.709911e-09	1.982387e-08	3.355007e+01	1.173183e+03
1.940000e-06	4.659565e-09	1.966455e-08	3.319144e+01	1.168206e+03
1.950000e-06	4.607383e-09	1.953515e-08	3.281974e+01	1.163044e+03
1.960000e-06	4.553245e-09	1.953884e-08	3.243410e+01	1.157706e+03
1.970000e-06	4.497269e-09	1.942092e-08	3.203536e+01	1.152200e+03
1.980000e-06	4.439693e-09	1.934647e-08	3.162523e+01	1.146524e+03
1.990000e-06	4.380747e-09	1.918717e-08	3.120534e+01	1.140666e+03
2.000000e-06	4.320231e-09	1.909884e-08	3.077427e+01	1.134609e+03
2.010000e-06	4.258029e-09	1.904625e-08	3.033119e+01	1.128331e+03
2.020000e-06	4.194214e-09	1.887541e-08	2.987661e+01	1.121819e+03
2.030000e-06	4.128962e-09	1.878707e-08	2.941180e+01	1.115071e+03
2.040000e-06	4.062340e-09	1.865446e-08	2.893723e+01	1.108095e+03
2.050000e-06	3.994235e-09	1.856395e-08	2.845210e+01	1.100908e+03
2.060000e-06	3.924558e-09	1.843989e-08	2.795577e+01	1.093527e+03
2.070000e-06	3.853323e-09	1.826103e-08	2.744834e+01	1.085968e+03
2.080000e-06	3.780757e-09	1.817002e-08	2.693143e+01	1.078233e+03
2.090000e-06	3.706857e-09	1.803600e-08	2.640502e+01	1.070317e+03
2.100000e-06	3.631514e-09	1.791146e-08	2.586833e+01	1.062206e+03
2.110000e-06	3.554673e-09	1.773633e-08	2.532097e+01	1.053884e+03
2.120000e-06	3.476276e-09	1.759107e-08	2.476253e+01	1.045339e+03
2.130000e-06	3.396594e-09	1.748348e-08	2.419492e+01	1.036565e+03
2.140000e-06	3.315780e-09	1.732143e-08	2.361926e+01	1.027564e+03
2.150000e-06	3.233893e-09	1.716100e-08	2.303596e+01	1.018343e+03
2.160000e-06	3.151003e-09	1.698144e-08	2.244550e+01	1.008907e+03
2.170000e-06	3.067055e-09	1.684548e-08	2.184752e+01	9.992613e+02
2.180000e-06	2.981937e-09	1.668287e-08	2.124120e+01	9.894026e+02
2.190000e-06	2.895546e-09	1.649054e-08	2.062581e+01	9.793246e+02
2.200000e-06	2.808070e-09	1.631411e-08	2.000269e+01	9.690187e+02
2.210000e-06	2.719653e-09	1.614837e-08	1.937287e+01	9.584776e+02
2.220000e-06	2.630360e-09	1.598518e-08	1.873681e+01	9.476987e+02
2.230000e-06	2.540273e-09	1.577708e-08	1.809510e+01	9.366843e+02
2.240000e-06	2.449371e-09	1.558055e-08	1.744757e+01	9.254406e+02
2.250000e-06	2.357625e-09	1.540089e-08	1.679404e+01	9.139740e+02
2.260000e-06	2.265045e-09	1.521510e-08	1.613456e+01	9.022882e+02
2.270000e-06	2.171635e-09	1.500272e-08	1.546917e+01	8.903818e+02
2.280000e-06	2.077315e-09	1.478151e-08	1.479731e+01	8.782478e+02
2.290000e-06	1.982144e-09	1.458442e-08	1.411938e+01	8.658757e+02
2.300000e-06	1.886274e-09	1.438241e-08	1.343646e+01	8.532546e+02
2.310000e-06	1.789818e-09	1.415885e-08	1.274938e+01	8.403755e+02
2.320000e-06	1.692833e-09	1.392670e-08	1.205853e+01	8.272339e+02
2.330000e-06	1.595298e-09	1.371101e-08	1.136375e+01	8.138285e+02
2.340000e-06	1.497200e-09	1.349208e-08	1.066497e+01	8.001600e+02
2.350000e-06	1.398587e-09	1.324802e-08	9.962527e+00	7.862275e+02
2.360000e-06	1.299564e-09	1.299369e-08	9.257155e+00	7.720260e+02
2.370000e-06	1.200178e-09	1.275221e-08	8.549202e+00	7.575450e+02
2.380000e-06	1.100427e-09	1.251493e-08	7.838643e+00	7.427691e+02
2.390000e-06	1.000309e-09	1.225782e-08	7.125476e+00	7.276797e+02
2.400000e-06	8.998283e-10	1.198850e-08	6.409720e+00	7.122583e+02
2.410000e-06	7.989785e-10	1.172517e-08	5.691337e+00	6.964889e+02
2.420000e-06	6.977328e-10	1.146284e-08	4.970135e+00	6.803595e+02
2.430000e-06	5.961358e-10	1.118076e-08	4.246431e+00	6.638606e+02
2.440000e-06	4.943014e-10	1.088289e-08	3.521035e+00	6.469830e+02
2.450000e-06	3.922880e-10	1.058818e-08	2.794365e+00	6.297131e+02
2.460000e-06	2.900963e-10	1.029833e-08	2.066423e+00	6.120279e+02
2.470000e-06	1.877416e-10	9.994238e-09	1.337321e+00	5.938903e+02
2.480000e-06	8.531701e-11	9.672321e-09	6.077207e-01	5.752463e+02
2.490000e-06	-1.710939e-11	9.346792e-09	-1.218924e-01	5.560246e+02
2.500000e-06	-1.195253e-10	9.019344e-09	-8.514306e-01	5.361395e+02
2.510000e-06	-2.218734e-10	8.675283e-09	-1.580486e+00	5.154960e+02
2.520000e-06	-3.240696e-10	8.304370e-09	-2.308460e+00	4.939979e+02
2.530000e-06	-4.260814e-10	7.921780e-09	-3.035118e+00	4.715563e+02
2.540000e-06	-5.279188e-10	7.531534e-09	-3.760536e+00	4.480962e+02
2.550000e-06	-6.295086e-10	7.120659e-09	-4.484189e+00	4.235595e+02
2.560000e-06	-7.307389e-10	6.682202e-09	-5.205281e+00	3.979018e+02
2.570000e-06	-8.315837e-10	6.225243e-09	-5.923628e+00	3.710822e+02
2.580000e-06	-9.320682e-10	5.760298e-09	-6.639407e+00	3.430476e+02
2.590000e-06	-1.032198e-09	5.273335e-09	-7.352660e+00	3.137133e+02
2.600000e-06	-1.131938e-09	4.753762e-09	-8.063143e+00	2.829463e+02
2.610000e-06	-1.231275e-09	4.206617e-09	-8.770746e+00	2.505561e+02
2.620000e-06	-1.330220e-09	3.635298e-09	-9.475562e+00	2.162978e+02
2.630000e-06	-1.428750e-09	3.029088e-09	-1.017742e+01	1.798908e+02
2.640000e-06	-1.526812e-09	2.373600e-09	-1.087594e+01	1.410532e+02
2.650000e-06	-1.624350e-09	1.671655e-09	-1.157074e+01	9.954627e+01
2.660000e-06	-1.721346e-09	9.300090e-10	-1.226167e+01	5.522283e+01
2.670000e-06	-1.817804e-09	1.448301e-10	-1.294876e+01	8.070629e+00
2.680000e-06	-1.913709e-09	-6.893540e-10	-1.363192e+01	-4.175896e+01
2.690000e-06	-2.009029e-09	-1.566264e-09	-1.431092e+01	-9.394219e+01
2.700000e-06	-2.103676e-09	-2.471896e-09	-1.498511e+01	-1.479969e+02
2.710000e-06	-2.197478e-09	-3.398458e-09	-1.565330e+01	-2.033172e+02
2.720000e-06	-2.290317e-09	-4.338829e-09	-1.631462e+01	-2.592224e+02
2.730000e-06	-2.382200e-09	-5.280882e-09	-1.696913e+01	-3.150130e+02
2.740000e-06	-2.473200e-09	-6.207635e-09	-1.761735e+01	-3.700241e+02
2.750000e-06	-2.563352e-09	-7.108225e-09	-1.825952e+01	-4.236689e+02
2.760000e-06	-2.652596e-09	-7.980495e-09	-1.889524e+01	-4.754690e+02
2.770000e-06	-2.740921e-09	-8.820581e-09	-1.952440e+01	-5.250673e+02
2.780000e-06	-2.828397e-09	-9.618862e-09	-2.014752e+01	-5.722280e+02
2.790000e-06	-2.914915e-09	-1.036924e-08	-2.076381e+01	-6.168237e+02
2.800000e-06	-3.000232e-09	-1.107619e-08	-2.137155e+01	-6.588167e+02
2.810000e-06	-3.084326e-09	-1.174294e-08	-2.197057e+01	-6.982368e+02
2.820000e-06	-3.167346e-09	-1.236737e-08	-2.256195e+01	-7.351596e+02
2.830000e-06	-3.249340e-09	-1.294804e-08	-2.314602e+01	-7.696889e+02
2.840000e-06	-3.330267e-09	-1.349112e-08	-2.372248e+01	-8.019420e+02
2.850000e-06	-3.410136e-09	-1.400311e-08	-2.429141e+01	-8.320417e+02
2.860000e-06	-3.488814e-09	-1.448130e-08	-2.485186e+01	-8.601113e+02
2.870000e-06	-3.565957e-09	-1.492303e-08	-2.540137e+01	-8.862737e+02
2.880000e-06	-3.641528e-09	-1.533200e-08	-2.593969e+01	-9.106524e+02
2.890000e-06	-3.715721e-09	-1.571542e-08	-2.646819e+01	-9.333715e+02
2.900000e-06	-3.788589e-09	-1.607568e-08	-2.698724e+01	-9.545562e+02
2.910000e-06	-3.860194e-09	-1.640982e-08	-2.749731e+01	-9.743302e+02
2.920000e-06	-3.930424e-09	-1.672113e-08	-2.799758e+01	-9.928118e+02
2.930000e-06	-3.999055e-09	-1.701529e-08	-2.848646e+01	-1.010109e+03
2.940000e-06	-4.066196e-09	-1.729233e-08	-2.896472e+01	-1.026316e+03
2.950000e-06	-4.131997e-09	-1.754955e-08	-2.943344e+01	-1.041511e+03
2.960000e-06	-4.196427e-09	-1.778747e-08	-2.989239e+01	-1.055759e+03
2.970000e-06	-4.259453e-09	-1.801099e-08	-3.034135e+01	-1.069115e+03
2.980000e-06	-4.320831e-09	-1.822270e-08	-3.077856e+01	-1.081627e+03
2.990000e-06	-4.380505e-09	-1.842110e-08	-3.120363e+01	-1.093348e+03
3.000000e-06	-4.438709e-09	-1.860617e-08	-3.161824e+01	-1.104332e+03
3.010000e-06	-4.495462e-09	-1.878097e-08	-3.202251e+01	-1.114636e+03
3.020000e-06	-4.550656e-09	-1.894756e-08	-3.241567e+01	-1.124316e+03
3.030000e-06	-4.603987e-09	-1.910295e-08	-3.279556e+01	-1.133422e+03
3.040000e-06	-4.655351e-09	-1.924678e-08	-3.316145e+01	-1.141991e+03
3.050000e-06	-4.704897e-09	-1.938287e-08	-3.351437e+01	-1.150045e+03
3.060000e-06	-4.752466e-09	-1.951356e-08	-3.385322e+01	-1.157597e+03
3.070000e-06	-4.798178e-09	-1.963368e-08	-3.417884e+01	-1.164651e+03
3.080000e-06	-4.842371e-09	-1.974238e-08	-3.449364e+01	-1.171216e+03
3.090000e-06	-4.885086e-09	-1.984509e-08	-3.479791e+01	-1.177308e+03
3.100000e-06	-4.926278e-09	-1.994259e-08	-3.509134e+01	-1.182957e+03
3.110000e-06	-4.965890e-09	-2.003448e-08	-3.537350e+01	-1.188203e+03
3.120000e-06	-5.003675e-09	-2.011783e-08	-3.564266e+01	-1.193091e+03
3.130000e-06	-5.039521e-09	-2.019323e-08	-3.589800e+01	-1.197659e+03
3.140000e-06	-5.073613e-09	-2.026380e-08	-3.614085e+01	-1.201937e+03
3.150000e-06	-5.106016e-09	-2.033098e-08	-3.637166e+01	-1.205935e+03
3.160000e-06	-5.136596e-09	-2.039226e-08	-3.658949e+01	-1.209650e+03
3.170000e-06	-5.165178e-09	-2.044894e-08	-3.679309e+01	-1.213072e+03
3.180000e-06	-5.191925e-09	-2.050141e-08	-3.698362e+01	-1.216190e+03
3.190000e-06	-5.216944e-09	-2.054971e-08	-3.716184e+01	-1.219002e+03
3.200000e-06	-5.240147e-09	-2.059338e-08	-3.732711e+01	-1.221519e+03
3.210000e-06	-5.261350e-09	-2.063207e-08	-3.747815e+01	-1.223763e+03
3.220000e-06	-5.280628e-09	-2.066752e-08	-3.761547e+01	-1.225761e+03
3.230000e-06	-5.298205e-09	-2.069727e-08	-3.774068e+01	-1.227535e+03
3.240000e-06	-5.313965e-09	-2.072176e-08	-3.785294e+01	-1.229100e+03
3.250000e-06	-5.327570e-09	-2.074238e-08	-3.794985e+01	-1.230452e+03
3.260000e-06	-5.338982e-09	-2.075999e-08	-3.803114e+01	-1.231580e+03
3.270000e-06	-5.348519e-09	-2.077511e-08	-3.809908e+01	-1.232470e+03
3.280000e-06	-5.356258e-09	-2.078699e-08	-3.815421e+01	-1.233112e+03
3.290000e-06	-5.362008e-09	-2.079420e-08	-3.819516e+01	-1.233512e+03
3.300000e-06	-5.365782e-09	-2.079784e-08	-3.822205e+01	-1.233688e+03
3.310000e-06	-5.367802e-09	-2.080022e-08	-3.823643e+01	-1.233670e+03
3.320000e-06	-5.368065e-09	-2.079894e-08	-3.823830e+01	-1.233488e+03
