# Temperatura_=_48.90859649122807
# Concentracion g/m^3_=_22500.0
# C_Vs_to_Am_M_A/Vsm_=_59384043850.047264
# pendiente_HvsI_1/m_=_3716.3
# ordenada_HvsI_A/m_=_1297.0
# frecuencia_Hz_=_301437.5829443189
# Promedio de 57 ciclos

Tiempo_(s)	Campo_(V.s)	Magnetizacion_(V.s)	Campo_(kA/m)	Magnetizacion_(A/m)
0.000000e+00	-6.681759e-09	-2.351096e-08	-4.767630e+01	-1.395160e+03
1.000000e-08	-6.679047e-09	-2.350345e-08	-4.765695e+01	-1.394846e+03
2.000000e-08	-6.674037e-09	-2.349633e-08	-4.762120e+01	-1.394409e+03
3.000000e-08	-6.666966e-09	-2.348707e-08	-4.757075e+01	-1.393816e+03
4.000000e-08	-6.657764e-09	-2.347515e-08	-4.750509e+01	-1.393031e+03
5.000000e-08	-6.646183e-09	-2.345914e-08	-4.742245e+01	-1.392033e+03
6.000000e-08	-6.632152e-09	-2.344044e-08	-4.732234e+01	-1.390817e+03
7.000000e-08	-6.615675e-09	-2.342491e-08	-4.720477e+01	-1.389397e+03
8.000000e-08	-6.596838e-09	-2.339393e-08	-4.707036e+01	-1.387795e+03
9.000000e-08	-6.575669e-09	-2.332729e-08	-4.691931e+01	-1.386036e+03
1.000000e-07	-6.551914e-09	-2.328456e-08	-4.674981e+01	-1.384136e+03
1.100000e-07	-6.525496e-09	-2.328135e-08	-4.656131e+01	-1.382100e+03
1.200000e-07	-6.496753e-09	-2.326511e-08	-4.635622e+01	-1.379923e+03
1.300000e-07	-6.466174e-09	-2.323304e-08	-4.613803e+01	-1.377596e+03
1.400000e-07	-6.433990e-09	-2.320537e-08	-4.590838e+01	-1.375109e+03
1.500000e-07	-6.399860e-09	-2.313358e-08	-4.566486e+01	-1.372453e+03
1.600000e-07	-6.363444e-09	-2.307295e-08	-4.540502e+01	-1.369627e+03
1.700000e-07	-6.324994e-09	-2.305044e-08	-4.513067e+01	-1.366631e+03
1.800000e-07	-6.284359e-09	-2.295760e-08	-4.484072e+01	-1.363462e+03
1.900000e-07	-6.241210e-09	-2.290206e-08	-4.453284e+01	-1.360117e+03
2.000000e-07	-6.195825e-09	-2.287281e-08	-4.420900e+01	-1.356588e+03
2.100000e-07	-6.148224e-09	-2.281262e-08	-4.386936e+01	-1.352868e+03
2.200000e-07	-6.098096e-09	-2.275860e-08	-4.351168e+01	-1.348951e+03
2.300000e-07	-6.045409e-09	-2.265973e-08	-4.313574e+01	-1.344839e+03
2.400000e-07	-5.990332e-09	-2.257923e-08	-4.274275e+01	-1.340536e+03
2.500000e-07	-5.933043e-09	-2.251457e-08	-4.233398e+01	-1.336049e+03
2.600000e-07	-5.873550e-09	-2.242874e-08	-4.190947e+01	-1.331385e+03
2.700000e-07	-5.811949e-09	-2.235741e-08	-4.146993e+01	-1.326541e+03
2.800000e-07	-5.748389e-09	-2.227399e-08	-4.101641e+01	-1.321510e+03
2.900000e-07	-5.682743e-09	-2.218973e-08	-4.054801e+01	-1.316279e+03
3.000000e-07	-5.614921e-09	-2.209621e-08	-4.006407e+01	-1.310834e+03
3.100000e-07	-5.545002e-09	-2.199114e-08	-3.956518e+01	-1.305168e+03
3.200000e-07	-5.473138e-09	-2.188738e-08	-3.905241e+01	-1.299280e+03
3.300000e-07	-5.399301e-09	-2.178075e-08	-3.852556e+01	-1.293177e+03
3.400000e-07	-5.323303e-09	-2.169363e-08	-3.798329e+01	-1.286868e+03
3.500000e-07	-5.245155e-09	-2.158390e-08	-3.742568e+01	-1.280361e+03
3.600000e-07	-5.164869e-09	-2.146504e-08	-3.685282e+01	-1.273651e+03
3.700000e-07	-5.082590e-09	-2.134917e-08	-3.626573e+01	-1.266725e+03
3.800000e-07	-4.998619e-09	-2.122338e-08	-3.566657e+01	-1.259559e+03
3.900000e-07	-4.913073e-09	-2.109554e-08	-3.505618e+01	-1.252129e+03
4.000000e-07	-4.825965e-09	-2.095989e-08	-3.443463e+01	-1.244419e+03
4.100000e-07	-4.737252e-09	-2.083159e-08	-3.380164e+01	-1.236424e+03
4.200000e-07	-4.646785e-09	-2.069773e-08	-3.315613e+01	-1.228152e+03
4.300000e-07	-4.554539e-09	-2.055794e-08	-3.249793e+01	-1.219623e+03
4.400000e-07	-4.460665e-09	-2.041048e-08	-3.182811e+01	-1.210853e+03
4.500000e-07	-4.365241e-09	-2.025470e-08	-3.114723e+01	-1.201853e+03
4.600000e-07	-4.268249e-09	-2.009892e-08	-3.045517e+01	-1.192621e+03
4.700000e-07	-4.169650e-09	-1.993656e-08	-2.975163e+01	-1.183139e+03
4.800000e-07	-4.069473e-09	-1.977014e-08	-2.903684e+01	-1.173385e+03
4.900000e-07	-3.967868e-09	-1.960042e-08	-2.831186e+01	-1.163335e+03
5.000000e-07	-3.864936e-09	-1.943083e-08	-2.757740e+01	-1.152974e+03
5.100000e-07	-3.760659e-09	-1.925345e-08	-2.683336e+01	-1.142300e+03
5.200000e-07	-3.654994e-09	-1.906776e-08	-2.607940e+01	-1.131323e+03
5.300000e-07	-3.547925e-09	-1.887886e-08	-2.531544e+01	-1.120052e+03
5.400000e-07	-3.439539e-09	-1.868302e-08	-2.454207e+01	-1.108498e+03
5.500000e-07	-3.329968e-09	-1.848110e-08	-2.376025e+01	-1.096658e+03
5.600000e-07	-3.219278e-09	-1.827329e-08	-2.297044e+01	-1.084520e+03
5.700000e-07	-3.107459e-09	-1.806276e-08	-2.217258e+01	-1.072066e+03
5.800000e-07	-2.994474e-09	-1.784792e-08	-2.136640e+01	-1.059277e+03
5.900000e-07	-2.880296e-09	-1.762802e-08	-2.055171e+01	-1.046145e+03
6.000000e-07	-2.764930e-09	-1.740159e-08	-1.972854e+01	-1.032673e+03
6.100000e-07	-2.648410e-09	-1.716979e-08	-1.889713e+01	-1.018871e+03
6.200000e-07	-2.530853e-09	-1.693362e-08	-1.805833e+01	-1.004751e+03
6.300000e-07	-2.412392e-09	-1.669140e-08	-1.721307e+01	-9.903171e+02
6.400000e-07	-2.293116e-09	-1.644110e-08	-1.636200e+01	-9.755602e+02
6.500000e-07	-2.173073e-09	-1.618300e-08	-1.550546e+01	-9.604589e+02
6.600000e-07	-2.052254e-09	-1.592011e-08	-1.464338e+01	-9.449861e+02
6.700000e-07	-1.930658e-09	-1.565198e-08	-1.377576e+01	-9.291189e+02
6.800000e-07	-1.808328e-09	-1.537796e-08	-1.290290e+01	-9.128468e+02
6.900000e-07	-1.685310e-09	-1.509843e-08	-1.202513e+01	-8.961743e+02
7.000000e-07	-1.561636e-09	-1.481568e-08	-1.114268e+01	-8.791150e+02
7.100000e-07	-1.437358e-09	-1.452546e-08	-1.025592e+01	-8.616792e+02
7.200000e-07	-1.312567e-09	-1.422573e-08	-9.365500e+00	-8.438617e+02
7.300000e-07	-1.187349e-09	-1.391582e-08	-8.472032e+00	-8.256333e+02
7.400000e-07	-1.061752e-09	-1.359661e-08	-7.575862e+00	-8.069428e+02
7.500000e-07	-9.358082e-10	-1.326983e-08	-6.677213e+00	-7.877288e+02
7.600000e-07	-8.095548e-10	-1.293507e-08	-5.776357e+00	-7.679355e+02
7.700000e-07	-6.830384e-10	-1.259452e-08	-4.873625e+00	-7.475271e+02
7.800000e-07	-5.563081e-10	-1.224623e-08	-3.969367e+00	-7.264899e+02
7.900000e-07	-4.294055e-10	-1.188642e-08	-3.063879e+00	-7.048199e+02
8.000000e-07	-3.023708e-10	-1.151073e-08	-2.157449e+00	-6.824986e+02
8.100000e-07	-1.752286e-10	-1.111778e-08	-1.250252e+00	-6.594645e+02
8.200000e-07	-4.801320e-11	-1.070919e-08	-3.425325e-01	-6.355932e+02
8.300000e-07	7.922802e-11	-1.028517e-08	5.653713e-01	-6.106961e+02
8.400000e-07	2.064372e-10	-9.842846e-09	1.473047e+00	-5.845410e+02
8.500000e-07	3.335578e-10	-9.378308e-09	2.380090e+00	-5.568872e+02
8.600000e-07	4.605547e-10	-8.887040e-09	3.286250e+00	-5.275213e+02
8.700000e-07	5.873928e-10	-8.363773e-09	4.191277e+00	-4.962746e+02
8.800000e-07	7.140249e-10	-7.802978e-09	5.094835e+00	-4.630074e+02
8.900000e-07	8.404125e-10	-7.202180e-09	5.996647e+00	-4.275586e+02
9.000000e-07	9.665196e-10	-6.559131e-09	6.896459e+00	-3.896723e+02
9.100000e-07	1.092311e-09	-5.867613e-09	7.794017e+00	-3.489290e+02
9.200000e-07	1.217755e-09	-5.117140e-09	8.689098e+00	-3.047128e+02
9.300000e-07	1.342812e-09	-4.293722e-09	9.581418e+00	-2.562424e+02
9.400000e-07	1.467434e-09	-3.384987e-09	1.047063e+01	-2.026787e+02
9.500000e-07	1.591542e-09	-2.380168e-09	1.135618e+01	-1.432950e+02
9.600000e-07	1.715057e-09	-1.271949e-09	1.223749e+01	-7.767729e+01
9.700000e-07	1.837911e-09	-5.878902e-11	1.311409e+01	-5.903596e+00
9.800000e-07	1.960049e-09	1.249283e-09	1.398558e+01	7.134764e+01
9.900000e-07	2.081429e-09	2.630107e-09	1.485166e+01	1.527970e+02
1.000000e-06	2.202019e-09	4.051159e-09	1.571210e+01	2.366812e+02
1.010000e-06	2.321820e-09	5.476190e-09	1.656692e+01	3.209677e+02
1.020000e-06	2.440819e-09	6.870226e-09	1.741602e+01	4.036199e+02
1.030000e-06	2.558957e-09	8.200159e-09	1.825896e+01	4.828544e+02
1.040000e-06	2.676145e-09	9.446555e-09	1.909513e+01	5.573335e+02
1.050000e-06	2.792240e-09	1.059956e-08	1.992351e+01	6.262576e+02
1.060000e-06	2.907152e-09	1.165775e-08	2.074343e+01	6.893482e+02
1.070000e-06	3.020890e-09	1.262417e-08	2.155499e+01	7.467422e+02
1.080000e-06	3.133473e-09	1.350255e-08	2.235829e+01	7.988372e+02
1.090000e-06	3.244921e-09	1.429916e-08	2.315351e+01	8.461356e+02
1.100000e-06	3.355271e-09	1.502128e-08	2.394089e+01	8.891247e+02
1.110000e-06	3.464550e-09	1.567464e-08	2.472063e+01	9.282153e+02
1.120000e-06	3.572674e-09	1.626476e-08	2.549212e+01	9.637364e+02
1.130000e-06	3.679478e-09	1.680040e-08	2.625420e+01	9.959680e+02
1.140000e-06	3.784867e-09	1.728913e-08	2.700618e+01	1.025185e+03
1.150000e-06	3.888838e-09	1.773578e-08	2.774804e+01	1.051687e+03
1.160000e-06	3.991427e-09	1.814348e-08	2.848004e+01	1.075805e+03
1.170000e-06	4.092649e-09	1.851689e-08	2.920229e+01	1.097877e+03
1.180000e-06	4.192404e-09	1.886005e-08	2.991407e+01	1.118211e+03
1.190000e-06	4.290533e-09	1.917585e-08	3.061425e+01	1.137058e+03
1.200000e-06	4.387018e-09	1.946615e-08	3.130270e+01	1.154591e+03
1.210000e-06	4.481952e-09	1.973502e-08	3.198008e+01	1.170915e+03
1.220000e-06	4.575424e-09	1.998683e-08	3.264703e+01	1.186092e+03
1.230000e-06	4.667388e-09	2.022347e-08	3.330322e+01	1.200178e+03
1.240000e-06	4.757634e-09	2.044461e-08	3.394715e+01	1.213246e+03
1.250000e-06	4.846068e-09	2.065100e-08	3.457815e+01	1.225400e+03
1.260000e-06	4.932782e-09	2.084412e-08	3.519688e+01	1.236763e+03
1.270000e-06	5.017881e-09	2.102458e-08	3.580409e+01	1.247457e+03
1.280000e-06	5.101294e-09	2.119251e-08	3.639926e+01	1.257580e+03
1.290000e-06	5.182822e-09	2.134923e-08	3.698099e+01	1.267190e+03
1.300000e-06	5.262424e-09	2.149816e-08	3.754897e+01	1.276301e+03
1.310000e-06	5.340154e-09	2.163995e-08	3.810360e+01	1.284903e+03
1.320000e-06	5.415888e-09	2.177380e-08	3.864398e+01	1.292984e+03
1.330000e-06	5.489487e-09	2.189978e-08	3.916913e+01	1.300545e+03
1.340000e-06	5.561053e-09	2.202000e-08	3.967977e+01	1.307620e+03
1.350000e-06	5.630707e-09	2.213425e-08	4.017677e+01	1.314268e+03
1.360000e-06	5.698386e-09	2.223968e-08	4.065968e+01	1.320558e+03
1.370000e-06	5.763946e-09	2.233836e-08	4.112747e+01	1.326552e+03
1.380000e-06	5.827443e-09	2.243305e-08	4.158054e+01	1.332285e+03
1.390000e-06	5.889039e-09	2.252332e-08	4.202004e+01	1.337765e+03
1.400000e-06	5.948646e-09	2.260817e-08	4.244536e+01	1.342974e+03
1.410000e-06	6.006063e-09	2.268839e-08	4.285504e+01	1.347886e+03
1.420000e-06	6.061280e-09	2.276611e-08	4.324903e+01	1.352483e+03
1.430000e-06	6.114196e-09	2.284093e-08	4.362660e+01	1.356770e+03
1.440000e-06	6.164536e-09	2.291086e-08	4.398579e+01	1.360770e+03
1.450000e-06	6.212393e-09	2.297546e-08	4.432726e+01	1.364523e+03
1.460000e-06	6.258116e-09	2.303532e-08	4.465351e+01	1.368066e+03
1.470000e-06	6.301720e-09	2.309087e-08	4.496463e+01	1.371422e+03
1.480000e-06	6.342973e-09	2.314218e-08	4.525899e+01	1.374590e+03
1.490000e-06	6.381934e-09	2.318987e-08	4.553698e+01	1.377553e+03
1.500000e-06	6.418801e-09	2.323473e-08	4.580004e+01	1.380284e+03
1.510000e-06	6.453393e-09	2.327675e-08	4.604686e+01	1.382765e+03
1.520000e-06	6.485595e-09	2.331532e-08	4.627663e+01	1.384994e+03
1.530000e-06	6.515621e-09	2.334971e-08	4.649087e+01	1.386991e+03
1.540000e-06	6.543472e-09	2.338017e-08	4.668960e+01	1.388790e+03
1.550000e-06	6.568887e-09	2.340736e-08	4.687094e+01	1.390426e+03
1.560000e-06	6.591888e-09	2.343166e-08	4.703506e+01	1.391921e+03
1.570000e-06	6.612745e-09	2.345226e-08	4.718387e+01	1.393278e+03
1.580000e-06	6.631351e-09	2.346905e-08	4.731664e+01	1.394476e+03
1.590000e-06	6.647483e-09	2.348434e-08	4.743174e+01	1.395486e+03
1.600000e-06	6.661145e-09	2.349759e-08	4.752922e+01	1.396277e+03
1.610000e-06	6.672199e-09	2.350668e-08	4.760809e+01	1.396837e+03
1.620000e-06	6.680657e-09	2.351193e-08	4.766844e+01	1.397174e+03
1.630000e-06	6.686809e-09	2.351425e-08	4.771234e+01	1.397318e+03
1.640000e-06	6.690709e-09	2.351457e-08	4.774017e+01	1.397308e+03
1.650000e-06	6.692193e-09	2.351215e-08	4.775075e+01	1.397182e+03
1.660000e-06	6.691346e-09	2.350900e-08	4.774471e+01	1.396957e+03
1.670000e-06	6.688429e-09	2.350568e-08	4.772389e+01	1.396631e+03
1.680000e-06	6.683282e-09	2.349737e-08	4.768717e+01	1.396179e+03
1.690000e-06	6.675828e-09	2.348448e-08	4.763398e+01	1.395566e+03
1.700000e-06	6.666256e-09	2.346730e-08	4.756568e+01	1.394759e+03
1.710000e-06	6.654462e-09	2.344642e-08	4.748152e+01	1.393738e+03
1.720000e-06	6.640295e-09	2.341805e-08	4.738044e+01	1.392499e+03
1.730000e-06	6.624000e-09	2.339375e-08	4.726417e+01	1.391058e+03
1.740000e-06	6.605697e-09	2.341002e-08	4.713357e+01	1.389438e+03
1.750000e-06	6.584700e-09	2.340334e-08	4.698375e+01	1.387662e+03
1.760000e-06	6.560491e-09	2.334024e-08	4.681101e+01	1.385747e+03
1.770000e-06	6.533552e-09	2.327945e-08	4.661879e+01	1.383696e+03
1.780000e-06	6.504330e-09	2.320989e-08	4.641028e+01	1.381504e+03
1.790000e-06	6.473201e-09	2.316599e-08	4.618817e+01	1.379160e+03
1.800000e-06	6.440566e-09	2.319376e-08	4.595530e+01	1.376654e+03
1.810000e-06	6.406033e-09	2.311978e-08	4.570890e+01	1.373980e+03
1.820000e-06	6.369178e-09	2.304140e-08	4.544593e+01	1.371136e+03
1.830000e-06	6.330135e-09	2.305440e-08	4.516735e+01	1.368121e+03
1.840000e-06	6.288838e-09	2.296847e-08	4.487268e+01	1.364933e+03
1.850000e-06	6.245402e-09	2.291623e-08	4.456275e+01	1.361568e+03
1.860000e-06	6.199808e-09	2.283546e-08	4.423742e+01	1.358019e+03
1.870000e-06	6.151794e-09	2.273590e-08	4.389482e+01	1.354278e+03
1.880000e-06	6.101600e-09	2.274583e-08	4.353667e+01	1.350340e+03
1.890000e-06	6.048930e-09	2.266636e-08	4.316086e+01	1.346206e+03
1.900000e-06	5.993759e-09	2.258701e-08	4.276720e+01	1.341883e+03
1.910000e-06	5.936486e-09	2.250666e-08	4.235854e+01	1.337377e+03
1.920000e-06	5.877055e-09	2.240338e-08	4.193448e+01	1.332693e+03
1.930000e-06	5.815458e-09	2.236584e-08	4.149496e+01	1.327830e+03
1.940000e-06	5.751687e-09	2.224329e-08	4.103994e+01	1.322778e+03
1.950000e-06	5.685909e-09	2.215228e-08	4.057059e+01	1.317524e+03
1.960000e-06	5.618093e-09	2.208372e-08	4.008670e+01	1.312055e+03
1.970000e-06	5.547971e-09	2.199930e-08	3.958636e+01	1.306365e+03
1.980000e-06	5.475783e-09	2.191027e-08	3.907128e+01	1.300453e+03
1.990000e-06	5.401636e-09	2.175223e-08	3.854222e+01	1.294327e+03
2.000000e-06	5.325392e-09	2.167042e-08	3.799819e+01	1.287997e+03
2.010000e-06	5.247011e-09	2.156919e-08	3.743893e+01	1.281468e+03
2.020000e-06	5.166693e-09	2.145127e-08	3.686583e+01	1.274736e+03
2.030000e-06	5.084679e-09	2.133105e-08	3.628063e+01	1.267784e+03
2.040000e-06	5.000868e-09	2.120290e-08	3.568262e+01	1.260591e+03
2.050000e-06	4.915153e-09	2.111218e-08	3.507101e+01	1.253131e+03
2.060000e-06	4.827569e-09	2.096441e-08	3.444608e+01	1.245390e+03
2.070000e-06	4.738368e-09	2.081752e-08	3.380960e+01	1.237365e+03
2.080000e-06	4.647610e-09	2.066885e-08	3.316201e+01	1.229064e+03
2.090000e-06	4.555172e-09	2.054135e-08	3.250244e+01	1.220508e+03
2.100000e-06	4.461018e-09	2.040276e-08	3.183062e+01	1.211713e+03
2.110000e-06	4.365244e-09	2.023045e-08	3.114725e+01	1.202688e+03
2.120000e-06	4.268020e-09	2.007934e-08	3.045353e+01	1.193430e+03
2.130000e-06	4.169343e-09	1.992473e-08	2.974944e+01	1.183920e+03
2.140000e-06	4.069176e-09	1.976755e-08	2.903471e+01	1.174135e+03
2.150000e-06	3.967408e-09	1.958082e-08	2.830857e+01	1.164052e+03
2.160000e-06	3.864078e-09	1.940191e-08	2.757128e+01	1.153657e+03
2.170000e-06	3.759386e-09	1.923417e-08	2.682427e+01	1.142950e+03
2.180000e-06	3.653468e-09	1.905558e-08	2.606851e+01	1.131940e+03
2.190000e-06	3.546400e-09	1.885907e-08	2.530455e+01	1.120639e+03
2.200000e-06	3.438133e-09	1.865590e-08	2.453203e+01	1.109054e+03
2.210000e-06	3.328585e-09	1.846460e-08	2.375038e+01	1.097183e+03
2.220000e-06	3.217702e-09	1.826442e-08	2.295919e+01	1.085011e+03
2.230000e-06	3.105604e-09	1.804799e-08	2.215934e+01	1.072521e+03
2.240000e-06	2.992373e-09	1.782512e-08	2.135140e+01	1.059696e+03
2.250000e-06	2.877999e-09	1.761273e-08	2.053531e+01	1.046527e+03
2.260000e-06	2.762502e-09	1.739241e-08	1.971121e+01	1.033019e+03
2.270000e-06	2.645858e-09	1.715493e-08	1.887892e+01	1.019182e+03
2.280000e-06	2.528111e-09	1.690752e-08	1.803876e+01	1.005028e+03
2.290000e-06	2.409343e-09	1.666963e-08	1.719131e+01	9.905597e+02
2.300000e-06	2.289669e-09	1.642914e-08	1.633741e+01	9.757667e+02
2.310000e-06	2.169223e-09	1.616938e-08	1.547799e+01	9.606267e+02
2.320000e-06	2.048073e-09	1.590156e-08	1.461355e+01	9.451123e+02
2.330000e-06	1.926254e-09	1.563696e-08	1.374433e+01	9.292016e+02
2.340000e-06	1.803798e-09	1.537176e-08	1.287057e+01	9.128859e+02
2.350000e-06	1.680711e-09	1.508694e-08	1.199231e+01	8.961710e+02
2.360000e-06	1.557014e-09	1.479161e-08	1.110969e+01	8.790707e+02
2.370000e-06	1.432753e-09	1.449870e-08	1.022305e+01	8.615944e+02
2.380000e-06	1.307965e-09	1.420630e-08	9.332658e+00	8.437344e+02
2.390000e-06	1.182693e-09	1.389917e-08	8.438808e+00	8.254589e+02
2.400000e-06	1.057000e-09	1.357653e-08	7.541946e+00	8.067151e+02
2.410000e-06	9.309266e-10	1.325123e-08	6.642379e+00	7.874410e+02
2.420000e-06	8.044774e-10	1.292069e-08	5.740127e+00	7.675829e+02
2.430000e-06	6.776953e-10	1.257522e-08	4.835499e+00	7.471072e+02
2.440000e-06	5.506666e-10	1.221379e-08	3.929112e+00	7.260020e+02
2.450000e-06	4.234377e-10	1.184898e-08	3.021297e+00	7.042634e+02
2.460000e-06	2.960387e-10	1.148083e-08	2.112267e+00	6.818694e+02
2.470000e-06	1.685103e-10	1.109554e-08	1.202314e+00	6.587524e+02
2.480000e-06	4.091670e-11	1.068794e-08	2.918962e-01	6.347810e+02
2.490000e-06	-8.668234e-11	1.026179e-08	-6.185606e-01	6.097605e+02
2.500000e-06	-2.142493e-10	9.820728e-09	-1.528788e+00	5.834558e+02
2.510000e-06	-3.417266e-10	9.355036e-09	-2.438376e+00	5.556277e+02
2.520000e-06	-4.690479e-10	8.855856e-09	-3.346851e+00	5.260673e+02
2.530000e-06	-5.961678e-10	8.327268e-09	-4.253889e+00	4.946104e+02
2.540000e-06	-7.230549e-10	7.770763e-09	-5.159266e+00	4.611179e+02
2.550000e-06	-8.496524e-10	7.177095e-09	-6.062576e+00	4.254222e+02
2.560000e-06	-9.758934e-10	6.534196e-09	-6.963342e+00	3.872529e+02
2.570000e-06	-1.101741e-09	5.840327e-09	-7.861298e+00	3.461702e+02
2.580000e-06	-1.227187e-09	5.091340e-09	-8.756390e+00	3.015374e+02
2.590000e-06	-1.352209e-09	4.271278e-09	-9.648457e+00	2.525608e+02
2.600000e-06	-1.476725e-09	3.364602e-09	-1.053692e+01	1.984041e+02
2.610000e-06	-1.600653e-09	2.361978e-09	-1.142118e+01	1.383647e+02
2.620000e-06	-1.723963e-09	1.258912e-09	-1.230103e+01	7.207333e+01
2.630000e-06	-1.846635e-09	5.424677e-11	-1.317633e+01	-3.310045e-01
2.640000e-06	-1.968650e-09	-1.247707e-09	-1.404694e+01	-7.810344e+01
2.650000e-06	-2.089976e-09	-2.626099e-09	-1.491264e+01	-1.599051e+02
2.660000e-06	-2.210597e-09	-4.044237e-09	-1.577330e+01	-2.439323e+02
2.670000e-06	-2.330483e-09	-5.463762e-09	-1.662873e+01	-3.281389e+02
2.680000e-06	-2.449492e-09	-6.851269e-09	-1.747790e+01	-4.105040e+02
2.690000e-06	-2.567503e-09	-8.177094e-09	-1.831994e+01	-4.892841e+02
2.700000e-06	-2.684476e-09	-9.419527e-09	-1.915457e+01	-5.631969e+02
2.710000e-06	-2.800368e-09	-1.056727e-08	-1.998149e+01	-6.315011e+02
2.720000e-06	-2.915131e-09	-1.162009e-08	-2.080036e+01	-6.939691e+02
2.730000e-06	-3.028717e-09	-1.258388e-08	-2.161083e+01	-7.507735e+02
2.740000e-06	-3.141070e-09	-1.346190e-08	-2.241250e+01	-8.023304e+02
2.750000e-06	-3.252114e-09	-1.425719e-08	-2.320483e+01	-8.491451e+02
2.760000e-06	-3.361854e-09	-1.497749e-08	-2.398786e+01	-8.916987e+02
2.770000e-06	-3.470425e-09	-1.563177e-08	-2.476254e+01	-9.303926e+02
2.780000e-06	-3.577898e-09	-1.622413e-08	-2.552939e+01	-9.655486e+02
2.790000e-06	-3.684244e-09	-1.675915e-08	-2.628820e+01	-9.974441e+02
2.800000e-06	-3.789379e-09	-1.724481e-08	-2.703837e+01	-1.026355e+03
2.810000e-06	-3.893179e-09	-1.768991e-08	-2.777902e+01	-1.052586e+03
2.820000e-06	-3.995483e-09	-1.809818e-08	-2.850898e+01	-1.076469e+03
2.830000e-06	-4.096211e-09	-1.847024e-08	-2.922770e+01	-1.098341e+03
2.840000e-06	-4.195446e-09	-1.881236e-08	-2.993577e+01	-1.118506e+03
2.850000e-06	-4.293280e-09	-1.912989e-08	-3.063385e+01	-1.137206e+03
2.860000e-06	-4.389720e-09	-1.942434e-08	-3.132197e+01	-1.154605e+03
2.870000e-06	-4.484637e-09	-1.969666e-08	-3.199924e+01	-1.170804e+03
2.880000e-06	-4.577891e-09	-1.994830e-08	-3.266463e+01	-1.185861e+03
2.890000e-06	-4.669501e-09	-2.018285e-08	-3.331829e+01	-1.199835e+03
2.900000e-06	-4.759507e-09	-2.040351e-08	-3.396051e+01	-1.212800e+03
2.910000e-06	-4.847847e-09	-2.061026e-08	-3.459084e+01	-1.224863e+03
2.920000e-06	-4.934402e-09	-2.080240e-08	-3.520844e+01	-1.236149e+03
2.930000e-06	-5.019096e-09	-2.098325e-08	-3.581275e+01	-1.246778e+03
2.940000e-06	-5.102022e-09	-2.115596e-08	-3.640445e+01	-1.256845e+03
2.950000e-06	-5.183270e-09	-2.131939e-08	-3.698418e+01	-1.266401e+03
2.960000e-06	-5.262719e-09	-2.147142e-08	-3.755107e+01	-1.275458e+03
2.970000e-06	-5.340095e-09	-2.161441e-08	-3.810317e+01	-1.284006e+03
2.980000e-06	-5.415326e-09	-2.175103e-08	-3.863997e+01	-1.292030e+03
2.990000e-06	-5.488581e-09	-2.188054e-08	-3.916266e+01	-1.299538e+03
3.000000e-06	-5.559909e-09	-2.200130e-08	-3.967161e+01	-1.306565e+03
3.010000e-06	-5.629166e-09	-2.211445e-08	-4.016577e+01	-1.313171e+03
3.020000e-06	-5.696342e-09	-2.222270e-08	-4.064509e+01	-1.319427e+03
3.030000e-06	-5.761593e-09	-2.232558e-08	-4.111068e+01	-1.325392e+03
3.040000e-06	-5.824904e-09	-2.242117e-08	-4.156242e+01	-1.331099e+03
3.050000e-06	-5.886073e-09	-2.251008e-08	-4.199888e+01	-1.336551e+03
3.060000e-06	-5.945044e-09	-2.259593e-08	-4.241965e+01	-1.341730e+03
3.070000e-06	-6.001952e-09	-2.268001e-08	-4.282571e+01	-1.346608e+03
3.080000e-06	-6.056779e-09	-2.275821e-08	-4.321691e+01	-1.351172e+03
3.090000e-06	-6.109256e-09	-2.282960e-08	-4.359135e+01	-1.355426e+03
3.100000e-06	-6.159203e-09	-2.289775e-08	-4.394774e+01	-1.359399e+03
3.110000e-06	-6.206601e-09	-2.296194e-08	-4.428593e+01	-1.363128e+03
3.120000e-06	-6.251722e-09	-2.302048e-08	-4.460788e+01	-1.366651e+03
3.130000e-06	-6.294909e-09	-2.307483e-08	-4.491603e+01	-1.369987e+03
3.140000e-06	-6.336097e-09	-2.312812e-08	-4.520992e+01	-1.373134e+03
3.150000e-06	-6.375140e-09	-2.317917e-08	-4.548851e+01	-1.376074e+03
3.160000e-06	-6.411878e-09	-2.322430e-08	-4.575064e+01	-1.378779e+03
3.170000e-06	-6.446324e-09	-2.326394e-08	-4.599642e+01	-1.381233e+03
3.180000e-06	-6.478579e-09	-2.330206e-08	-4.622657e+01	-1.383436e+03
3.190000e-06	-6.508457e-09	-2.333886e-08	-4.643976e+01	-1.385411e+03
3.200000e-06	-6.535925e-09	-2.337050e-08	-4.663575e+01	-1.387191e+03
3.210000e-06	-6.561150e-09	-2.339694e-08	-4.681573e+01	-1.388811e+03
3.220000e-06	-6.584092e-09	-2.342229e-08	-4.697943e+01	-1.390292e+03
3.230000e-06	-6.604613e-09	-2.344676e-08	-4.712585e+01	-1.391633e+03
3.240000e-06	-6.622818e-09	-2.346723e-08	-4.725575e+01	-1.392813e+03
3.250000e-06	-6.638778e-09	-2.348284e-08	-4.736963e+01	-1.393801e+03
3.260000e-06	-6.652154e-09	-2.349641e-08	-4.746507e+01	-1.394568e+03
3.270000e-06	-6.662896e-09	-2.350918e-08	-4.754171e+01	-1.395104e+03
3.280000e-06	-6.671309e-09	-2.351693e-08	-4.760175e+01	-1.395418e+03
3.290000e-06	-6.677345e-09	-2.351977e-08	-4.764481e+01	-1.395544e+03
3.300000e-06	-6.680961e-09	-2.351904e-08	-4.767061e+01	-1.395521e+03
3.310000e-06	-6.682338e-09	-2.351649e-08	-4.768044e+01	-1.395384e+03
