# Configuracion:
# Concentracion g/m^3_=_22500.0
# C_Vs_to_Am_M_A/Vsm_=_59384043850.047264
# pendiente_HvsI_1/m_=_3716.3
# ordenada_HvsI_A/m_=_1297.0
# frecuencia_ref_Hz_=_301443.230174711
# 
Resultados:
# tau_ns_=_(1.01+/-0.05)e+02
# dphi_rad_=_6.47+/-0.01
# SAR_W/g_=_763.65+/-34.47
# Hc_kA/m_=_13.45+/-0.49
# Mr_A/m_=_646.88+/-7.69
# Magnetizacion_max_=_1414.42+/-12.65
# Suceptibilidad_a_M=0_=_(8.870+/-0.344)e-02

Nombre_archivo	Time_m_(s)	Temperatura_(ºC)	Mr_(A/m)	Hc_(kA/m)	Campo_max_(A/m)	Mag_max_(A/m)	f0	mag0	dphi0	SAR_(W/g)	Tau_(ns)	N	xi_M_0
300kHz_125dA_100Mss_bobN1M18-0008.txt	8.73	27.23	626.21	14.42	47750.75	1375.81	3.015292e+05	1.146501e+02	6.491310e+00	808.05	111.476300	4643	7.957e-02
300kHz_125dA_100Mss_bobN1M18-0009.txt	9.18	29.17	632.77	14.35	47750.75	1385.12	3.015292e+05	1.155483e+02	6.490051e+00	809.52	110.782160	4643	8.116e-02
300kHz_125dA_100Mss_bobN1M18-0010.txt	9.64	30.87	637.63	14.27	47750.75	1391.37	3.015292e+05	1.162387e+02	6.488219e+00	807.25	109.772310	4643	8.335e-02
300kHz_125dA_100Mss_bobN1M18-0011.txt	10.11	32.62	642.34	14.22	47750.75	1400.03	3.015292e+05	1.170369e+02	6.487522e+00	810.07	109.388477	4643	8.206e-02
300kHz_125dA_100Mss_bobN1M18-0012.txt	10.59	34.44	646.58	14.22	47750.75	1404.72	3.015292e+05	1.174764e+02	6.487716e+00	813.87	109.495611	4643	8.533e-02
300kHz_125dA_100Mss_bobN1M18-0013.txt	11.04	36.15	650.18	14.21	47750.75	1409.05	3.015292e+05	1.179307e+02	6.487274e+00	815.28	109.252361	4643	8.132e-02
300kHz_125dA_100Mss_bobN1M18-0014.txt	11.49	37.81	654.49	14.12	47750.75	1417.92	3.015292e+05	1.187331e+02	6.485845e+00	815.16	108.464766	4643	8.271e-02
300kHz_125dA_100Mss_bobN1M18-0015.txt	12.0	39.70	658.53	14.05	47750.75	1425.66	3.015292e+05	1.194875e+02	6.484681e+00	815.69	107.825836	4643	8.388e-02
300kHz_125dA_100Mss_bobN1M18-0016.txt	12.46	41.36	660.96	14.05	47750.75	1429.24	3.015292e+05	1.198279e+02	6.484613e+00	817.74	107.787904	4643	8.520e-02
300kHz_125dA_100Mss_bobN1M18-0017.txt	12.92	43.01	662.10	13.97	47750.75	1432.12	3.015292e+05	1.201089e+02	6.483029e+00	813.30	106.917379	4643	8.649e-02
300kHz_125dA_100Mss_bobN1M18-0018.txt	13.39	44.51	663.04	13.89	47750.75	1435.35	3.015292e+05	1.204671e+02	6.481393e+00	809.13	106.018813	4643	8.685e-02
300kHz_125dA_100Mss_bobN1M18-0019.txt	14.32	47.30	662.51	13.88	47750.75	1428.43	3.015292e+05	1.199804e+02	6.481451e+00	806.10	106.052025	4643	8.768e-02
300kHz_125dA_100Mss_bobN1M18-0020.txt	14.77	48.56	659.98	13.76	47750.75	1428.61	3.015292e+05	1.200155e+02	6.479069e+00	796.77	104.743743	4643	8.973e-02
300kHz_125dA_100Mss_bobN1M18-0021.txt	15.23	49.71	657.58	13.69	47750.75	1423.60	3.015292e+05	1.196780e+02	6.477839e+00	789.60	104.068405	4643	9.079e-02
300kHz_125dA_100Mss_bobN1M18-0022.txt	15.68	50.70	655.64	13.71	47750.75	1417.05	3.015292e+05	1.191382e+02	6.478221e+00	787.56	104.277584	4643	9.037e-02
300kHz_125dA_100Mss_bobN1M18-0023.txt	16.15	51.40	652.89	13.68	47750.75	1412.57	3.015292e+05	1.187622e+02	6.477596e+00	782.60	103.934381	4643	8.957e-02
300kHz_125dA_100Mss_bobN1M18-0024.txt	16.66	51.40	651.99	13.58	47750.75	1411.39	3.015292e+05	1.187637e+02	6.475782e+00	775.40	102.940731	4643	9.023e-02
300kHz_125dA_100Mss_bobN1M18-0025.txt	17.13	51.65	649.83	13.56	47750.75	1408.49	3.015292e+05	1.184811e+02	6.475268e+00	771.51	102.659075	4643	9.027e-02
300kHz_125dA_100Mss_bobN1M18-0026.txt	17.58	52.50	649.33	13.54	47750.75	1408.51	3.015292e+05	1.184889e+02	6.474954e+00	770.32	102.487839	4643	9.024e-02
300kHz_125dA_100Mss_bobN1M18-0027.txt	18.03	53.35	648.63	13.53	47750.75	1405.71	3.015292e+05	1.183193e+02	6.474721e+00	768.29	102.360097	4643	9.069e-02
300kHz_125dA_100Mss_bobN1M18-0028.txt	18.47	54.05	647.38	13.50	47750.75	1403.23	3.015292e+05	1.181590e+02	6.474014e+00	764.45	101.972778	4643	8.848e-02
300kHz_125dA_100Mss_bobN1M18-0029.txt	18.92	54.77	645.96	13.46	47750.75	1398.76	3.015292e+05	1.178088e+02	6.473410e+00	759.80	101.642085	4643	9.061e-02
300kHz_125dA_100Mss_bobN1M18-0030.txt	19.37	55.31	645.33	13.40	47750.75	1402.84	3.015292e+05	1.181423e+02	6.471994e+00	756.35	100.866404	4643	8.860e-02
300kHz_125dA_100Mss_bobN1M18-0031.txt	19.81	55.79	646.41	13.41	47750.75	1405.19	3.015292e+05	1.183065e+02	6.472277e+00	758.52	101.023137	4643	8.931e-02
300kHz_125dA_100Mss_bobN1M18-0032.txt	20.27	56.43	646.16	13.35	47750.75	1404.92	3.015292e+05	1.183305e+02	6.471020e+00	753.69	100.335027	4643	8.677e-02
300kHz_125dA_100Mss_bobN1M18-0033.txt	20.75	57.20	646.64	13.31	47750.75	1406.50	3.015292e+05	1.185040e+02	6.470403e+00	752.35	99.997270	4643	9.012e-02
300kHz_125dA_100Mss_bobN1M18-0034.txt	21.2	57.90	645.57	13.29	47750.75	1407.94	3.014643e+05	1.186195e+02	6.469907e+00	750.95	99.726035	4644	8.901e-02
300kHz_125dA_100Mss_bobN1M18-0035.txt	21.65	58.58	645.40	13.31	47750.75	1406.07	3.015292e+05	1.184380e+02	6.470073e+00	750.62	99.817389	4643	8.836e-02
300kHz_125dA_100Mss_bobN1M18-0036.txt	22.11	59.29	645.37	13.25	47750.75	1409.89	3.015292e+05	1.187639e+02	6.468869e+00	747.89	99.158846	4643	8.812e-02
300kHz_125dA_100Mss_bobN1M18-0037.txt	22.56	60.05	645.57	13.24	47750.75	1409.72	3.015292e+05	1.187724e+02	6.468778e+00	747.58	99.108958	4643	8.786e-02
300kHz_125dA_100Mss_bobN1M18-0038.txt	23.47	61.27	644.41	13.18	47750.75	1411.65	3.015292e+05	1.189119e+02	6.467339e+00	742.72	98.322324	4643	8.866e-02
300kHz_125dA_100Mss_bobN1M18-0039.txt	23.92	61.72	643.81	13.12	47750.75	1412.86	3.015292e+05	1.190519e+02	6.466221e+00	739.13	97.712559	4643	8.948e-02
300kHz_125dA_100Mss_bobN1M18-0040.txt	24.36	62.12	643.71	13.09	47750.75	1414.04	3.015292e+05	1.191503e+02	6.465693e+00	737.63	97.424653	4643	9.009e-02
300kHz_125dA_100Mss_bobN1M18-0041.txt	24.82	62.54	643.90	12.99	47750.75	1419.31	3.015292e+05	1.196033e+02	6.463767e+00	732.71	96.373023	4643	9.158e-02
300kHz_125dA_100Mss_bobN1M18-0042.txt	25.32	62.89	644.19	13.08	47750.75	1415.28	3.015292e+05	1.192512e+02	6.465529e+00	737.60	97.334508	4643	8.984e-02
300kHz_125dA_100Mss_bobN1M18-0043.txt	25.79	63.17	643.28	13.00	47750.75	1418.94	3.015292e+05	1.195725e+02	6.463692e+00	732.22	96.330824	4643	9.086e-02
300kHz_125dA_100Mss_bobN1M18-0044.txt	26.24	63.40	643.46	12.94	47750.75	1422.15	3.015292e+05	1.198492e+02	6.462530e+00	729.24	95.696183	4643	9.098e-02
300kHz_125dA_100Mss_bobN1M18-0045.txt	26.7	63.58	643.00	12.95	47750.75	1421.82	3.015292e+05	1.197829e+02	6.462801e+00	729.93	95.844930	4643	9.028e-02
300kHz_125dA_100Mss_bobN1M18-0046.txt	27.15	63.78	642.66	12.93	47750.75	1423.64	3.015292e+05	1.199234e+02	6.462180e+00	728.29	95.506345	4643	9.084e-02
300kHz_125dA_100Mss_bobN1M18-0047.txt	27.61	64.00	642.71	12.89	47750.75	1425.99	3.015292e+05	1.201604e+02	6.461205e+00	725.79	94.973979	4643	9.163e-02
300kHz_125dA_100Mss_bobN1M18-0048.txt	28.05	64.24	642.15	12.84	47750.75	1427.34	3.015292e+05	1.203083e+02	6.460126e+00	722.32	94.387005	4643	9.394e-02
300kHz_125dA_100Mss_bobN1M18-0049.txt	28.51	64.61	642.52	12.85	47750.75	1427.53	3.015292e+05	1.202716e+02	6.460757e+00	724.65	94.730383	4643	9.147e-02
300kHz_125dA_100Mss_bobN1M18-0050.txt	28.96	64.97	642.35	12.84	47750.75	1426.75	3.015292e+05	1.202480e+02	6.460378e+00	722.98	94.524157	4643	9.137e-02
300kHz_125dA_100Mss_bobN1M18-0051.txt	29.4	65.28	642.55	12.82	47750.75	1427.45	3.015292e+05	1.203114e+02	6.459854e+00	721.25	94.238745	4643	9.405e-02
300kHz_125dA_100Mss_bobN1M18-0052.txt	29.87	65.61	642.05	12.78	47750.75	1432.90	3.015292e+05	1.207031e+02	6.458832e+00	719.45	93.682089	4643	9.380e-02
300kHz_125dA_100Mss_bobN1M18-0053.txt	30.32	65.48	640.63	12.75	47750.75	1430.77	3.015292e+05	1.205347e+02	6.458334e+00	716.43	93.411247	4643	9.321e-02
300kHz_125dA_100Mss_bobN1M18-0054.txt	30.78	65.15	632.89	12.70	47750.75	1413.33	3.015292e+05	1.191146e+02	6.457284e+00	703.79	92.839640	4643	9.220e-02
