# Configuracion:
# Concentracion g/m^3_=_22500.0
# C_Vs_to_Am_M_A/Vsm_=_59384043850.047264
# pendiente_HvsI_1/m_=_3716.3
# ordenada_HvsI_A/m_=_1297.0
# frecuencia_ref_Hz_=_301203.1768463122
# 
Resultados:
# tau_ns_=_(1.33+/-0.06)e+02
# dphi_rad_=_6.53+/-0.01
# SAR_W/g_=_677.81+/-21.93
# Hc_kA/m_=_13.14+/-0.39
# Mr_A/m_=_558.51+/-4.70
# Magnetizacion_max_=_1240.50+/-8.40
# Suceptibilidad_a_M=0_=_(7.114+/-0.293)e-02

Nombre_archivo	Time_m_(s)	Temperatura_(ºC)	Mr_(A/m)	Hc_(kA/m)	Campo_max_(A/m)	Mag_max_(A/m)	f0	mag0	dphi0	SAR_(W/g)	Tau_(ns)	N	xi_M_0
300kHz_100dA_100Mss_bobN1M18-0007.txt	2.26	24.58	541.95	13.73	38460.00	1217.22	3.011400e+05	9.827915e+01	6.545093e+00	698.20	141.657088	4649	6.385e-02
300kHz_100dA_100Mss_bobN1M18-0008.txt	2.7	25.90	546.59	13.74	38460.00	1222.14	3.011400e+05	9.875587e+01	6.544973e+00	701.27	141.589451	4649	6.465e-02
300kHz_100dA_100Mss_bobN1M18-0009.txt	3.19	27.41	549.53	13.75	38460.00	1225.30	3.011400e+05	9.907540e+01	6.545361e+00	704.56	141.810691	4649	6.543e-02
300kHz_100dA_100Mss_bobN1M18-0010.txt	3.63	28.82	552.40	13.71	38460.00	1228.37	3.011400e+05	9.944376e+01	6.544578e+00	705.12	141.365822	4649	6.627e-02
300kHz_100dA_100Mss_bobN1M18-0011.txt	4.09	30.27	555.31	13.68	38460.00	1231.11	3.011400e+05	9.976942e+01	6.543927e+00	705.70	140.997506	4649	6.670e-02
300kHz_100dA_100Mss_bobN1M18-0012.txt	4.54	31.62	556.70	13.70	38460.00	1231.82	3.011400e+05	9.985030e+01	6.544271e+00	707.19	141.192455	4649	6.736e-02
300kHz_100dA_100Mss_bobN1M18-0013.txt	4.99	32.97	558.31	13.66	38460.00	1235.19	3.011400e+05	1.001465e+02	6.543208e+00	706.46	140.590311	4649	6.611e-02
300kHz_100dA_100Mss_bobN1M18-0014.txt	5.43	34.29	560.53	13.65	38460.00	1235.70	3.011400e+05	1.002922e+02	6.543326e+00	707.80	140.657699	4649	6.651e-02
300kHz_100dA_100Mss_bobN1M18-0015.txt	5.9	35.70	560.33	13.59	38460.00	1238.80	3.011400e+05	1.005002e+02	6.541566e+00	704.58	139.662360	4649	6.667e-02
300kHz_100dA_100Mss_bobN1M18-0016.txt	6.35	37.05	561.78	13.64	38460.00	1236.93	3.011400e+05	1.004369e+02	6.543184e+00	708.45	140.577291	4649	6.992e-02
300kHz_100dA_100Mss_bobN1M18-0017.txt	6.82	38.46	561.45	13.60	38460.00	1237.03	3.011400e+05	1.004619e+02	6.541992e+00	705.45	139.903153	4649	6.770e-02
300kHz_100dA_100Mss_bobN1M18-0018.txt	7.29	39.81	561.36	13.56	38460.00	1239.50	3.011400e+05	1.006204e+02	6.540638e+00	702.95	139.137892	4649	6.814e-02
300kHz_100dA_100Mss_bobN1M18-0019.txt	8.23	42.42	565.72	13.48	38460.00	1245.62	3.011400e+05	1.013111e+02	6.538856e+00	702.98	138.132045	4649	6.935e-02
300kHz_100dA_100Mss_bobN1M18-0020.txt	8.68	43.64	565.25	13.51	38460.00	1241.72	3.011400e+05	1.010149e+02	6.539705e+00	703.20	138.610620	4649	6.902e-02
300kHz_100dA_100Mss_bobN1M18-0021.txt	9.14	44.85	564.06	13.50	38460.00	1239.49	3.011400e+05	1.008349e+02	6.539659e+00	701.82	138.584522	4649	6.961e-02
300kHz_100dA_100Mss_bobN1M18-0022.txt	9.6	46.00	564.84	13.48	38460.00	1241.11	3.011400e+05	1.009861e+02	6.539024e+00	701.18	138.226147	4649	6.970e-02
300kHz_100dA_100Mss_bobN1M18-0023.txt	10.05	47.12	564.70	13.44	38460.00	1242.29	3.011400e+05	1.010790e+02	6.538015e+00	699.11	137.656073	4649	6.996e-02
300kHz_100dA_100Mss_bobN1M18-0024.txt	10.51	48.22	565.31	13.37	38460.00	1244.31	3.011400e+05	1.013685e+02	6.536163e+00	696.13	136.611058	4649	7.075e-02
300kHz_100dA_100Mss_bobN1M18-0025.txt	10.96	49.30	564.33	13.40	38460.00	1239.24	3.011400e+05	1.009456e+02	6.536990e+00	695.44	137.077471	4649	7.087e-02
300kHz_100dA_100Mss_bobN1M18-0026.txt	11.4	50.36	563.91	13.36	38460.00	1242.41	3.011400e+05	1.011900e+02	6.535829e+00	694.01	136.423512	4649	7.135e-02
300kHz_100dA_100Mss_bobN1M18-0027.txt	11.85	51.44	564.40	13.33	38460.00	1241.64	3.011400e+05	1.011861e+02	6.535157e+00	692.17	136.044186	4649	7.188e-02
300kHz_100dA_100Mss_bobN1M18-0028.txt	12.33	52.46	565.45	13.29	38460.00	1243.40	3.011400e+05	1.013925e+02	6.534497e+00	691.81	135.673322	4649	7.217e-02
300kHz_100dA_100Mss_bobN1M18-0029.txt	12.78	53.36	563.99	13.26	38460.00	1244.01	3.011400e+05	1.014050e+02	6.533323e+00	688.73	135.011990	4649	7.226e-02
300kHz_100dA_100Mss_bobN1M18-0030.txt	13.24	54.23	562.97	13.31	38460.00	1238.62	3.011400e+05	1.009455e+02	6.534762e+00	689.47	135.822881	4649	7.105e-02
300kHz_100dA_100Mss_bobN1M18-0031.txt	13.69	55.04	563.40	13.23	38460.00	1241.55	3.011400e+05	1.012552e+02	6.532590e+00	685.73	134.599648	4649	7.277e-02
300kHz_100dA_100Mss_bobN1M18-0032.txt	14.14	55.77	562.40	13.25	38460.00	1236.78	3.011400e+05	1.008738e+02	6.533311e+00	685.09	135.005024	4649	7.216e-02
300kHz_100dA_100Mss_bobN1M18-0033.txt	14.59	56.31	562.43	13.19	38460.00	1239.25	3.011400e+05	1.011143e+02	6.532006e+00	683.21	134.271276	4649	7.327e-02
300kHz_100dA_100Mss_bobN1M18-0034.txt	15.04	56.83	561.35	13.13	38460.00	1238.98	3.011400e+05	1.011279e+02	6.530046e+00	678.03	133.169127	4649	7.153e-02
300kHz_100dA_100Mss_bobN1M18-0035.txt	15.49	57.19	558.90	13.15	38460.00	1235.32	3.011400e+05	1.007959e+02	6.530267e+00	676.40	133.294220	4649	7.129e-02
300kHz_100dA_100Mss_bobN1M18-0036.txt	15.94	57.55	559.88	13.09	38460.00	1238.45	3.011400e+05	1.010853e+02	6.528781e+00	674.34	132.458585	4649	7.334e-02
300kHz_100dA_100Mss_bobN1M18-0037.txt	16.41	58.58	560.14	13.06	38460.00	1239.38	3.011400e+05	1.011741e+02	6.528477e+00	674.12	132.288116	4649	7.328e-02
300kHz_100dA_100Mss_bobN1M18-0038.txt	17.36	60.32	557.44	13.04	38460.00	1231.04	3.011400e+05	1.005779e+02	6.527895e+00	668.59	131.961549	4649	7.223e-02
300kHz_100dA_100Mss_bobN1M18-0039.txt	17.83	60.75	557.07	13.00	38460.00	1233.43	3.011400e+05	1.007307e+02	6.526631e+00	666.21	131.252375	4649	7.105e-02
300kHz_100dA_100Mss_bobN1M18-0040.txt	18.29	61.10	557.08	12.93	38460.00	1237.72	3.011400e+05	1.011126e+02	6.524732e+00	663.62	130.187257	4649	7.111e-02
300kHz_100dA_100Mss_bobN1M18-0041.txt	18.75	61.42	556.25	12.96	38460.00	1235.84	3.011400e+05	1.009434e+02	6.525296e+00	664.03	130.502578	4649	7.223e-02
300kHz_100dA_100Mss_bobN1M18-0042.txt	19.21	61.62	556.45	12.91	38460.00	1235.40	3.011400e+05	1.009645e+02	6.524439e+00	661.86	130.022526	4649	7.139e-02
300kHz_100dA_100Mss_bobN1M18-0043.txt	19.66	61.67	555.87	12.90	38460.00	1236.79	3.011400e+05	1.010699e+02	6.523948e+00	661.23	129.747459	4649	7.097e-02
300kHz_100dA_100Mss_bobN1M18-0044.txt	20.11	61.68	553.98	12.93	38460.00	1231.67	3.011400e+05	1.006324e+02	6.524751e+00	660.52	130.197534	4649	7.068e-02
300kHz_100dA_100Mss_bobN1M18-0045.txt	20.56	61.59	555.07	12.86	38460.00	1237.36	3.011400e+05	1.011253e+02	6.522579e+00	657.90	128.980927	4649	7.151e-02
300kHz_100dA_100Mss_bobN1M18-0046.txt	21.02	61.50	555.80	12.84	38460.00	1239.23	3.011400e+05	1.012635e+02	6.522272e+00	657.98	128.808928	4649	7.204e-02
300kHz_100dA_100Mss_bobN1M18-0047.txt	21.5	61.45	555.81	12.84	38460.00	1238.78	3.011400e+05	1.012678e+02	6.522198e+00	657.80	128.767068	4649	7.236e-02
300kHz_100dA_100Mss_bobN1M18-0048.txt	21.95	61.40	555.56	12.78	38460.00	1242.50	3.011400e+05	1.015506e+02	6.520465e+00	654.95	127.797768	4649	7.242e-02
300kHz_100dA_100Mss_bobN1M18-0049.txt	22.41	61.52	555.97	12.75	38460.00	1244.26	3.011400e+05	1.017246e+02	6.520070e+00	655.00	127.576727	4649	7.269e-02
300kHz_100dA_100Mss_bobN1M18-0050.txt	22.85	61.66	555.78	12.76	38460.00	1244.45	3.011400e+05	1.017340e+02	6.519918e+00	654.65	127.490773	4649	7.298e-02
300kHz_100dA_100Mss_bobN1M18-0051.txt	23.3	61.73	555.45	12.74	38460.00	1245.41	3.011400e+05	1.017891e+02	6.519568e+00	654.05	127.295656	4649	7.279e-02
300kHz_100dA_100Mss_bobN1M18-0052.txt	23.75	61.78	556.50	12.75	38460.00	1244.25	3.011400e+05	1.017746e+02	6.520166e+00	655.58	127.630281	4649	7.364e-02
300kHz_100dA_100Mss_bobN1M18-0053.txt	24.2	61.78	556.38	12.69	38460.00	1248.26	3.011400e+05	1.020627e+02	6.518321e+00	652.41	126.598014	4649	7.382e-02
300kHz_100dA_100Mss_bobN1M18-0054.txt	24.65	61.74	556.92	12.68	38460.00	1248.55	3.011400e+05	1.021577e+02	6.518047e+00	652.28	126.445369	4649	7.367e-02
300kHz_100dA_100Mss_bobN1M18-0055.txt	25.11	61.71	556.56	12.66	38460.00	1248.80	3.011400e+05	1.021661e+02	6.517643e+00	651.23	126.219192	4649	7.397e-02
300kHz_100dA_100Mss_bobN1M18-0056.txt	25.56	61.76	557.13	12.66	38460.00	1249.29	3.011400e+05	1.022182e+02	6.517895e+00	652.25	126.360459	4649	7.390e-02
300kHz_100dA_100Mss_bobN1M18-0057.txt	26.49	61.85	557.11	12.64	38460.00	1251.58	3.012048e+05	1.024095e+02	6.517139e+00	651.54	125.938846	4648	7.575e-02
300kHz_100dA_100Mss_bobN1M18-0058.txt	26.94	61.89	555.43	12.56	38460.00	1257.56	3.011400e+05	1.027838e+02	6.514077e+00	645.38	124.229684	4649	7.570e-02
300kHz_100dA_100Mss_bobN1M18-0059.txt	27.39	62.06	557.27	12.58	38460.00	1257.20	3.011400e+05	1.028526e+02	6.515371e+00	649.36	124.951634	4649	7.463e-02
300kHz_100dA_100Mss_bobN1M18-0060.txt	27.86	62.24	556.49	12.54	38460.00	1257.90	3.011400e+05	1.028746e+02	6.514136e+00	646.11	124.262202	4649	7.608e-02
300kHz_100dA_100Mss_bobN1M18-0061.txt	28.31	62.36	557.21	12.55	38460.00	1257.94	3.011400e+05	1.029178e+02	6.514543e+00	647.50	124.489537	4649	7.546e-02
300kHz_100dA_100Mss_bobN1M18-0062.txt	28.77	62.45	556.37	12.52	38460.00	1260.01	3.011400e+05	1.030182e+02	6.513272e+00	644.64	123.781788	4649	7.588e-02
