# Configuracion:
# Concentracion g/m^3_=_22500.0
# C_Vs_to_Am_M_A/Vsm_=_59384043850.047264
# pendiente_HvsI_1/m_=_3716.3
# ordenada_HvsI_A/m_=_1297.0
# frecuencia_ref_Hz_=_301540.168836097
# 
Resultados:
# tau_ns_=_(1.02+/-0.05)e+02
# dphi_rad_=_6.47+/-0.01
# SAR_W/g_=_791.23+/-35.40
# Hc_kA/m_=_13.49+/-0.49
# Mr_A/m_=_672.41+/-5.05
# Magnetizacion_max_=_1455.12+/-10.90
# Suceptibilidad_a_M=0_=_(9.286+/-0.289)e-02

Nombre_archivo	Time_m_(s)	Temperatura_(ºC)	Mr_(A/m)	Hc_(kA/m)	Campo_max_(A/m)	Mag_max_(A/m)	f0	mag0	dphi0	SAR_(W/g)	Tau_(ns)	N	xi_M_0
300kHz_125dA_100Mss_bobN1M18-0013.txt	7.73	25.35	664.90	14.42	47750.75	1443.39	3.015292e+05	1.204862e+02	6.491371e+00	849.43	111.499975	4643	8.516e-02
300kHz_125dA_100Mss_bobN1M18-0014.txt	8.18	26.40	670.75	14.35	47750.75	1451.15	3.015292e+05	1.212531e+02	6.490272e+00	850.38	110.893869	4643	8.779e-02
300kHz_125dA_100Mss_bobN1M18-0015.txt	8.63	26.40	674.44	14.35	47750.75	1451.30	3.015292e+05	1.214139e+02	6.490514e+00	852.49	111.027746	4643	8.891e-02
300kHz_125dA_100Mss_bobN1M18-0016.txt	9.09	26.75	677.52	14.31	47750.75	1453.25	3.015292e+05	1.217012e+02	6.489917e+00	852.08	110.698529	4643	8.948e-02
300kHz_125dA_100Mss_bobN1M18-0017.txt	9.57	28.62	679.69	14.31	47750.75	1455.55	3.015292e+05	1.219394e+02	6.489766e+00	853.14	110.615382	4643	9.012e-02
300kHz_125dA_100Mss_bobN1M18-0018.txt	10.02	30.37	680.55	14.27	47750.75	1456.55	3.015292e+05	1.220619e+02	6.489222e+00	851.78	110.315784	4643	9.084e-02
300kHz_125dA_100Mss_bobN1M18-0019.txt	10.93	33.74	681.10	14.13	47750.75	1459.33	3.015292e+05	1.224179e+02	6.486126e+00	841.60	108.611156	4643	8.746e-02
300kHz_125dA_100Mss_bobN1M18-0020.txt	11.38	36.70	681.97	14.00	47750.75	1460.85	3.015292e+05	1.226870e+02	6.483868e+00	834.19	107.368445	4643	8.831e-02
300kHz_125dA_100Mss_bobN1M18-0021.txt	11.84	39.96	682.82	14.02	47750.75	1460.10	3.015292e+05	1.226347e+02	6.484560e+00	836.68	107.749307	4643	8.859e-02
300kHz_125dA_100Mss_bobN1M18-0022.txt	12.28	42.02	682.79	14.01	47750.75	1457.58	3.015292e+05	1.224729e+02	6.484323e+00	834.60	107.619681	4643	8.926e-02
300kHz_125dA_100Mss_bobN1M18-0023.txt	12.77	43.64	682.41	13.87	47750.75	1462.92	3.015292e+05	1.229515e+02	6.481354e+00	825.66	105.988522	4643	9.093e-02
300kHz_125dA_100Mss_bobN1M18-0024.txt	13.22	44.99	680.92	13.96	47750.75	1451.07	3.015292e+05	1.220084e+02	6.483612e+00	828.54	107.229955	4643	9.003e-02
300kHz_125dA_100Mss_bobN1M18-0025.txt	13.67	46.21	679.39	13.84	47750.75	1451.41	3.015292e+05	1.220850e+02	6.481229e+00	819.33	105.920473	4643	9.100e-02
300kHz_125dA_100Mss_bobN1M18-0026.txt	14.13	47.36	677.04	13.83	47750.75	1449.13	3.015292e+05	1.218578e+02	6.480669e+00	815.52	105.613393	4643	9.082e-02
300kHz_125dA_100Mss_bobN1M18-0027.txt	14.57	48.24	676.33	13.81	47750.75	1444.15	3.015292e+05	1.215247e+02	6.480596e+00	813.00	105.573886	4643	9.150e-02
300kHz_125dA_100Mss_bobN1M18-0028.txt	15.03	49.14	675.10	13.68	47750.75	1445.45	3.015292e+05	1.217010e+02	6.478206e+00	804.45	104.262351	4643	9.309e-02
300kHz_125dA_100Mss_bobN1M18-0029.txt	15.48	49.72	674.30	13.67	47750.75	1443.29	3.015292e+05	1.215295e+02	6.478152e+00	803.09	104.232616	4643	9.278e-02
300kHz_125dA_100Mss_bobN1M18-0030.txt	15.93	50.31	672.65	13.68	47750.75	1440.87	3.015292e+05	1.213201e+02	6.477840e+00	800.44	104.063338	4643	9.405e-02
300kHz_125dA_100Mss_bobN1M18-0031.txt	16.38	50.55	672.22	13.58	47750.75	1440.20	3.015292e+05	1.213564e+02	6.476158e+00	793.85	103.140321	4643	9.472e-02
300kHz_125dA_100Mss_bobN1M18-0032.txt	16.85	50.74	672.08	13.57	47750.75	1441.26	3.015292e+05	1.214101e+02	6.475874e+00	793.05	102.985543	4643	9.491e-02
300kHz_125dA_100Mss_bobN1M18-0033.txt	17.35	51.22	671.57	13.57	47750.75	1438.35	3.015292e+05	1.212441e+02	6.475800e+00	791.66	102.945478	4643	9.506e-02
300kHz_125dA_100Mss_bobN1M18-0034.txt	17.83	51.80	670.68	13.56	47750.75	1438.16	3.015292e+05	1.211800e+02	6.475460e+00	789.87	102.759032	4643	9.438e-02
300kHz_125dA_100Mss_bobN1M18-0035.txt	18.28	52.22	671.07	13.49	47750.75	1441.07	3.015292e+05	1.214665e+02	6.474144e+00	786.38	102.038856	4643	9.532e-02
300kHz_125dA_100Mss_bobN1M18-0036.txt	18.73	52.58	671.10	13.50	47750.75	1442.70	3.015292e+05	1.215592e+02	6.474166e+00	787.07	102.053071	4643	9.608e-02
300kHz_125dA_100Mss_bobN1M18-0037.txt	19.18	53.00	670.49	13.39	47750.75	1446.76	3.015292e+05	1.219340e+02	6.471926e+00	780.34	100.827896	4643	9.377e-02
300kHz_125dA_100Mss_bobN1M18-0038.txt	20.15	53.96	670.85	13.37	47750.75	1445.36	3.015292e+05	1.219062e+02	6.471543e+00	778.60	100.617094	4643	9.150e-02
300kHz_125dA_100Mss_bobN1M18-0039.txt	20.6	54.14	670.03	13.34	47750.75	1447.16	3.015292e+05	1.220006e+02	6.470812e+00	776.22	100.216366	4643	9.391e-02
300kHz_125dA_100Mss_bobN1M18-0040.txt	21.05	54.30	670.71	13.32	47750.75	1449.48	3.015292e+05	1.222241e+02	6.470447e+00	776.14	100.016890	4643	9.146e-02
300kHz_125dA_100Mss_bobN1M18-0041.txt	21.49	54.35	670.37	13.30	47750.75	1448.79	3.015292e+05	1.221832e+02	6.470116e+00	774.53	99.834414	4643	9.461e-02
300kHz_125dA_100Mss_bobN1M18-0042.txt	21.93	54.39	670.40	13.22	47750.75	1454.83	3.015292e+05	1.226436e+02	6.468603e+00	771.23	99.006036	4643	9.166e-02
300kHz_125dA_100Mss_bobN1M18-0043.txt	22.38	54.36	670.02	13.29	47750.75	1450.79	3.015292e+05	1.223131e+02	6.469630e+00	773.36	99.567584	4643	9.411e-02
300kHz_125dA_100Mss_bobN1M18-0044.txt	22.82	54.32	670.35	13.18	47750.75	1458.47	3.015292e+05	1.229808e+02	6.467389e+00	768.35	98.343029	4643	9.498e-02
300kHz_125dA_100Mss_bobN1M18-0045.txt	23.27	54.25	669.81	13.11	47750.75	1460.37	3.015292e+05	1.231357e+02	6.466231e+00	764.53	97.709283	4643	9.290e-02
300kHz_125dA_100Mss_bobN1M18-0046.txt	23.71	54.16	669.80	13.13	47750.75	1456.68	3.015292e+05	1.228653e+02	6.466840e+00	765.36	98.042477	4643	9.248e-02
300kHz_125dA_100Mss_bobN1M18-0047.txt	24.17	53.98	669.30	13.23	47750.75	1454.18	3.015292e+05	1.225699e+02	6.468428e+00	770.04	98.910782	4643	9.455e-02
300kHz_125dA_100Mss_bobN1M18-0048.txt	24.64	53.65	669.28	13.08	47750.75	1458.60	3.015292e+05	1.230321e+02	6.465460e+00	760.71	97.289534	4643	9.428e-02
300kHz_125dA_100Mss_bobN1M18-0049.txt	25.11	53.37	669.18	13.08	47750.75	1459.15	3.015292e+05	1.230446e+02	6.465458e+00	760.77	97.288874	4643	9.399e-02
300kHz_125dA_100Mss_bobN1M18-0050.txt	25.57	53.23	669.23	13.03	47750.75	1462.30	3.015292e+05	1.233198e+02	6.464523e+00	758.61	96.778461	4643	9.415e-02
300kHz_125dA_100Mss_bobN1M18-0051.txt	26.02	53.10	668.22	13.01	47750.75	1462.79	3.015292e+05	1.233814e+02	6.464070e+00	757.11	96.531416	4643	9.317e-02
300kHz_125dA_100Mss_bobN1M18-0052.txt	26.5	53.15	667.94	13.01	47750.75	1463.59	3.015292e+05	1.233811e+02	6.464016e+00	756.89	96.501805	4643	9.426e-02
300kHz_125dA_100Mss_bobN1M18-0053.txt	26.95	53.20	667.96	12.95	47750.75	1468.55	3.015292e+05	1.238162e+02	6.462425e+00	752.94	95.634042	4643	9.393e-02
300kHz_125dA_100Mss_bobN1M18-0054.txt	27.41	53.53	667.56	12.83	47750.75	1472.58	3.015292e+05	1.242147e+02	6.460321e+00	746.60	94.487937	4643	9.667e-02
300kHz_125dA_100Mss_bobN1M18-0055.txt	27.9	53.92	667.25	13.03	47750.75	1464.83	3.015292e+05	1.234274e+02	6.463991e+00	757.07	96.489076	4643	9.446e-02
300kHz_125dA_100Mss_bobN1M18-0056.txt	28.35	54.42	667.19	12.86	47750.75	1475.39	3.015292e+05	1.243445e+02	6.460569e+00	748.41	94.623270	4643	9.678e-02
300kHz_125dA_100Mss_bobN1M18-0057.txt	29.28	55.76	667.26	12.82	47750.75	1472.83	3.015292e+05	1.241981e+02	6.460045e+00	745.34	94.337458	4643	9.640e-02
300kHz_125dA_100Mss_bobN1M18-0058.txt	29.73	56.66	666.99	12.86	47750.75	1474.30	3.015292e+05	1.242410e+02	6.460629e+00	748.04	94.657099	4643	9.638e-02
300kHz_125dA_100Mss_bobN1M18-0059.txt	30.2	57.44	666.12	12.72	47750.75	1480.94	3.015292e+05	1.248182e+02	6.457567e+00	738.68	92.987889	4643	9.893e-02
300kHz_125dA_100Mss_bobN1M18-0060.txt	30.65	57.98	666.05	12.76	47750.75	1477.93	3.015292e+05	1.245820e+02	6.458374e+00	740.65	93.427569	4643	9.733e-02
