# Configuracion:
# Concentracion g/m^3_=_22500.0
# C_Vs_to_Am_M_A/Vsm_=_59384043850.047264
# pendiente_HvsI_1/m_=_3716.3
# ordenada_HvsI_A/m_=_1297.0
# frecuencia_ref_Hz_=_301181.82774305507
# 
Resultados:
# tau_ns_=_(1.33+/-0.06)e+02
# dphi_rad_=_6.53+/-0.01
# SAR_W/g_=_685.25+/-19.25
# Hc_kA/m_=_13.12+/-0.38
# Mr_A/m_=_565.89+/-5.47
# Magnetizacion_max_=_1255.89+/-12.46
# Suceptibilidad_a_M=0_=_(7.203+/-0.330)e-02

Nombre_archivo	Time_m_(s)	Temperatura_(ºC)	Mr_(A/m)	Hc_(kA/m)	Campo_max_(A/m)	Mag_max_(A/m)	f0	mag0	dphi0	SAR_(W/g)	Tau_(ns)	N	xi_M_0
300kHz_100dA_100Mss_bobN1M18-0007.txt	2.36	24.30	544.55	13.72	38460.00	1219.94	3.011400e+05	9.850651e+01	6.545028e+00	699.65	141.628393	4649	6.303e-02
300kHz_100dA_100Mss_bobN1M18-0008.txt	2.81	26.55	551.03	13.66	38460.00	1230.71	3.011400e+05	9.954376e+01	6.543122e+00	701.98	140.549142	4649	6.435e-02
300kHz_100dA_100Mss_bobN1M18-0009.txt	3.27	28.34	553.59	13.72	38460.00	1227.45	3.011400e+05	9.933564e+01	6.545238e+00	706.09	141.747859	4649	6.506e-02
300kHz_100dA_100Mss_bobN1M18-0010.txt	3.72	29.73	555.57	13.67	38460.00	1231.22	3.011400e+05	9.970075e+01	6.543752e+00	704.76	140.906217	4649	6.598e-02
300kHz_100dA_100Mss_bobN1M18-0011.txt	4.23	31.29	557.42	13.68	38460.00	1233.18	3.011400e+05	9.992193e+01	6.544129e+00	707.32	141.120136	4649	6.557e-02
300kHz_100dA_100Mss_bobN1M18-0012.txt	4.7	32.70	559.54	13.63	38460.00	1236.90	3.011400e+05	1.002976e+02	6.542941e+00	706.82	140.446869	4649	6.681e-02
300kHz_100dA_100Mss_bobN1M18-0013.txt	5.16	34.06	561.41	13.64	38460.00	1238.05	3.011400e+05	1.003791e+02	6.543278e+00	708.29	140.638573	4649	6.720e-02
300kHz_100dA_100Mss_bobN1M18-0014.txt	5.63	35.43	562.87	13.59	38460.00	1243.01	3.011400e+05	1.008219e+02	6.542093e+00	708.24	139.967505	4649	6.796e-02
300kHz_100dA_100Mss_bobN1M18-0015.txt	6.08	36.73	563.42	13.57	38460.00	1244.91	3.011400e+05	1.010105e+02	6.541420e+00	707.77	139.587430	4649	6.826e-02
300kHz_100dA_100Mss_bobN1M18-0016.txt	6.55	38.10	564.89	13.59	38460.00	1242.64	3.011400e+05	1.008833e+02	6.542271e+00	709.15	140.068267	4649	6.892e-02
300kHz_100dA_100Mss_bobN1M18-0017.txt	7.0	39.40	565.20	13.58	38460.00	1243.68	3.011400e+05	1.009894e+02	6.541893e+00	708.89	139.854922	4649	6.834e-02
300kHz_100dA_100Mss_bobN1M18-0018.txt	7.45	40.03	566.24	13.53	38460.00	1248.14	3.011400e+05	1.013676e+02	6.540131e+00	706.80	138.859390	4649	6.929e-02
300kHz_100dA_100Mss_bobN1M18-0019.txt	8.37	41.84	569.38	13.42	38460.00	1255.19	3.011400e+05	1.020536e+02	6.537421e+00	704.24	137.329857	4649	7.130e-02
300kHz_100dA_100Mss_bobN1M18-0020.txt	8.82	43.10	568.47	13.47	38460.00	1250.60	3.011400e+05	1.016964e+02	6.538504e+00	704.70	137.940266	4649	7.101e-02
300kHz_100dA_100Mss_bobN1M18-0021.txt	9.29	44.35	570.48	13.41	38460.00	1255.40	3.011400e+05	1.021471e+02	6.537321e+00	704.62	137.271671	4649	7.242e-02
300kHz_100dA_100Mss_bobN1M18-0022.txt	9.79	45.65	569.96	13.44	38460.00	1250.65	3.011400e+05	1.017554e+02	6.538750e+00	705.78	138.079148	4649	7.053e-02
300kHz_100dA_100Mss_bobN1M18-0023.txt	10.24	46.80	570.36	13.41	38460.00	1254.03	3.011400e+05	1.020532e+02	6.537260e+00	703.80	137.239255	4649	7.212e-02
300kHz_100dA_100Mss_bobN1M18-0024.txt	10.69	47.92	570.97	13.39	38460.00	1255.92	3.011400e+05	1.022258e+02	6.536963e+00	704.19	137.070216	4649	7.218e-02
300kHz_100dA_100Mss_bobN1M18-0025.txt	11.14	49.18	571.31	13.32	38460.00	1258.99	3.011400e+05	1.024840e+02	6.534921e+00	700.41	135.920393	4649	7.314e-02
300kHz_100dA_100Mss_bobN1M18-0026.txt	11.59	50.71	571.39	13.32	38460.00	1257.43	3.011400e+05	1.024490e+02	6.535067e+00	700.57	136.002157	4649	7.346e-02
300kHz_100dA_100Mss_bobN1M18-0027.txt	12.03	52.16	572.04	13.30	38460.00	1257.73	3.011400e+05	1.025008e+02	6.534692e+00	699.90	135.791617	4649	7.321e-02
300kHz_100dA_100Mss_bobN1M18-0028.txt	12.49	53.13	571.85	13.30	38460.00	1257.89	3.011400e+05	1.024930e+02	6.534811e+00	700.17	135.857552	4649	7.330e-02
300kHz_100dA_100Mss_bobN1M18-0029.txt	12.96	54.12	572.34	13.27	38460.00	1257.28	3.011400e+05	1.025042e+02	6.534107e+00	698.33	135.461242	4649	7.355e-02
300kHz_100dA_100Mss_bobN1M18-0030.txt	13.43	54.67	572.36	13.23	38460.00	1259.30	3.011400e+05	1.026866e+02	6.532855e+00	696.15	134.756082	4649	7.248e-02
300kHz_100dA_100Mss_bobN1M18-0031.txt	13.91	55.20	571.93	13.17	38460.00	1262.30	3.011400e+05	1.029463e+02	6.531031e+00	692.92	133.730226	4649	7.443e-02
300kHz_100dA_100Mss_bobN1M18-0032.txt	14.36	56.20	571.96	13.15	38460.00	1261.35	3.011400e+05	1.028707e+02	6.530968e+00	692.24	133.695876	4649	7.107e-02
300kHz_100dA_100Mss_bobN1M18-0033.txt	14.82	57.35	571.64	13.14	38460.00	1260.50	3.011400e+05	1.028238e+02	6.530564e+00	690.82	133.468985	4649	7.118e-02
300kHz_100dA_100Mss_bobN1M18-0034.txt	15.27	58.29	571.02	13.08	38460.00	1261.47	3.011400e+05	1.029651e+02	6.528975e+00	687.41	132.575208	4649	7.164e-02
300kHz_100dA_100Mss_bobN1M18-0035.txt	15.72	59.10	571.13	13.07	38460.00	1261.19	3.011400e+05	1.029449e+02	6.528618e+00	686.30	132.374011	4649	7.356e-02
300kHz_100dA_100Mss_bobN1M18-0036.txt	16.18	59.71	570.21	13.07	38460.00	1260.92	3.011400e+05	1.028926e+02	6.528738e+00	686.28	132.441973	4649	7.341e-02
300kHz_100dA_100Mss_bobN1M18-0037.txt	16.67	60.00	569.11	13.05	38460.00	1258.38	3.011400e+05	1.027061e+02	6.528065e+00	683.20	132.063702	4649	7.247e-02
300kHz_100dA_100Mss_bobN1M18-0038.txt	17.57	61.17	567.42	12.98	38460.00	1258.13	3.011400e+05	1.027232e+02	6.526310e+00	678.51	131.079449	4649	7.156e-02
300kHz_100dA_100Mss_bobN1M18-0039.txt	18.02	61.93	568.25	12.93	38460.00	1257.61	3.011400e+05	1.027485e+02	6.525589e+00	676.71	130.674436	4649	7.254e-02
300kHz_100dA_100Mss_bobN1M18-0040.txt	18.48	62.62	566.67	12.93	38460.00	1256.86	3.011400e+05	1.026902e+02	6.525129e+00	675.06	130.417211	4649	7.301e-02
300kHz_100dA_100Mss_bobN1M18-0041.txt	18.93	63.30	565.85	12.95	38460.00	1254.38	3.011400e+05	1.024550e+02	6.525714e+00	675.12	130.745354	4649	7.265e-02
300kHz_100dA_100Mss_bobN1M18-0042.txt	19.39	63.75	565.12	12.89	38460.00	1257.06	3.011400e+05	1.026712e+02	6.524126e+00	672.19	129.854898	4649	7.321e-02
300kHz_100dA_100Mss_bobN1M18-0043.txt	19.85	64.16	565.71	12.83	38460.00	1259.31	3.011400e+05	1.029067e+02	6.522664e+00	669.73	129.036530	4649	7.294e-02
300kHz_100dA_100Mss_bobN1M18-0044.txt	20.3	64.48	565.07	12.86	38460.00	1255.24	3.011400e+05	1.025924e+02	6.523382e+00	669.65	129.438092	4649	7.298e-02
300kHz_100dA_100Mss_bobN1M18-0045.txt	20.76	64.76	565.17	12.81	38460.00	1257.12	3.011400e+05	1.027393e+02	6.522242e+00	667.48	128.799625	4649	7.308e-02
300kHz_100dA_100Mss_bobN1M18-0046.txt	21.2	65.12	565.15	12.77	38460.00	1261.70	3.011400e+05	1.031003e+02	6.520947e+00	666.27	128.075359	4649	7.408e-02
300kHz_100dA_100Mss_bobN1M18-0047.txt	21.69	65.66	564.27	12.78	38460.00	1259.22	3.011400e+05	1.028875e+02	6.521250e+00	665.72	128.244507	4649	7.382e-02
300kHz_100dA_100Mss_bobN1M18-0048.txt	22.15	66.15	564.83	12.75	38460.00	1261.82	3.011400e+05	1.031361e+02	6.520348e+00	664.85	127.740390	4649	7.414e-02
300kHz_100dA_100Mss_bobN1M18-0049.txt	22.6	66.60	564.73	12.72	38460.00	1263.05	3.011400e+05	1.032290e+02	6.519459e+00	663.00	127.243409	4649	7.542e-02
300kHz_100dA_100Mss_bobN1M18-0050.txt	23.07	67.04	564.72	12.71	38460.00	1263.70	3.011400e+05	1.033220e+02	6.519159e+00	662.77	127.074441	4649	7.542e-02
300kHz_100dA_100Mss_bobN1M18-0051.txt	23.51	67.31	564.71	12.68	38460.00	1265.43	3.011400e+05	1.034646e+02	6.518100e+00	660.76	126.484428	4649	7.519e-02
300kHz_100dA_100Mss_bobN1M18-0052.txt	23.96	67.58	564.60	12.65	38460.00	1268.04	3.011400e+05	1.036527e+02	6.517339e+00	659.86	126.058380	4649	7.624e-02
300kHz_100dA_100Mss_bobN1M18-0053.txt	24.4	67.88	565.17	12.65	38460.00	1266.83	3.011400e+05	1.036182e+02	6.517674e+00	660.57	126.245734	4649	7.584e-02
300kHz_100dA_100Mss_bobN1M18-0054.txt	24.84	68.19	565.03	12.64	38460.00	1267.78	3.011400e+05	1.036691e+02	6.517525e+00	660.48	126.162931	4649	7.592e-02
300kHz_100dA_100Mss_bobN1M18-0055.txt	25.29	68.42	564.71	12.61	38460.00	1271.12	3.011400e+05	1.039159e+02	6.516235e+00	658.48	125.442305	4649	7.545e-02
300kHz_100dA_100Mss_bobN1M18-0056.txt	25.75	68.60	565.84	12.57	38460.00	1274.64	3.011400e+05	1.042195e+02	6.515176e+00	657.45	124.851729	4649	7.682e-02
300kHz_100dA_100Mss_bobN1M18-0057.txt	26.7	68.77	564.42	12.58	38460.00	1272.38	3.011400e+05	1.040312e+02	6.515370e+00	656.80	124.959234	4649	7.657e-02
300kHz_100dA_100Mss_bobN1M18-0058.txt	27.15	68.83	565.92	12.56	38460.00	1274.73	3.011400e+05	1.042625e+02	6.514829e+00	656.76	124.658035	4649	7.518e-02
300kHz_100dA_100Mss_bobN1M18-0059.txt	27.6	68.92	565.86	12.50	38460.00	1277.52	3.011400e+05	1.045004e+02	6.513339e+00	654.10	123.826823	4649	7.528e-02
300kHz_100dA_100Mss_bobN1M18-0060.txt	28.06	68.95	565.06	12.50	38460.00	1278.30	3.011400e+05	1.045341e+02	6.513061e+00	653.53	123.672196	4649	7.527e-02
