# Temperatura_=_53.33234042553191
# Concentracion g/m^3_=_22500.0
# C_Vs_to_Am_M_A/Vsm_=_59384043850.047264
# pendiente_HvsI_1/m_=_3716.3
# ordenada_HvsI_A/m_=_1297.0
# frecuencia_Hz_=_301443.230174711
# Promedio de 47 ciclos

Tiempo_(s)	Campo_(V.s)	Magnetizacion_(V.s)	Campo_(kA/m)	Magnetizacion_(A/m)
0.000000e+00	-6.684348e-09	-2.377498e-08	-4.764276e+01	-1.410937e+03
1.000000e-08	-6.681094e-09	-2.376319e-08	-4.761957e+01	-1.410550e+03
2.000000e-08	-6.675598e-09	-2.374998e-08	-4.758040e+01	-1.410015e+03
3.000000e-08	-6.668067e-09	-2.373521e-08	-4.752672e+01	-1.409312e+03
4.000000e-08	-6.658311e-09	-2.372097e-08	-4.745718e+01	-1.408428e+03
5.000000e-08	-6.646119e-09	-2.370260e-08	-4.737028e+01	-1.407359e+03
6.000000e-08	-6.631475e-09	-2.368587e-08	-4.726591e+01	-1.406111e+03
7.000000e-08	-6.614377e-09	-2.367033e-08	-4.714404e+01	-1.404696e+03
8.000000e-08	-6.594987e-09	-2.362551e-08	-4.700584e+01	-1.403126e+03
9.000000e-08	-6.573247e-09	-2.355827e-08	-4.685089e+01	-1.401408e+03
1.000000e-07	-6.548863e-09	-2.353970e-08	-4.667709e+01	-1.399544e+03
1.100000e-07	-6.521847e-09	-2.354648e-08	-4.648453e+01	-1.397530e+03
1.200000e-07	-6.492604e-09	-2.351958e-08	-4.627611e+01	-1.395359e+03
1.300000e-07	-6.461606e-09	-2.348277e-08	-4.605517e+01	-1.393029e+03
1.400000e-07	-6.428969e-09	-2.346308e-08	-4.582255e+01	-1.390541e+03
1.500000e-07	-6.394282e-09	-2.337807e-08	-4.557531e+01	-1.387897e+03
1.600000e-07	-6.357328e-09	-2.333256e-08	-4.531193e+01	-1.385099e+03
1.700000e-07	-6.318385e-09	-2.329780e-08	-4.503436e+01	-1.382142e+03
1.800000e-07	-6.277158e-09	-2.318138e-08	-4.474051e+01	-1.379018e+03
1.900000e-07	-6.233437e-09	-2.317181e-08	-4.442889e+01	-1.375711e+03
2.000000e-07	-6.187527e-09	-2.313041e-08	-4.410166e+01	-1.372209e+03
2.100000e-07	-6.139305e-09	-2.306369e-08	-4.375796e+01	-1.368506e+03
2.200000e-07	-6.088497e-09	-2.301880e-08	-4.339583e+01	-1.364605e+03
2.300000e-07	-6.035169e-09	-2.291285e-08	-4.301573e+01	-1.360521e+03
2.400000e-07	-5.979533e-09	-2.284833e-08	-4.261919e+01	-1.356269e+03
2.500000e-07	-5.921679e-09	-2.277134e-08	-4.220683e+01	-1.351861e+03
2.600000e-07	-5.861634e-09	-2.267630e-08	-4.177886e+01	-1.347295e+03
2.700000e-07	-5.799536e-09	-2.261578e-08	-4.133626e+01	-1.342556e+03
2.800000e-07	-5.735454e-09	-2.255194e-08	-4.087951e+01	-1.337614e+03
2.900000e-07	-5.669241e-09	-2.246795e-08	-4.040758e+01	-1.332440e+03
3.000000e-07	-5.600864e-09	-2.235646e-08	-3.992022e+01	-1.327010e+03
3.100000e-07	-5.530424e-09	-2.226613e-08	-3.941816e+01	-1.321319e+03
3.200000e-07	-5.458044e-09	-2.216065e-08	-3.890227e+01	-1.315380e+03
3.300000e-07	-5.383637e-09	-2.204377e-08	-3.837193e+01	-1.309220e+03
3.400000e-07	-5.307046e-09	-2.195664e-08	-3.782603e+01	-1.302868e+03
3.500000e-07	-5.228296e-09	-2.184504e-08	-3.726474e+01	-1.296341e+03
3.600000e-07	-5.147392e-09	-2.174092e-08	-3.668810e+01	-1.289638e+03
3.700000e-07	-5.064586e-09	-2.162447e-08	-3.609790e+01	-1.282734e+03
3.800000e-07	-4.980169e-09	-2.149584e-08	-3.549621e+01	-1.275592e+03
3.900000e-07	-4.894186e-09	-2.136551e-08	-3.488336e+01	-1.268173e+03
4.000000e-07	-4.806627e-09	-2.123565e-08	-3.425929e+01	-1.260452e+03
4.100000e-07	-4.717429e-09	-2.110929e-08	-3.362353e+01	-1.252424e+03
4.200000e-07	-4.626448e-09	-2.096427e-08	-3.297506e+01	-1.244107e+03
4.300000e-07	-4.533725e-09	-2.082372e-08	-3.231418e+01	-1.235534e+03
4.400000e-07	-4.439414e-09	-2.067718e-08	-3.164197e+01	-1.226732e+03
4.500000e-07	-4.343525e-09	-2.052496e-08	-3.095853e+01	-1.217718e+03
4.600000e-07	-4.246041e-09	-2.036334e-08	-3.026371e+01	-1.208483e+03
4.700000e-07	-4.146964e-09	-2.020275e-08	-2.955753e+01	-1.199002e+03
4.800000e-07	-4.046344e-09	-2.004452e-08	-2.884037e+01	-1.189240e+03
4.900000e-07	-3.944334e-09	-1.987722e-08	-2.811329e+01	-1.179164e+03
5.000000e-07	-3.840988e-09	-1.970116e-08	-2.737669e+01	-1.168760e+03
5.100000e-07	-3.736248e-09	-1.951782e-08	-2.663015e+01	-1.158034e+03
5.200000e-07	-3.630102e-09	-1.933293e-08	-2.587360e+01	-1.147007e+03
5.300000e-07	-3.522588e-09	-1.914185e-08	-2.510729e+01	-1.135703e+03
5.400000e-07	-3.413802e-09	-1.894489e-08	-2.433191e+01	-1.124138e+03
5.500000e-07	-3.303859e-09	-1.874426e-08	-2.354829e+01	-1.112307e+03
5.600000e-07	-3.192789e-09	-1.854378e-08	-2.275664e+01	-1.100188e+03
5.700000e-07	-3.080545e-09	-1.833618e-08	-2.195662e+01	-1.087747e+03
5.800000e-07	-2.967109e-09	-1.811790e-08	-2.114811e+01	-1.074953e+03
5.900000e-07	-2.852499e-09	-1.789320e-08	-2.033123e+01	-1.061788e+03
6.000000e-07	-2.736699e-09	-1.766657e-08	-1.950586e+01	-1.048257e+03
6.100000e-07	-2.619764e-09	-1.743435e-08	-1.867240e+01	-1.034381e+03
6.200000e-07	-2.501846e-09	-1.719393e-08	-1.783195e+01	-1.020185e+03
6.300000e-07	-2.383076e-09	-1.694913e-08	-1.698541e+01	-1.005685e+03
6.400000e-07	-2.263505e-09	-1.670053e-08	-1.613316e+01	-9.908783e+02
6.500000e-07	-2.143126e-09	-1.644664e-08	-1.527516e+01	-9.757391e+02
6.600000e-07	-2.021945e-09	-1.618468e-08	-1.441144e+01	-9.602307e+02
6.700000e-07	-1.900011e-09	-1.591472e-08	-1.354236e+01	-9.443180e+02
6.800000e-07	-1.777375e-09	-1.563929e-08	-1.266827e+01	-9.279816e+02
6.900000e-07	-1.654057e-09	-1.535901e-08	-1.178932e+01	-9.112242e+02
7.000000e-07	-1.530084e-09	-1.507128e-08	-1.090570e+01	-8.940655e+02
7.100000e-07	-1.405526e-09	-1.477630e-08	-1.001791e+01	-8.765277e+02
7.200000e-07	-1.280481e-09	-1.447454e-08	-9.126650e+00	-8.586173e+02
7.300000e-07	-1.155037e-09	-1.416614e-08	-8.232543e+00	-8.403121e+02
7.400000e-07	-1.029238e-09	-1.384864e-08	-7.335911e+00	-8.215598e+02
7.500000e-07	-9.031059e-10	-1.352045e-08	-6.436904e+00	-8.022901e+02
7.600000e-07	-7.766751e-10	-1.318559e-08	-5.535768e+00	-7.824343e+02
7.700000e-07	-6.499946e-10	-1.284387e-08	-4.632851e+00	-7.619452e+02
7.800000e-07	-5.231148e-10	-1.249035e-08	-3.728513e+00	-7.408038e+02
7.900000e-07	-3.960635e-10	-1.212416e-08	-2.822954e+00	-7.190095e+02
8.000000e-07	-2.688721e-10	-1.174663e-08	-1.916395e+00	-6.965543e+02
8.100000e-07	-1.415919e-10	-1.135594e-08	-1.009204e+00	-6.733891e+02
8.200000e-07	-1.426048e-11	-1.094881e-08	-1.016480e-01	-6.493986e+02
8.300000e-07	1.130830e-10	-1.052292e-08	8.059945e-01	-6.243951e+02
8.400000e-07	2.403795e-10	-1.007839e-08	1.713302e+00	-5.981375e+02
8.500000e-07	3.675830e-10	-9.611281e-09	2.619946e+00	-5.703690e+02
8.600000e-07	4.946580e-10	-9.114739e-09	3.525674e+00	-5.408573e+02
8.700000e-07	6.215581e-10	-8.583867e-09	4.430157e+00	-5.094168e+02
8.800000e-07	7.482435e-10	-8.017306e-09	5.333108e+00	-4.758951e+02
8.900000e-07	8.746767e-10	-7.414070e-09	6.234263e+00	-4.401198e+02
9.000000e-07	1.000814e-09	-6.765880e-09	7.133306e+00	-4.018201e+02
9.100000e-07	1.126629e-09	-6.065148e-09	8.030057e+00	-3.605489e+02
9.200000e-07	1.252101e-09	-5.301619e-09	8.924357e+00	-3.156450e+02
9.300000e-07	1.377192e-09	-4.460991e-09	9.815945e+00	-2.662641e+02
9.400000e-07	1.501842e-09	-3.529824e-09	1.070439e+01	-2.114937e+02
9.500000e-07	1.625955e-09	-2.496037e-09	1.158901e+01	-1.505384e+02
9.600000e-07	1.749438e-09	-1.353177e-09	1.246913e+01	-8.293922e+01
9.700000e-07	1.872254e-09	-9.961322e-11	1.334450e+01	-8.770211e+00
9.800000e-07	1.994380e-09	1.255263e-09	1.421496e+01	7.124177e+01
9.900000e-07	2.115731e-09	2.688552e-09	1.507989e+01	1.557162e+02
1.000000e-06	2.236261e-09	4.164706e-09	1.593897e+01	2.427478e+02
1.010000e-06	2.355990e-09	5.642902e-09	1.679234e+01	3.301414e+02
1.020000e-06	2.474911e-09	7.084440e-09	1.763995e+01	4.157040e+02
1.030000e-06	2.592962e-09	8.456657e-09	1.848136e+01	4.975249e+02
1.040000e-06	2.710042e-09	9.739399e-09	1.931585e+01	5.741860e+02
1.050000e-06	2.826017e-09	1.092076e-08	2.014246e+01	6.448596e+02
1.060000e-06	2.940804e-09	1.199941e-08	2.096061e+01	7.092871e+02
1.070000e-06	3.054405e-09	1.298006e-08	2.177030e+01	7.676593e+02
1.080000e-06	3.166824e-09	1.386885e-08	2.257157e+01	8.204445e+02
1.090000e-06	3.278096e-09	1.467153e-08	2.336466e+01	8.682157e+02
1.100000e-06	3.388278e-09	1.539711e-08	2.414998e+01	9.115193e+02
1.110000e-06	3.497388e-09	1.605560e-08	2.492766e+01	9.508082e+02
1.120000e-06	3.605309e-09	1.665140e-08	2.569687e+01	9.864376e+02
1.130000e-06	3.711902e-09	1.718845e-08	2.645662e+01	1.018703e+03
1.140000e-06	3.817076e-09	1.767429e-08	2.720625e+01	1.047889e+03
1.150000e-06	3.920806e-09	1.811732e-08	2.794558e+01	1.074309e+03
1.160000e-06	4.023146e-09	1.852162e-08	2.867501e+01	1.098305e+03
1.170000e-06	4.124103e-09	1.889094e-08	2.939459e+01	1.120233e+03
1.180000e-06	4.223575e-09	1.923050e-08	3.010357e+01	1.140419e+03
1.190000e-06	4.321414e-09	1.954565e-08	3.080092e+01	1.159123e+03
1.200000e-06	4.417593e-09	1.983661e-08	3.148644e+01	1.176526e+03
1.210000e-06	4.512221e-09	2.010539e-08	3.216090e+01	1.192733e+03
1.220000e-06	4.605399e-09	2.035501e-08	3.282502e+01	1.207804e+03
1.230000e-06	4.697045e-09	2.058832e-08	3.347823e+01	1.221786e+03
1.240000e-06	4.786939e-09	2.080598e-08	3.411895e+01	1.234747e+03
1.250000e-06	4.875003e-09	2.100852e-08	3.474663e+01	1.246784e+03
1.260000e-06	4.961348e-09	2.119802e-08	3.536205e+01	1.258022e+03
1.270000e-06	5.046078e-09	2.137702e-08	3.596597e+01	1.268585e+03
1.280000e-06	5.129114e-09	2.154637e-08	3.655781e+01	1.278576e+03
1.290000e-06	5.210253e-09	2.170429e-08	3.713613e+01	1.288055e+03
1.300000e-06	5.289455e-09	2.185104e-08	3.770064e+01	1.297043e+03
1.310000e-06	5.366759e-09	2.198926e-08	3.825163e+01	1.305529e+03
1.320000e-06	5.442020e-09	2.212120e-08	3.878805e+01	1.313498e+03
1.330000e-06	5.515143e-09	2.224502e-08	3.930924e+01	1.320949e+03
1.340000e-06	5.586258e-09	2.236070e-08	3.981611e+01	1.327907e+03
1.350000e-06	5.655469e-09	2.247043e-08	4.030941e+01	1.334427e+03
1.360000e-06	5.722672e-09	2.257543e-08	4.078840e+01	1.340576e+03
1.370000e-06	5.787732e-09	2.267463e-08	4.125212e+01	1.346416e+03
1.380000e-06	5.850750e-09	2.276728e-08	4.170128e+01	1.351987e+03
1.390000e-06	5.911875e-09	2.285556e-08	4.213695e+01	1.357303e+03
1.400000e-06	5.970963e-09	2.294113e-08	4.255810e+01	1.362356e+03
1.410000e-06	6.027824e-09	2.302183e-08	4.296338e+01	1.367125e+03
1.420000e-06	6.082497e-09	2.309602e-08	4.335306e+01	1.371597e+03
1.430000e-06	6.134829e-09	2.316579e-08	4.372606e+01	1.375772e+03
1.440000e-06	6.184565e-09	2.323252e-08	4.408055e+01	1.379670e+03
1.450000e-06	6.231870e-09	2.329533e-08	4.441771e+01	1.383322e+03
1.460000e-06	6.277087e-09	2.335410e-08	4.474000e+01	1.386760e+03
1.470000e-06	6.320132e-09	2.340894e-08	4.504680e+01	1.390002e+03
1.480000e-06	6.360783e-09	2.346069e-08	4.533654e+01	1.393051e+03
1.490000e-06	6.399183e-09	2.350884e-08	4.561024e+01	1.395896e+03
1.500000e-06	6.435502e-09	2.355144e-08	4.586911e+01	1.398516e+03
1.510000e-06	6.469500e-09	2.358970e-08	4.611143e+01	1.400899e+03
1.520000e-06	6.501105e-09	2.362644e-08	4.633670e+01	1.403044e+03
1.530000e-06	6.530584e-09	2.366144e-08	4.654681e+01	1.404966e+03
1.540000e-06	6.557823e-09	2.369049e-08	4.674095e+01	1.406688e+03
1.550000e-06	6.582586e-09	2.371437e-08	4.691745e+01	1.408237e+03
1.560000e-06	6.604995e-09	2.373608e-08	4.707717e+01	1.409629e+03
1.570000e-06	6.625286e-09	2.375607e-08	4.722179e+01	1.410864e+03
1.580000e-06	6.643285e-09	2.377279e-08	4.735008e+01	1.411933e+03
1.590000e-06	6.658772e-09	2.378597e-08	4.746047e+01	1.412818e+03
1.600000e-06	6.671772e-09	2.379682e-08	4.755313e+01	1.413504e+03
1.610000e-06	6.682127e-09	2.380468e-08	4.762693e+01	1.413990e+03
1.620000e-06	6.689914e-09	2.380850e-08	4.768243e+01	1.414284e+03
1.630000e-06	6.695454e-09	2.380834e-08	4.772192e+01	1.414408e+03
1.640000e-06	6.698692e-09	2.380636e-08	4.774499e+01	1.414385e+03
1.650000e-06	6.699498e-09	2.380263e-08	4.775074e+01	1.414232e+03
1.660000e-06	6.698041e-09	2.380231e-08	4.774035e+01	1.413953e+03
1.670000e-06	6.694520e-09	2.379907e-08	4.771526e+01	1.413541e+03
1.680000e-06	6.688720e-09	2.378862e-08	4.767392e+01	1.412976e+03
1.690000e-06	6.680625e-09	2.377353e-08	4.761622e+01	1.412242e+03
1.700000e-06	6.670459e-09	2.375488e-08	4.754377e+01	1.411324e+03
1.710000e-06	6.658007e-09	2.373465e-08	4.745502e+01	1.410222e+03
1.720000e-06	6.643199e-09	2.370493e-08	4.734947e+01	1.408943e+03
1.730000e-06	6.626349e-09	2.369365e-08	4.722937e+01	1.407499e+03
1.740000e-06	6.607386e-09	2.372454e-08	4.709421e+01	1.405902e+03
1.750000e-06	6.585524e-09	2.369201e-08	4.693839e+01	1.404157e+03
1.760000e-06	6.560469e-09	2.361493e-08	4.675982e+01	1.402266e+03
1.770000e-06	6.532840e-09	2.356141e-08	4.656289e+01	1.400224e+03
1.780000e-06	6.502992e-09	2.348547e-08	4.635014e+01	1.398024e+03
1.790000e-06	6.471342e-09	2.345136e-08	4.612456e+01	1.395666e+03
1.800000e-06	6.438186e-09	2.349280e-08	4.588824e+01	1.393149e+03
1.810000e-06	6.402986e-09	2.337928e-08	4.563735e+01	1.390477e+03
1.820000e-06	6.365447e-09	2.334020e-08	4.536979e+01	1.387650e+03
1.830000e-06	6.325735e-09	2.336815e-08	4.508674e+01	1.384664e+03
1.840000e-06	6.283774e-09	2.324476e-08	4.478767e+01	1.381508e+03
1.850000e-06	6.239727e-09	2.322619e-08	4.447372e+01	1.378167e+03
1.860000e-06	6.193443e-09	2.309183e-08	4.414383e+01	1.374628e+03
1.870000e-06	6.144748e-09	2.301197e-08	4.379676e+01	1.370889e+03
1.880000e-06	6.093864e-09	2.304347e-08	4.343408e+01	1.366954e+03
1.890000e-06	6.040406e-09	2.292957e-08	4.305306e+01	1.362838e+03
1.900000e-06	5.984549e-09	2.289197e-08	4.265494e+01	1.358557e+03
1.910000e-06	5.926616e-09	2.280115e-08	4.224202e+01	1.354121e+03
1.920000e-06	5.866492e-09	2.270185e-08	4.181348e+01	1.349525e+03
1.930000e-06	5.804208e-09	2.264632e-08	4.136955e+01	1.344752e+03
1.940000e-06	5.739772e-09	2.250047e-08	4.091029e+01	1.339770e+03
1.950000e-06	5.673392e-09	2.244297e-08	4.043716e+01	1.334551e+03
1.960000e-06	5.604881e-09	2.235892e-08	3.994885e+01	1.329074e+03
1.970000e-06	5.534059e-09	2.229834e-08	3.944406e+01	1.323337e+03
1.980000e-06	5.461240e-09	2.219320e-08	3.892505e+01	1.317356e+03
1.990000e-06	5.386410e-09	2.203271e-08	3.839169e+01	1.311159e+03
2.000000e-06	5.309468e-09	2.196447e-08	3.784329e+01	1.304774e+03
2.010000e-06	5.230425e-09	2.183013e-08	3.727992e+01	1.298217e+03
2.020000e-06	5.149522e-09	2.172876e-08	3.670328e+01	1.291480e+03
2.030000e-06	5.066916e-09	2.159473e-08	3.611450e+01	1.284536e+03
2.040000e-06	4.982462e-09	2.148439e-08	3.551255e+01	1.277347e+03
2.050000e-06	4.896097e-09	2.138470e-08	3.489699e+01	1.269875e+03
2.060000e-06	4.807924e-09	2.122935e-08	3.426853e+01	1.262097e+03
2.070000e-06	4.718196e-09	2.108965e-08	3.362899e+01	1.254016e+03
2.080000e-06	4.626862e-09	2.093589e-08	3.297801e+01	1.245651e+03
2.090000e-06	4.533832e-09	2.082021e-08	3.231494e+01	1.237034e+03
2.100000e-06	4.439102e-09	2.066605e-08	3.163975e+01	1.228194e+03
2.110000e-06	4.342793e-09	2.050513e-08	3.095331e+01	1.219140e+03
2.120000e-06	4.245057e-09	2.034754e-08	3.025669e+01	1.209864e+03
2.130000e-06	4.145842e-09	2.019414e-08	2.954954e+01	1.200335e+03
2.140000e-06	4.045115e-09	2.002972e-08	2.883160e+01	1.190518e+03
2.150000e-06	3.942772e-09	1.984151e-08	2.810215e+01	1.180384e+03
2.160000e-06	3.838918e-09	1.966852e-08	2.736193e+01	1.169921e+03
2.170000e-06	3.733753e-09	1.949750e-08	2.661237e+01	1.159139e+03
2.180000e-06	3.627388e-09	1.932256e-08	2.585425e+01	1.148060e+03
2.190000e-06	3.519853e-09	1.911911e-08	2.508779e+01	1.136709e+03
2.200000e-06	3.411106e-09	1.892154e-08	2.431270e+01	1.125097e+03
2.210000e-06	3.301066e-09	1.872420e-08	2.352839e+01	1.113216e+03
2.220000e-06	3.189701e-09	1.852224e-08	2.273463e+01	1.101042e+03
2.230000e-06	3.077163e-09	1.830120e-08	2.193252e+01	1.088540e+03
2.240000e-06	2.963483e-09	1.808101e-08	2.112226e+01	1.075679e+03
2.250000e-06	2.848649e-09	1.786989e-08	2.030378e+01	1.062448e+03
2.260000e-06	2.732668e-09	1.764831e-08	1.947713e+01	1.048854e+03
2.270000e-06	2.615560e-09	1.741054e-08	1.864244e+01	1.034919e+03
2.280000e-06	2.497385e-09	1.716147e-08	1.780014e+01	1.020667e+03
2.290000e-06	2.378207e-09	1.692424e-08	1.695070e+01	1.006113e+03
2.300000e-06	2.258150e-09	1.667647e-08	1.609500e+01	9.912486e+02
2.310000e-06	2.137356e-09	1.641462e-08	1.523403e+01	9.760460e+02
2.320000e-06	2.015893e-09	1.614386e-08	1.436831e+01	9.604674e+02
2.330000e-06	1.893775e-09	1.588094e-08	1.349791e+01	9.444795e+02
2.340000e-06	1.770999e-09	1.561232e-08	1.262282e+01	9.280669e+02
2.350000e-06	1.647582e-09	1.532534e-08	1.174316e+01	9.112358e+02
2.360000e-06	1.523563e-09	1.502955e-08	1.085922e+01	8.940077e+02
2.370000e-06	1.398984e-09	1.473715e-08	9.971282e+00	8.764033e+02
2.380000e-06	1.273899e-09	1.444281e-08	9.079737e+00	8.584246e+02
2.390000e-06	1.148357e-09	1.412924e-08	8.184931e+00	8.400438e+02
2.400000e-06	1.022401e-09	1.380470e-08	7.287181e+00	8.212043e+02
2.410000e-06	8.960605e-10	1.347871e-08	6.386687e+00	8.018344e+02
2.420000e-06	7.693603e-10	1.314977e-08	5.483631e+00	7.818681e+02
2.430000e-06	6.423565e-10	1.280210e-08	4.578410e+00	7.612630e+02
2.440000e-06	5.151229e-10	1.243847e-08	3.671551e+00	7.400048e+02
2.450000e-06	3.876961e-10	1.207057e-08	2.763315e+00	7.180937e+02
2.460000e-06	2.601056e-10	1.169682e-08	1.853912e+00	6.955169e+02
2.470000e-06	1.324042e-10	1.130601e-08	9.437189e-01	6.722148e+02
2.480000e-06	4.657259e-12	1.089550e-08	3.320085e-02	6.480592e+02
2.490000e-06	-1.230785e-10	1.046882e-08	-8.772371e-01	6.228506e+02
2.500000e-06	-2.507583e-10	1.002600e-08	-1.787277e+00	5.963422e+02
2.510000e-06	-3.783331e-10	9.555820e-09	-2.696568e+00	5.682788e+02
2.520000e-06	-5.057437e-10	9.051999e-09	-3.604689e+00	5.384357e+02
2.530000e-06	-6.329460e-10	8.518761e-09	-4.511325e+00	5.066353e+02
2.540000e-06	-7.599013e-10	7.954819e-09	-5.416200e+00	4.727265e+02
2.550000e-06	-8.865458e-10	7.351976e-09	-6.318860e+00	4.365258e+02
2.560000e-06	-1.012831e-09	6.700290e-09	-7.218957e+00	3.977355e+02
2.570000e-06	-1.138723e-09	5.997109e-09	-8.116255e+00	3.558720e+02
2.580000e-06	-1.264200e-09	5.232070e-09	-9.010593e+00	3.102367e+02
2.590000e-06	-1.389240e-09	4.389444e-09	-9.901813e+00	2.599627e+02
2.600000e-06	-1.513756e-09	3.454746e-09	-1.078931e+01	2.041431e+02
2.610000e-06	-1.637658e-09	2.418284e-09	-1.167242e+01	1.420264e+02
2.620000e-06	-1.760926e-09	1.275352e-09	-1.255101e+01	7.323541e+01
2.630000e-06	-1.883552e-09	2.178173e-11	-1.342503e+01	-2.045268e+00
2.640000e-06	-2.005504e-09	-1.334147e-09	-1.429424e+01	-8.296893e+01
2.650000e-06	-2.126759e-09	-2.766040e-09	-1.515849e+01	-1.680489e+02
2.660000e-06	-2.247312e-09	-4.235548e-09	-1.601774e+01	-2.553087e+02
2.670000e-06	-2.367096e-09	-5.704226e-09	-1.687149e+01	-3.425322e+02
2.680000e-06	-2.485973e-09	-7.136867e-09	-1.771880e+01	-4.275571e+02
2.690000e-06	-2.603844e-09	-8.502091e-09	-1.855892e+01	-5.085481e+02
2.700000e-06	-2.720654e-09	-9.776269e-09	-1.939148e+01	-5.841882e+02
2.710000e-06	-2.836339e-09	-1.094800e-08	-2.021603e+01	-6.537560e+02
2.720000e-06	-2.950867e-09	-1.201806e-08	-2.103233e+01	-7.170834e+02
2.730000e-06	-3.064192e-09	-1.299092e-08	-2.184006e+01	-7.744238e+02
2.740000e-06	-3.176271e-09	-1.387183e-08	-2.263890e+01	-8.262759e+02
2.750000e-06	-3.287028e-09	-1.466668e-08	-2.342832e+01	-8.732158e+02
2.760000e-06	-3.396484e-09	-1.538633e-08	-2.420847e+01	-9.157764e+02
2.770000e-06	-3.504804e-09	-1.603931e-08	-2.498052e+01	-9.543918e+02
2.780000e-06	-3.612040e-09	-1.663006e-08	-2.574484e+01	-9.894030e+02
2.790000e-06	-3.718142e-09	-1.716245e-08	-2.650109e+01	-1.021100e+03
2.800000e-06	-3.823006e-09	-1.764389e-08	-2.724851e+01	-1.049771e+03
2.810000e-06	-3.926497e-09	-1.808312e-08	-2.798614e+01	-1.075735e+03
2.820000e-06	-4.028454e-09	-1.848424e-08	-2.871284e+01	-1.099339e+03
2.830000e-06	-4.128812e-09	-1.885144e-08	-2.942815e+01	-1.120935e+03
2.840000e-06	-4.227701e-09	-1.919112e-08	-3.013298e+01	-1.140841e+03
2.850000e-06	-4.325211e-09	-1.950657e-08	-3.082798e+01	-1.159304e+03
2.860000e-06	-4.421300e-09	-1.979802e-08	-3.151285e+01	-1.176489e+03
2.870000e-06	-4.515814e-09	-2.006650e-08	-3.218650e+01	-1.192491e+03
2.880000e-06	-4.608642e-09	-2.031404e-08	-3.284814e+01	-1.207365e+03
2.890000e-06	-4.699852e-09	-2.054535e-08	-3.349824e+01	-1.221161e+03
2.900000e-06	-4.789459e-09	-2.076203e-08	-3.413692e+01	-1.233950e+03
2.910000e-06	-4.877355e-09	-2.096448e-08	-3.476339e+01	-1.245836e+03
2.920000e-06	-4.963411e-09	-2.115441e-08	-3.537676e+01	-1.256946e+03
2.930000e-06	-5.047615e-09	-2.133483e-08	-3.597692e+01	-1.267401e+03
2.940000e-06	-5.130098e-09	-2.150586e-08	-3.656482e+01	-1.277298e+03
2.950000e-06	-5.210887e-09	-2.166474e-08	-3.714065e+01	-1.286690e+03
2.960000e-06	-5.289784e-09	-2.181269e-08	-3.770299e+01	-1.295591e+03
2.970000e-06	-5.366550e-09	-2.195310e-08	-3.825013e+01	-1.303987e+03
2.980000e-06	-5.441214e-09	-2.208744e-08	-3.878230e+01	-1.311864e+03
2.990000e-06	-5.513951e-09	-2.221310e-08	-3.930074e+01	-1.319224e+03
3.000000e-06	-5.584722e-09	-2.233041e-08	-3.980516e+01	-1.326101e+03
3.010000e-06	-5.653370e-09	-2.244275e-08	-4.029445e+01	-1.332551e+03
3.020000e-06	-5.719978e-09	-2.255039e-08	-4.076920e+01	-1.338641e+03
3.030000e-06	-5.784702e-09	-2.265003e-08	-4.123052e+01	-1.344431e+03
3.040000e-06	-5.847419e-09	-2.274000e-08	-4.167754e+01	-1.349957e+03
3.050000e-06	-5.907940e-09	-2.282414e-08	-4.210890e+01	-1.355229e+03
3.060000e-06	-5.966297e-09	-2.290626e-08	-4.252484e+01	-1.360233e+03
3.070000e-06	-6.022631e-09	-2.298545e-08	-4.292636e+01	-1.364951e+03
3.080000e-06	-6.076800e-09	-2.305970e-08	-4.331245e+01	-1.369369e+03
3.090000e-06	-6.128527e-09	-2.313034e-08	-4.368114e+01	-1.373494e+03
3.100000e-06	-6.177674e-09	-2.319834e-08	-4.403144e+01	-1.377347e+03
3.110000e-06	-6.224311e-09	-2.326089e-08	-4.436384e+01	-1.380959e+03
3.120000e-06	-6.268834e-09	-2.331701e-08	-4.468118e+01	-1.384362e+03
3.130000e-06	-6.311446e-09	-2.336850e-08	-4.498490e+01	-1.387571e+03
3.140000e-06	-6.352020e-09	-2.341705e-08	-4.527408e+01	-1.390585e+03
3.150000e-06	-6.390363e-09	-2.346212e-08	-4.554738e+01	-1.393392e+03
3.160000e-06	-6.426385e-09	-2.350385e-08	-4.580412e+01	-1.395971e+03
3.170000e-06	-6.460165e-09	-2.354357e-08	-4.604489e+01	-1.398312e+03
3.180000e-06	-6.491685e-09	-2.358206e-08	-4.626955e+01	-1.400416e+03
3.190000e-06	-6.520783e-09	-2.361734e-08	-4.647695e+01	-1.402301e+03
3.200000e-06	-6.547527e-09	-2.364790e-08	-4.666757e+01	-1.403992e+03
3.210000e-06	-6.572072e-09	-2.367401e-08	-4.684251e+01	-1.405513e+03
3.220000e-06	-6.594236e-09	-2.369640e-08	-4.700048e+01	-1.406877e+03
3.230000e-06	-6.613985e-09	-2.371698e-08	-4.714124e+01	-1.408085e+03
3.240000e-06	-6.631502e-09	-2.373422e-08	-4.726610e+01	-1.409123e+03
3.250000e-06	-6.646670e-09	-2.374737e-08	-4.737421e+01	-1.409974e+03
3.260000e-06	-6.659184e-09	-2.375780e-08	-4.746340e+01	-1.410625e+03
3.270000e-06	-6.669147e-09	-2.376705e-08	-4.753442e+01	-1.411076e+03
3.280000e-06	-6.676814e-09	-2.377499e-08	-4.758906e+01	-1.411338e+03
3.290000e-06	-6.682053e-09	-2.378086e-08	-4.762640e+01	-1.411435e+03
3.300000e-06	-6.684909e-09	-2.378402e-08	-4.764676e+01	-1.411389e+03
3.310000e-06	-6.685579e-09	-2.378339e-08	-4.765153e+01	-1.411214e+03
