# Configuracion:
# Concentracion g/m^3_=_22500.0
# C_Vs_to_Am_M_A/Vsm_=_59384043850.047264
# pendiente_HvsI_1/m_=_3716.3
# ordenada_HvsI_A/m_=_1297.0
# frecuencia_ref_Hz_=_301745.80301352416
# 
Resultados:
# tau_ns_=_(7.74+/-0.46)e+01
# dphi_rad_=_6.43+/-0.01
# SAR_W/g_=_778.03+/-44.48
# Hc_kA/m_=_13.35+/-0.53
# Mr_A/m_=_694.23+/-11.00
# Magnetizacion_max_=_1538.37+/-13.94
# Suceptibilidad_a_M=0_=_(1.034+/-0.026)e-01

Nombre_archivo	Time_m_(s)	Temperatura_(ºC)	Mr_(A/m)	Hc_(kA/m)	Campo_max_(A/m)	Mag_max_(A/m)	f0	mag0	dphi0	SAR_(W/g)	Tau_(ns)	N	xi_M_0
300kHz_150dA_100Mss_bobN1M18-0018.txt	14.2	24.14	692.82	14.57	57041.50	1527.23	3.017241e+05	1.296630e+02	6.447010e+00	862.23	87.190484	4640	9.663e-02
300kHz_150dA_100Mss_bobN1M18-0019.txt	15.11	27.95	709.07	14.36	57041.50	1551.42	3.017892e+05	1.320289e+02	6.444299e+00	863.74	85.721778	4639	1.011e-01
300kHz_150dA_100Mss_bobN1M18-0020.txt	15.58	29.88	714.44	14.25	57041.50	1560.59	3.017241e+05	1.329745e+02	6.442695e+00	861.16	84.853117	4640	9.739e-02
300kHz_150dA_100Mss_bobN1M18-0021.txt	16.05	31.78	717.38	14.18	57041.50	1567.74	3.017241e+05	1.336385e+02	6.441664e+00	859.91	84.295359	4640	9.805e-02
300kHz_150dA_100Mss_bobN1M18-0022.txt	16.54	33.54	716.85	14.10	57041.50	1561.73	3.017892e+05	1.332161e+02	6.440836e+00	852.94	83.848004	4639	1.028e-01
300kHz_150dA_100Mss_bobN1M18-0023.txt	17.0	35.20	713.19	14.00	57041.50	1556.42	3.017892e+05	1.328286e+02	6.439247e+00	841.95	82.988566	4639	9.929e-02
300kHz_150dA_100Mss_bobN1M18-0024.txt	17.44	35.77	709.40	13.96	57041.50	1545.38	3.017892e+05	1.319337e+02	6.438857e+00	834.20	82.777553	4639	9.944e-02
300kHz_150dA_100Mss_bobN1M18-0025.txt	17.89	36.36	705.64	13.95	57041.50	1533.39	3.017241e+05	1.310027e+02	6.438678e+00	827.20	82.681578	4640	1.003e-01
300kHz_150dA_100Mss_bobN1M18-0026.txt	18.35	36.99	703.31	13.91	57041.50	1532.82	3.017892e+05	1.308612e+02	6.438178e+00	823.85	82.411798	4639	9.926e-02
300kHz_150dA_100Mss_bobN1M18-0027.txt	18.8	37.62	701.03	13.86	57041.50	1529.21	3.017241e+05	1.306342e+02	6.437325e+00	817.75	81.950918	4640	1.013e-01
300kHz_150dA_100Mss_bobN1M18-0028.txt	19.25	38.28	700.17	13.79	57041.50	1524.02	3.017892e+05	1.302587e+02	6.436643e+00	812.00	81.581964	4639	1.011e-01
300kHz_150dA_100Mss_bobN1M18-0029.txt	19.7	38.95	699.57	13.85	57041.50	1521.50	3.017892e+05	1.300032e+02	6.437259e+00	813.63	81.916040	4639	9.997e-02
300kHz_150dA_100Mss_bobN1M18-0030.txt	20.15	39.52	699.04	13.70	57041.50	1523.53	3.017892e+05	1.302453e+02	6.435092e+00	803.77	80.745108	4639	1.018e-01
300kHz_150dA_100Mss_bobN1M18-0031.txt	20.61	39.89	698.49	13.73	57041.50	1519.95	3.017241e+05	1.299956e+02	6.435664e+00	805.05	81.053542	4640	1.031e-01
300kHz_150dA_100Mss_bobN1M18-0032.txt	21.08	40.30	697.91	13.67	57041.50	1522.31	3.017892e+05	1.301295e+02	6.434536e+00	800.14	80.445291	4639	1.027e-01
300kHz_150dA_100Mss_bobN1M18-0033.txt	21.53	40.89	697.37	13.58	57041.50	1521.52	3.017892e+05	1.301363e+02	6.433274e+00	793.56	79.764028	4639	1.037e-01
300kHz_150dA_100Mss_bobN1M18-0034.txt	21.98	41.47	696.35	13.49	57041.50	1525.20	3.017241e+05	1.304969e+02	6.431875e+00	788.22	79.008740	4640	1.055e-01
300kHz_150dA_100Mss_bobN1M18-0035.txt	22.43	42.02	696.12	13.47	57041.50	1520.51	3.017241e+05	1.301698e+02	6.431689e+00	785.27	78.907699	4640	1.068e-01
300kHz_150dA_100Mss_bobN1M18-0036.txt	22.91	42.59	695.76	13.61	57041.50	1521.45	3.017892e+05	1.300854e+02	6.433277e+00	793.26	79.765790	4639	1.029e-01
300kHz_150dA_100Mss_bobN1M18-0037.txt	23.35	43.08	695.10	13.44	57041.50	1525.48	3.017892e+05	1.304897e+02	6.430728e+00	782.31	78.390554	4639	1.049e-01
300kHz_150dA_100Mss_bobN1M18-0038.txt	24.28	44.19	694.86	13.35	57041.50	1527.76	3.017892e+05	1.306948e+02	6.429451e+00	776.81	77.701875	4639	1.062e-01
300kHz_150dA_100Mss_bobN1M18-0039.txt	24.73	44.82	694.47	13.36	57041.50	1526.89	3.017241e+05	1.306478e+02	6.429541e+00	776.84	77.750236	4640	1.033e-01
300kHz_150dA_100Mss_bobN1M18-0040.txt	25.2	45.28	694.56	13.38	57041.50	1527.52	3.017892e+05	1.306222e+02	6.429643e+00	777.39	77.805852	4639	1.060e-01
300kHz_150dA_100Mss_bobN1M18-0041.txt	25.66	45.46	694.22	13.30	57041.50	1530.63	3.017241e+05	1.309442e+02	6.428443e+00	772.80	77.160769	4640	1.034e-01
300kHz_150dA_100Mss_bobN1M18-0042.txt	26.1	45.62	693.67	13.25	57041.50	1528.83	3.017241e+05	1.308450e+02	6.427905e+00	769.37	76.868889	4640	1.040e-01
300kHz_150dA_100Mss_bobN1M18-0043.txt	26.57	45.71	692.91	13.23	57041.50	1535.19	3.017241e+05	1.313085e+02	6.426915e+00	766.85	76.337233	4640	1.044e-01
300kHz_150dA_100Mss_bobN1M18-0044.txt	27.02	45.79	692.30	13.18	57041.50	1531.23	3.017241e+05	1.310539e+02	6.426371e+00	762.49	76.043443	4640	1.054e-01
300kHz_150dA_100Mss_bobN1M18-0045.txt	27.46	45.66	692.52	13.12	57041.50	1537.85	3.017892e+05	1.315172e+02	6.425480e+00	760.62	75.563115	4639	1.055e-01
300kHz_150dA_100Mss_bobN1M18-0046.txt	27.9	45.53	691.16	13.07	57041.50	1538.12	3.017892e+05	1.315593e+02	6.424555e+00	755.95	75.064430	4639	1.058e-01
300kHz_150dA_100Mss_bobN1M18-0047.txt	28.35	45.46	691.92	13.13	57041.50	1535.21	3.017892e+05	1.313109e+02	6.425568e+00	759.89	75.609409	4639	1.035e-01
300kHz_150dA_100Mss_bobN1M18-0048.txt	28.8	45.42	691.08	12.97	57041.50	1542.15	3.017892e+05	1.319207e+02	6.423088e+00	750.22	74.274545	4639	1.059e-01
300kHz_150dA_100Mss_bobN1M18-0049.txt	29.25	45.52	690.30	13.01	57041.50	1544.37	3.017892e+05	1.320345e+02	6.423313e+00	752.06	74.395692	4639	1.062e-01
300kHz_150dA_100Mss_bobN1M18-0050.txt	29.73	45.76	690.38	12.97	57041.50	1542.09	3.017892e+05	1.318865e+02	6.422909e+00	749.07	74.178476	4639	1.059e-01
300kHz_150dA_100Mss_bobN1M18-0051.txt	30.19	46.13	690.08	13.06	57041.50	1540.87	3.017892e+05	1.317074e+02	6.423999e+00	753.84	74.765165	4639	1.057e-01
300kHz_150dA_100Mss_bobN1M18-0052.txt	30.64	46.67	689.79	12.88	57041.50	1549.14	3.017892e+05	1.324506e+02	6.421428e+00	744.35	73.381760	4639	1.032e-01
300kHz_150dA_100Mss_bobN1M18-0053.txt	31.09	47.28	689.26	12.92	57041.50	1546.80	3.017892e+05	1.322261e+02	6.421957e+00	745.91	73.666901	4639	1.061e-01
300kHz_150dA_100Mss_bobN1M18-0054.txt	31.53	48.16	689.34	12.85	57041.50	1550.67	3.017892e+05	1.325611e+02	6.420864e+00	741.95	73.078658	4639	1.038e-01
300kHz_150dA_100Mss_bobN1M18-0055.txt	31.99	49.08	688.85	12.87	57041.50	1551.92	3.017892e+05	1.326269e+02	6.420845e+00	742.21	73.068714	4639	1.038e-01
300kHz_150dA_100Mss_bobN1M18-0056.txt	32.45	50.14	688.43	12.83	57041.50	1551.29	3.017892e+05	1.325862e+02	6.420551e+00	740.41	72.910318	4639	1.027e-01
300kHz_150dA_100Mss_bobN1M18-0057.txt	33.36	51.40	687.38	12.73	57041.50	1553.24	3.017892e+05	1.327770e+02	6.418985e+00	733.08	72.068410	4639	1.053e-01
300kHz_150dA_100Mss_bobN1M18-0058.txt	33.82	51.40	687.71	12.69	57041.50	1558.02	3.017892e+05	1.331342e+02	6.418182e+00	730.73	71.637167	4639	1.052e-01
300kHz_150dA_100Mss_bobN1M18-0059.txt	34.27	51.99	686.41	12.76	57041.50	1552.14	3.017892e+05	1.326560e+02	6.419005e+00	732.52	72.080276	4639	1.044e-01
300kHz_150dA_100Mss_bobN1M18-0060.txt	34.75	53.05	686.35	12.61	57041.50	1563.00	3.017892e+05	1.335297e+02	6.416756e+00	725.20	70.871408	4639	1.064e-01
300kHz_150dA_100Mss_bobN1M18-0061.txt	35.2	54.08	685.83	12.65	57041.50	1565.48	3.017892e+05	1.336744e+02	6.416968e+00	727.13	70.986278	4639	1.052e-01
300kHz_150dA_100Mss_bobN1M18-0062.txt	35.64	55.14	668.60	12.57	57041.50	1530.69	3.017892e+05	1.307044e+02	6.415732e+00	704.45	70.322319	4639	1.041e-01
300kHz_150dA_100Mss_bobN1M18-0063.txt	36.09	56.48	664.32	12.55	57041.50	1525.82	3.017241e+05	1.302781e+02	6.415197e+00	699.19	70.035277	4640	1.055e-01
300kHz_150dA_100Mss_bobN1M18-0064.txt	36.54	58.86	662.96	12.50	57041.50	1524.82	3.017241e+05	1.302227e+02	6.414241e+00	693.86	69.521859	4640	1.059e-01
