# Temperatura_=_43.53829787234042
# Concentracion g/m^3_=_22500.0
# C_Vs_to_Am_M_A/Vsm_=_59384043850.047264
# pendiente_HvsI_1/m_=_3716.3
# ordenada_HvsI_A/m_=_1297.0
# frecuencia_Hz_=_301745.80301352416
# Promedio de 47 ciclos

Tiempo_(s)	Campo_(V.s)	Magnetizacion_(V.s)	Campo_(kA/m)	Magnetizacion_(A/m)
0.000000e+00	-8.025883e-09	-2.582400e-08	-5.682081e+01	-1.532214e+03
1.000000e-08	-8.022282e-09	-2.581345e-08	-5.679532e+01	-1.531650e+03
2.000000e-08	-8.016043e-09	-2.580169e-08	-5.675115e+01	-1.530838e+03
3.000000e-08	-8.007143e-09	-2.578838e-08	-5.668814e+01	-1.529882e+03
4.000000e-08	-7.995414e-09	-2.577323e-08	-5.660510e+01	-1.528893e+03
5.000000e-08	-7.980752e-09	-2.575698e-08	-5.650130e+01	-1.527933e+03
6.000000e-08	-7.963262e-09	-2.574195e-08	-5.637748e+01	-1.526988e+03
7.000000e-08	-7.943299e-09	-2.572333e-08	-5.623615e+01	-1.525968e+03
8.000000e-08	-7.920808e-09	-2.568487e-08	-5.607692e+01	-1.524749e+03
9.000000e-08	-7.895250e-09	-2.563386e-08	-5.589598e+01	-1.523221e+03
1.000000e-07	-7.866448e-09	-2.560867e-08	-5.569207e+01	-1.521344e+03
1.100000e-07	-7.834726e-09	-2.559761e-08	-5.546749e+01	-1.519161e+03
1.200000e-07	-7.800296e-09	-2.556881e-08	-5.522374e+01	-1.516786e+03
1.300000e-07	-7.763344e-09	-2.552417e-08	-5.496213e+01	-1.514356e+03
1.400000e-07	-7.724165e-09	-2.549649e-08	-5.468476e+01	-1.511969e+03
1.500000e-07	-7.682705e-09	-2.547024e-08	-5.439124e+01	-1.509643e+03
1.600000e-07	-7.638588e-09	-2.540834e-08	-5.407890e+01	-1.507307e+03
1.700000e-07	-7.591700e-09	-2.535389e-08	-5.374695e+01	-1.504826e+03
1.800000e-07	-7.541985e-09	-2.528751e-08	-5.339499e+01	-1.502058e+03
1.900000e-07	-7.489234e-09	-2.523764e-08	-5.302152e+01	-1.498912e+03
2.000000e-07	-7.433604e-09	-2.520605e-08	-5.262768e+01	-1.495386e+03
2.100000e-07	-7.375295e-09	-2.512882e-08	-5.221487e+01	-1.491562e+03
2.200000e-07	-7.314354e-09	-2.505902e-08	-5.178343e+01	-1.487571e+03
2.300000e-07	-7.250805e-09	-2.499543e-08	-5.133353e+01	-1.483530e+03
2.400000e-07	-7.184522e-09	-2.493153e-08	-5.086426e+01	-1.479494e+03
2.500000e-07	-7.115546e-09	-2.486021e-08	-5.037593e+01	-1.475425e+03
2.600000e-07	-7.043950e-09	-2.476502e-08	-4.986906e+01	-1.471213e+03
2.700000e-07	-6.969629e-09	-2.468834e-08	-4.934290e+01	-1.466717e+03
2.800000e-07	-6.892547e-09	-2.462893e-08	-4.879718e+01	-1.461832e+03
2.900000e-07	-6.812756e-09	-2.454906e-08	-4.823228e+01	-1.456527e+03
3.000000e-07	-6.730445e-09	-2.443085e-08	-4.764955e+01	-1.450862e+03
3.100000e-07	-6.645866e-09	-2.432680e-08	-4.705076e+01	-1.444960e+03
3.200000e-07	-6.559067e-09	-2.424764e-08	-4.643624e+01	-1.438946e+03
3.300000e-07	-6.469946e-09	-2.414320e-08	-4.580530e+01	-1.432895e+03
3.400000e-07	-6.378495e-09	-2.402777e-08	-4.515785e+01	-1.426795e+03
3.500000e-07	-6.284763e-09	-2.391923e-08	-4.449426e+01	-1.420549e+03
3.600000e-07	-6.188732e-09	-2.381995e-08	-4.381439e+01	-1.414012e+03
3.700000e-07	-6.090391e-09	-2.370857e-08	-4.311817e+01	-1.407058e+03
3.800000e-07	-5.989839e-09	-2.357221e-08	-4.240629e+01	-1.399627e+03
3.900000e-07	-5.887177e-09	-2.343081e-08	-4.167948e+01	-1.391752e+03
4.000000e-07	-5.782369e-09	-2.330197e-08	-4.093747e+01	-1.383539e+03
4.100000e-07	-5.675406e-09	-2.318012e-08	-4.018020e+01	-1.375120e+03
4.200000e-07	-5.566430e-09	-2.303659e-08	-3.940869e+01	-1.366590e+03
4.300000e-07	-5.455520e-09	-2.288184e-08	-3.862348e+01	-1.357961e+03
4.400000e-07	-5.342562e-09	-2.273301e-08	-3.782377e+01	-1.349154e+03
4.500000e-07	-5.227435e-09	-2.258418e-08	-3.700871e+01	-1.340034e+03
4.600000e-07	-5.110227e-09	-2.241541e-08	-3.617891e+01	-1.330463e+03
4.700000e-07	-4.991145e-09	-2.223246e-08	-3.533585e+01	-1.320364e+03
4.800000e-07	-4.870287e-09	-2.205880e-08	-3.448022e+01	-1.309751e+03
4.900000e-07	-4.747635e-09	-2.189076e-08	-3.361188e+01	-1.298720e+03
5.000000e-07	-4.623225e-09	-2.170818e-08	-3.273109e+01	-1.287410e+03
5.100000e-07	-4.497176e-09	-2.150643e-08	-3.183871e+01	-1.275928e+03
5.200000e-07	-4.369570e-09	-2.130520e-08	-3.093530e+01	-1.264308e+03
5.300000e-07	-4.240381e-09	-2.110723e-08	-3.002068e+01	-1.252481e+03
5.400000e-07	-4.109602e-09	-2.089994e-08	-2.909481e+01	-1.240310e+03
5.500000e-07	-3.977312e-09	-2.067678e-08	-2.815823e+01	-1.227641e+03
5.600000e-07	-3.843589e-09	-2.045183e-08	-2.721152e+01	-1.214375e+03
5.700000e-07	-3.708485e-09	-2.022937e-08	-2.625502e+01	-1.200506e+03
5.800000e-07	-3.572031e-09	-1.999463e-08	-2.528897e+01	-1.186124e+03
5.900000e-07	-3.434239e-09	-1.974233e-08	-2.431345e+01	-1.171372e+03
6.000000e-07	-3.295101e-09	-1.948540e-08	-2.332839e+01	-1.156376e+03
6.100000e-07	-3.154620e-09	-1.923425e-08	-2.233383e+01	-1.141183e+03
6.200000e-07	-3.012830e-09	-1.897570e-08	-2.133000e+01	-1.125734e+03
6.300000e-07	-2.869826e-09	-1.870076e-08	-2.031758e+01	-1.109883e+03
6.400000e-07	-2.725724e-09	-1.841632e-08	-1.929738e+01	-1.093462e+03
6.500000e-07	-2.580627e-09	-1.813166e-08	-1.827014e+01	-1.076354e+03
6.600000e-07	-2.434617e-09	-1.783931e-08	-1.723644e+01	-1.058545e+03
6.700000e-07	-2.287747e-09	-1.753079e-08	-1.619664e+01	-1.040135e+03
6.800000e-07	-2.140079e-09	-1.721317e-08	-1.515120e+01	-1.021289e+03
6.900000e-07	-1.991699e-09	-1.689566e-08	-1.410071e+01	-1.002155e+03
7.000000e-07	-1.842667e-09	-1.657513e-08	-1.304560e+01	-9.827837e+02
7.100000e-07	-1.693017e-09	-1.623864e-08	-1.198613e+01	-9.630941e+02
7.200000e-07	-1.542793e-09	-1.588659e-08	-1.092259e+01	-9.428889e+02
7.300000e-07	-1.392044e-09	-1.552943e-08	-9.855328e+00	-9.219335e+02
7.400000e-07	-1.240797e-09	-1.516626e-08	-8.784551e+00	-9.000539e+02
7.500000e-07	-1.089072e-09	-1.478670e-08	-7.710381e+00	-8.772132e+02
7.600000e-07	-9.369229e-10	-1.439068e-08	-6.633214e+00	-8.535246e+02
7.700000e-07	-7.844345e-10	-1.398805e-08	-5.553642e+00	-8.291903e+02
7.800000e-07	-6.316534e-10	-1.357963e-08	-4.472000e+00	-8.043844e+02
7.900000e-07	-4.786416e-10	-1.315377e-08	-3.388724e+00	-7.791303e+02
8.000000e-07	-3.254886e-10	-1.270407e-08	-2.304448e+00	-7.532286e+02
8.100000e-07	-1.722294e-10	-1.223572e-08	-1.219420e+00	-7.262741e+02
8.200000e-07	-1.888652e-11	-1.175000e-08	-1.338001e-01	-6.977630e+02
8.300000e-07	1.344658e-10	-1.123739e-08	9.518867e-01	-6.672471e+02
8.400000e-07	2.877537e-10	-1.068980e-08	2.037118e+00	-6.344605e+02
8.500000e-07	4.409384e-10	-1.010780e-08	3.121618e+00	-5.993455e+02
8.600000e-07	5.939781e-10	-9.489852e-09	4.205092e+00	-5.619360e+02
8.700000e-07	7.468142e-10	-8.822202e-09	5.287124e+00	-5.221142e+02
8.800000e-07	8.993813e-10	-8.085079e-09	6.367252e+00	-4.793196e+02
8.900000e-07	1.051614e-09	-7.264630e-09	7.445009e+00	-4.323288e+02
9.000000e-07	1.203452e-09	-6.344898e-09	8.519976e+00	-3.792252e+02
9.100000e-07	1.354844e-09	-5.294347e-09	9.591787e+00	-3.176282e+02
9.200000e-07	1.505730e-09	-4.072431e-09	1.066002e+01	-2.451738e+02
9.300000e-07	1.656053e-09	-2.647284e-09	1.172425e+01	-1.601442e+02
9.400000e-07	1.805782e-09	-1.003068e-09	1.278430e+01	-6.207944e+01
9.500000e-07	1.954891e-09	8.562779e-10	1.383994e+01	4.781439e+01
9.600000e-07	2.103327e-09	2.890534e-09	1.489082e+01	1.666020e+02
9.700000e-07	2.251034e-09	5.012203e-09	1.593654e+01	2.899524e+02
9.800000e-07	2.397949e-09	7.107307e-09	1.697666e+01	4.128054e+02
9.900000e-07	2.544020e-09	9.075989e-09	1.801080e+01	5.302119e+02
1.000000e-06	2.689183e-09	1.086065e-08	1.903851e+01	6.381346e+02
1.010000e-06	2.833354e-09	1.243862e-08	2.005920e+01	7.340129e+02
1.020000e-06	2.976471e-09	1.380745e-08	2.107242e+01	8.169654e+02
1.030000e-06	3.118463e-09	1.498380e-08	2.207768e+01	8.876125e+02
1.040000e-06	3.259240e-09	1.599891e-08	2.307434e+01	9.476083e+02
1.050000e-06	3.398750e-09	1.688160e-08	2.406203e+01	9.990422e+02
1.060000e-06	3.536973e-09	1.764827e-08	2.504061e+01	1.043890e+03
1.070000e-06	3.673857e-09	1.831346e-08	2.600970e+01	1.083652e+03
1.080000e-06	3.809358e-09	1.889624e-08	2.696901e+01	1.119241e+03
1.090000e-06	3.943486e-09	1.941386e-08	2.791860e+01	1.151088e+03
1.100000e-06	4.076211e-09	1.987504e-08	2.885825e+01	1.179382e+03
1.110000e-06	4.207458e-09	2.028522e-08	2.978744e+01	1.204315e+03
1.120000e-06	4.337189e-09	2.065328e-08	3.070590e+01	1.226244e+03
1.130000e-06	4.465378e-09	2.098991e-08	3.161343e+01	1.245717e+03
1.140000e-06	4.592021e-09	2.129947e-08	3.251003e+01	1.263378e+03
1.150000e-06	4.717087e-09	2.158143e-08	3.339547e+01	1.279814e+03
1.160000e-06	4.840485e-09	2.184005e-08	3.426908e+01	1.295421e+03
1.170000e-06	4.962145e-09	2.208349e-08	3.513040e+01	1.310346e+03
1.180000e-06	5.081992e-09	2.231366e-08	3.597888e+01	1.324521e+03
1.190000e-06	5.199935e-09	2.252764e-08	3.681388e+01	1.337777e+03
1.200000e-06	5.315873e-09	2.272788e-08	3.763469e+01	1.349981e+03
1.210000e-06	5.429738e-09	2.291815e-08	3.844082e+01	1.361128e+03
1.220000e-06	5.541565e-09	2.309826e-08	3.923252e+01	1.371370e+03
1.230000e-06	5.651440e-09	2.326628e-08	4.001040e+01	1.380968e+03
1.240000e-06	5.759347e-09	2.342344e-08	4.077436e+01	1.390191e+03
1.250000e-06	5.865182e-09	2.357359e-08	4.152363e+01	1.399221e+03
1.260000e-06	5.968882e-09	2.371864e-08	4.225780e+01	1.408096e+03
1.270000e-06	6.070434e-09	2.385623e-08	4.297676e+01	1.416717e+03
1.280000e-06	6.169765e-09	2.398472e-08	4.368000e+01	1.424913e+03
1.290000e-06	6.266803e-09	2.410777e-08	4.436699e+01	1.432533e+03
1.300000e-06	6.361608e-09	2.422716e-08	4.503819e+01	1.439520e+03
1.310000e-06	6.454226e-09	2.434028e-08	4.569389e+01	1.445938e+03
1.320000e-06	6.544572e-09	2.444539e-08	4.633352e+01	1.451947e+03
1.330000e-06	6.632592e-09	2.454468e-08	4.695668e+01	1.457735e+03
1.340000e-06	6.718332e-09	2.464110e-08	4.756369e+01	1.463440e+03
1.350000e-06	6.801768e-09	2.473456e-08	4.815439e+01	1.469098e+03
1.360000e-06	6.882762e-09	2.482226e-08	4.872780e+01	1.474640e+03
1.370000e-06	6.961230e-09	2.490422e-08	4.928334e+01	1.479935e+03
1.380000e-06	7.037093e-09	2.498443e-08	4.982043e+01	1.484851e+03
1.390000e-06	7.110305e-09	2.506290e-08	5.033874e+01	1.489323e+03
1.400000e-06	7.180966e-09	2.513511e-08	5.083901e+01	1.493380e+03
1.410000e-06	7.249089e-09	2.520129e-08	5.132130e+01	1.497134e+03
1.420000e-06	7.314584e-09	2.526527e-08	5.178498e+01	1.500726e+03
1.430000e-06	7.377510e-09	2.532702e-08	5.223049e+01	1.504270e+03
1.440000e-06	7.437941e-09	2.538354e-08	5.265832e+01	1.507800e+03
1.450000e-06	7.495763e-09	2.543564e-08	5.306768e+01	1.511266e+03
1.460000e-06	7.550836e-09	2.548588e-08	5.345758e+01	1.514557e+03
1.470000e-06	7.602919e-09	2.553446e-08	5.382632e+01	1.517557e+03
1.480000e-06	7.651911e-09	2.558002e-08	5.417317e+01	1.520199e+03
1.490000e-06	7.698064e-09	2.562197e-08	5.449992e+01	1.522495e+03
1.500000e-06	7.741487e-09	2.566172e-08	5.480734e+01	1.524526e+03
1.510000e-06	7.782101e-09	2.569933e-08	5.509487e+01	1.526409e+03
1.520000e-06	7.820001e-09	2.573183e-08	5.536320e+01	1.528238e+03
1.530000e-06	7.855214e-09	2.575764e-08	5.561249e+01	1.530048e+03
1.540000e-06	7.887631e-09	2.578039e-08	5.584200e+01	1.531797e+03
1.550000e-06	7.917316e-09	2.580291e-08	5.605217e+01	1.533389e+03
1.560000e-06	7.944230e-09	2.582382e-08	5.624271e+01	1.534723e+03
1.570000e-06	7.968268e-09	2.584102e-08	5.641289e+01	1.535736e+03
1.580000e-06	7.989564e-09	2.585491e-08	5.656366e+01	1.536438e+03
1.590000e-06	8.008118e-09	2.586643e-08	5.669502e+01	1.536906e+03
1.600000e-06	8.023753e-09	2.587467e-08	5.680571e+01	1.537250e+03
1.610000e-06	8.036317e-09	2.587845e-08	5.689466e+01	1.537564e+03
1.620000e-06	8.045773e-09	2.587995e-08	5.696161e+01	1.537884e+03
1.630000e-06	8.052337e-09	2.588161e-08	5.700809e+01	1.538173e+03
1.640000e-06	8.056117e-09	2.588164e-08	5.703485e+01	1.538338e+03
1.650000e-06	8.057052e-09	2.587817e-08	5.704147e+01	1.538275e+03
1.660000e-06	8.055279e-09	2.587320e-08	5.702892e+01	1.537916e+03
1.670000e-06	8.050864e-09	2.586785e-08	5.699767e+01	1.537265e+03
1.680000e-06	8.043747e-09	2.585851e-08	5.694728e+01	1.536395e+03
1.690000e-06	8.033950e-09	2.584329e-08	5.687792e+01	1.535419e+03
1.700000e-06	8.021364e-09	2.582452e-08	5.678882e+01	1.534434e+03
1.710000e-06	8.006037e-09	2.580434e-08	5.668031e+01	1.533483e+03
1.720000e-06	7.988296e-09	2.578174e-08	5.655471e+01	1.532524e+03
1.730000e-06	7.968177e-09	2.576992e-08	5.641228e+01	1.531454e+03
1.740000e-06	7.945209e-09	2.577670e-08	5.624967e+01	1.530146e+03
1.750000e-06	7.918803e-09	2.575104e-08	5.606273e+01	1.528510e+03
1.760000e-06	7.888835e-09	2.569755e-08	5.585056e+01	1.526528e+03
1.770000e-06	7.855836e-09	2.565332e-08	5.561694e+01	1.524271e+03
1.780000e-06	7.820282e-09	2.561125e-08	5.536523e+01	1.521864e+03
1.790000e-06	7.782301e-09	2.554952e-08	5.509634e+01	1.519439e+03
1.800000e-06	7.742197e-09	2.551596e-08	5.481242e+01	1.517072e+03
1.810000e-06	7.699933e-09	2.549282e-08	5.451320e+01	1.514753e+03
1.820000e-06	7.655068e-09	2.543095e-08	5.419557e+01	1.512385e+03
1.830000e-06	7.607490e-09	2.542205e-08	5.385874e+01	1.509826e+03
1.840000e-06	7.556958e-09	2.536864e-08	5.350099e+01	1.506945e+03
1.850000e-06	7.503353e-09	2.530644e-08	5.312148e+01	1.503676e+03
1.860000e-06	7.446956e-09	2.525545e-08	5.272221e+01	1.500045e+03
1.870000e-06	7.387914e-09	2.516659e-08	5.230421e+01	1.496155e+03
1.880000e-06	7.326267e-09	2.513366e-08	5.186777e+01	1.492137e+03
1.890000e-06	7.261926e-09	2.505383e-08	5.141226e+01	1.488095e+03
1.900000e-06	7.194890e-09	2.498622e-08	5.093767e+01	1.484054e+03
1.910000e-06	7.125107e-09	2.493729e-08	5.044363e+01	1.479953e+03
1.920000e-06	7.052561e-09	2.484292e-08	4.993003e+01	1.475665e+03
1.930000e-06	6.977362e-09	2.475723e-08	4.939765e+01	1.471055e+03
1.940000e-06	6.899443e-09	2.466223e-08	4.884600e+01	1.466037e+03
1.950000e-06	6.818961e-09	2.459473e-08	4.827622e+01	1.460610e+03
1.960000e-06	6.736074e-09	2.450267e-08	4.768940e+01	1.454857e+03
1.970000e-06	6.650738e-09	2.440285e-08	4.708525e+01	1.448907e+03
1.980000e-06	6.562977e-09	2.431484e-08	4.646393e+01	1.442876e+03
1.990000e-06	6.472905e-09	2.419741e-08	4.582625e+01	1.436815e+03
2.000000e-06	6.380614e-09	2.409152e-08	4.517286e+01	1.430681e+03
2.010000e-06	6.286014e-09	2.396735e-08	4.450312e+01	1.424358e+03
2.020000e-06	6.189161e-09	2.385665e-08	4.381743e+01	1.417701e+03
2.030000e-06	6.090126e-09	2.374696e-08	4.311630e+01	1.410599e+03
2.040000e-06	5.988868e-09	2.362852e-08	4.239942e+01	1.403022e+03
2.050000e-06	5.885407e-09	2.350092e-08	4.166695e+01	1.395027e+03
2.060000e-06	5.779850e-09	2.335494e-08	4.091964e+01	1.386737e+03
2.070000e-06	5.672307e-09	2.321230e-08	4.015827e+01	1.378276e+03
2.080000e-06	5.562720e-09	2.305896e-08	3.938243e+01	1.369717e+03
2.090000e-06	5.451048e-09	2.290857e-08	3.859183e+01	1.361043e+03
2.100000e-06	5.337287e-09	2.275446e-08	3.778644e+01	1.352152e+03
2.110000e-06	5.221444e-09	2.260444e-08	3.696631e+01	1.342903e+03
2.120000e-06	5.103554e-09	2.244487e-08	3.613168e+01	1.333171e+03
2.130000e-06	4.983721e-09	2.227214e-08	3.528330e+01	1.322905e+03
2.140000e-06	4.862098e-09	2.208869e-08	3.442224e+01	1.312148e+03
2.150000e-06	4.738744e-09	2.190581e-08	3.354894e+01	1.301016e+03
2.160000e-06	4.613671e-09	2.172102e-08	3.266346e+01	1.289643e+03
2.170000e-06	4.486921e-09	2.152629e-08	3.176612e+01	1.278119e+03
2.180000e-06	4.358576e-09	2.132569e-08	3.085747e+01	1.266444e+03
2.190000e-06	4.228705e-09	2.111853e-08	2.993803e+01	1.254524e+03
2.200000e-06	4.097355e-09	2.090941e-08	2.900811e+01	1.242211e+03
2.210000e-06	3.964541e-09	2.068719e-08	2.806782e+01	1.229362e+03
2.220000e-06	3.830291e-09	2.046237e-08	2.711738e+01	1.215903e+03
2.230000e-06	3.694606e-09	2.023404e-08	2.615677e+01	1.201862e+03
2.240000e-06	3.557542e-09	2.000237e-08	2.518640e+01	1.187349e+03
2.250000e-06	3.419176e-09	1.975679e-08	2.420681e+01	1.172510e+03
2.260000e-06	3.279539e-09	1.949830e-08	2.321823e+01	1.157452e+03
2.270000e-06	3.138649e-09	1.923360e-08	2.222077e+01	1.142189e+03
2.280000e-06	2.996544e-09	1.896325e-08	2.121471e+01	1.126630e+03
2.290000e-06	2.853313e-09	1.868776e-08	2.020068e+01	1.110617e+03
2.300000e-06	2.709046e-09	1.840458e-08	1.917931e+01	1.093989e+03
2.310000e-06	2.563836e-09	1.811738e-08	1.815127e+01	1.076657e+03
2.320000e-06	2.417742e-09	1.782365e-08	1.711696e+01	1.058646e+03
2.330000e-06	2.270792e-09	1.751904e-08	1.607661e+01	1.040083e+03
2.340000e-06	2.123036e-09	1.719954e-08	1.503054e+01	1.021135e+03
2.350000e-06	1.974545e-09	1.687152e-08	1.397927e+01	1.001927e+03
2.360000e-06	1.825372e-09	1.653884e-08	1.292317e+01	9.824701e+02
2.370000e-06	1.675563e-09	1.619897e-08	1.186257e+01	9.626420e+02
2.380000e-06	1.525186e-09	1.584725e-08	1.079794e+01	9.422248e+02
2.390000e-06	1.374292e-09	1.548518e-08	9.729665e+00	9.209930e+02
2.400000e-06	1.222901e-09	1.511397e-08	8.657861e+00	8.988101e+02
2.410000e-06	1.071051e-09	1.473166e-08	7.582815e+00	8.756880e+02
2.420000e-06	9.188095e-10	1.433433e-08	6.504988e+00	8.517768e+02
2.430000e-06	7.662411e-10	1.392576e-08	5.424850e+00	8.272827e+02
2.440000e-06	6.134054e-10	1.350842e-08	4.342819e+00	8.023439e+02
2.450000e-06	4.603598e-10	1.307770e-08	3.259302e+00	7.769181e+02
2.460000e-06	3.071654e-10	1.262639e-08	2.174732e+00	7.507356e+02
2.470000e-06	1.538702e-10	1.215248e-08	1.089448e+00	7.233470e+02
2.480000e-06	5.289746e-13	1.165858e-08	3.837803e-03	6.942502e+02
2.490000e-06	-1.527972e-10	1.113910e-08	-1.081666e+00	6.630445e+02
2.500000e-06	-3.060430e-10	1.058758e-08	-2.166600e+00	6.295324e+02
2.510000e-06	-4.591520e-10	9.999411e-09	-3.250566e+00	5.937029e+02
2.520000e-06	-6.120892e-10	9.372167e-09	-4.333316e+00	5.555710e+02
2.530000e-06	-7.648077e-10	8.693912e-09	-5.414517e+00	5.149093e+02
2.540000e-06	-9.172441e-10	7.946509e-09	-6.493720e+00	4.709663e+02
2.550000e-06	-1.069325e-09	7.111527e-09	-7.570404e+00	4.222954e+02
2.560000e-06	-1.220974e-09	6.168923e-09	-8.644036e+00	3.668005e+02
2.570000e-06	-1.372139e-09	5.089547e-09	-9.714239e+00	3.020494e+02
2.580000e-06	-1.522794e-09	3.836611e-09	-1.078083e+01	2.258138e+02
2.590000e-06	-1.672915e-09	2.378884e-09	-1.184364e+01	1.367122e+02
2.600000e-06	-1.822443e-09	7.009158e-10	-1.290225e+01	3.477524e+01
2.610000e-06	-1.971321e-09	-1.185148e-09	-1.395626e+01	-7.824222e+01
2.620000e-06	-2.119514e-09	-3.230234e-09	-1.500543e+01	-1.989214e+02
2.630000e-06	-2.266950e-09	-5.344102e-09	-1.604923e+01	-3.226276e+02
2.640000e-06	-2.413550e-09	-7.416227e-09	-1.708711e+01	-4.442503e+02
2.650000e-06	-2.559284e-09	-9.352059e-09	-1.811887e+01	-5.590520e+02
2.660000e-06	-2.704109e-09	-1.109594e-08	-1.914419e+01	-6.634135e+02
2.670000e-06	-2.847926e-09	-1.262893e-08	-2.016237e+01	-7.552935e+02
2.680000e-06	-2.990648e-09	-1.395634e-08	-2.117280e+01	-8.343101e+02
2.690000e-06	-3.132225e-09	-1.509893e-08	-2.217512e+01	-9.014599e+02
2.700000e-06	-3.272608e-09	-1.608463e-08	-2.316898e+01	-9.585919e+02
2.710000e-06	-3.411734e-09	-1.693887e-08	-2.415395e+01	-1.007807e+03
2.720000e-06	-3.549567e-09	-1.768135e-08	-2.512977e+01	-1.050959e+03
2.730000e-06	-3.686070e-09	-1.832949e-08	-2.609617e+01	-1.089365e+03
2.740000e-06	-3.821190e-09	-1.890013e-08	-2.705278e+01	-1.123769e+03
2.750000e-06	-3.954911e-09	-1.940655e-08	-2.799948e+01	-1.154501e+03
2.760000e-06	-4.087221e-09	-1.985786e-08	-2.893620e+01	-1.181730e+03
2.770000e-06	-4.218083e-09	-2.026158e-08	-2.986266e+01	-1.205688e+03
2.780000e-06	-4.347472e-09	-2.062495e-08	-3.077870e+01	-1.226797e+03
2.790000e-06	-4.475340e-09	-2.095550e-08	-3.168397e+01	-1.245646e+03
2.800000e-06	-4.601616e-09	-2.125858e-08	-3.257796e+01	-1.262877e+03
2.810000e-06	-4.726256e-09	-2.153695e-08	-3.346038e+01	-1.279031e+03
2.820000e-06	-4.849203e-09	-2.179429e-08	-3.433081e+01	-1.294425e+03
2.830000e-06	-4.970410e-09	-2.203502e-08	-3.518892e+01	-1.309133e+03
2.840000e-06	-5.089781e-09	-2.226209e-08	-3.603403e+01	-1.323041e+03
2.850000e-06	-5.207170e-09	-2.247578e-08	-3.686511e+01	-1.335982e+03
2.860000e-06	-5.322451e-09	-2.267547e-08	-3.768126e+01	-1.347852e+03
2.870000e-06	-5.435553e-09	-2.286245e-08	-3.848199e+01	-1.358698e+03
2.880000e-06	-5.546509e-09	-2.303913e-08	-3.926752e+01	-1.368714e+03
2.890000e-06	-5.655423e-09	-2.320723e-08	-4.003861e+01	-1.378173e+03
2.900000e-06	-5.762408e-09	-2.336717e-08	-4.079603e+01	-1.387326e+03
2.910000e-06	-5.867451e-09	-2.351961e-08	-4.153970e+01	-1.396314e+03
2.920000e-06	-5.970369e-09	-2.366503e-08	-4.226833e+01	-1.405126e+03
2.930000e-06	-6.071065e-09	-2.380305e-08	-4.298123e+01	-1.413634e+03
2.940000e-06	-6.169606e-09	-2.393393e-08	-4.367887e+01	-1.421664e+03
2.950000e-06	-6.266027e-09	-2.405918e-08	-4.436150e+01	-1.429089e+03
2.960000e-06	-6.360234e-09	-2.417945e-08	-4.502846e+01	-1.435889e+03
2.970000e-06	-6.452162e-09	-2.429307e-08	-4.567928e+01	-1.442164e+03
2.980000e-06	-6.541853e-09	-2.439905e-08	-4.631427e+01	-1.448088e+03
2.990000e-06	-6.629256e-09	-2.449914e-08	-4.693306e+01	-1.453842e+03
3.000000e-06	-6.714246e-09	-2.459504e-08	-4.753476e+01	-1.459535e+03
3.010000e-06	-6.796842e-09	-2.468707e-08	-4.811952e+01	-1.465170e+03
3.020000e-06	-6.877052e-09	-2.477496e-08	-4.868738e+01	-1.470651e+03
3.030000e-06	-6.954671e-09	-2.485910e-08	-4.923691e+01	-1.475841e+03
3.040000e-06	-7.029596e-09	-2.493965e-08	-4.976736e+01	-1.480623e+03
3.050000e-06	-7.101931e-09	-2.501563e-08	-5.027946e+01	-1.484960e+03
3.060000e-06	-7.171690e-09	-2.508671e-08	-5.077334e+01	-1.488911e+03
3.070000e-06	-7.238875e-09	-2.515332e-08	-5.124899e+01	-1.492602e+03
3.080000e-06	-7.303551e-09	-2.521600e-08	-5.170687e+01	-1.496173e+03
3.090000e-06	-7.365641e-09	-2.527576e-08	-5.214646e+01	-1.499714e+03
3.100000e-06	-7.425068e-09	-2.533239e-08	-5.256719e+01	-1.503235e+03
3.110000e-06	-7.481833e-09	-2.538667e-08	-5.296907e+01	-1.506660e+03
3.120000e-06	-7.535810e-09	-2.543763e-08	-5.335121e+01	-1.509872e+03
3.130000e-06	-7.586810e-09	-2.548546e-08	-5.371228e+01	-1.512766e+03
3.140000e-06	-7.634756e-09	-2.553040e-08	-5.405172e+01	-1.515297e+03
3.150000e-06	-7.679894e-09	-2.557222e-08	-5.437128e+01	-1.517501e+03
3.160000e-06	-7.722539e-09	-2.560983e-08	-5.467319e+01	-1.519476e+03
3.170000e-06	-7.762627e-09	-2.564335e-08	-5.495701e+01	-1.521337e+03
3.180000e-06	-7.799972e-09	-2.567400e-08	-5.522140e+01	-1.523162e+03
3.190000e-06	-7.834571e-09	-2.570125e-08	-5.546636e+01	-1.524962e+03
3.200000e-06	-7.866407e-09	-2.572589e-08	-5.569175e+01	-1.526674e+03
3.210000e-06	-7.895365e-09	-2.574910e-08	-5.589676e+01	-1.528197e+03
3.220000e-06	-7.921508e-09	-2.577118e-08	-5.608185e+01	-1.529435e+03
3.230000e-06	-7.944863e-09	-2.579008e-08	-5.624719e+01	-1.530349e+03
3.240000e-06	-7.965361e-09	-2.580501e-08	-5.639232e+01	-1.530970e+03
3.250000e-06	-7.983066e-09	-2.581541e-08	-5.651766e+01	-1.531389e+03
3.260000e-06	-7.997854e-09	-2.582283e-08	-5.662236e+01	-1.531718e+03
3.270000e-06	-8.009555e-09	-2.582864e-08	-5.670521e+01	-1.532035e+03
3.280000e-06	-8.018303e-09	-2.583273e-08	-5.676714e+01	-1.532354e+03
3.290000e-06	-8.024180e-09	-2.583460e-08	-5.680875e+01	-1.532617e+03
3.300000e-06	-8.027229e-09	-2.583560e-08	-5.683033e+01	-1.532722e+03
3.310000e-06	-8.027533e-09	-2.583249e-08	-5.683249e+01	-1.532572e+03
