# Configuracion:
# Concentracion g/m^3_=_22500.0
# C_Vs_to_Am_M_A/Vsm_=_59384043850.047264
# pendiente_HvsI_1/m_=_3716.3
# ordenada_HvsI_A/m_=_1297.0
# frecuencia_ref_Hz_=_301225.89605069184
# 
Resultados:
# tau_ns_=_(1.32+/-0.05)e+02
# dphi_rad_=_6.53+/-0.01
# SAR_W/g_=_694.30+/-17.69
# Hc_kA/m_=_13.13+/-0.38
# Mr_A/m_=_576.03+/-8.77
# Magnetizacion_max_=_1283.76+/-19.55
# Suceptibilidad_a_M=0_=_(7.426+/-0.324)e-02

Nombre_archivo	Time_m_(s)	Temperatura_(ºC)	Mr_(A/m)	Hc_(kA/m)	Campo_max_(A/m)	Mag_max_(A/m)	f0	mag0	dphi0	SAR_(W/g)	Tau_(ns)	N	xi_M_0
300kHz_100dA_100Mss_bobN1M18-0009.txt	3.83	24.58	548.13	13.71	38460.00	1232.71	3.012048e+05	9.954161e+01	6.542448e+00	700.34	140.147416	4648	6.603e-02
300kHz_100dA_100Mss_bobN1M18-0010.txt	4.29	25.87	551.87	13.73	38460.00	1234.90	3.012048e+05	9.973994e+01	6.543114e+00	703.50	140.524157	4648	6.737e-02
300kHz_100dA_100Mss_bobN1M18-0011.txt	4.76	27.28	556.03	13.73	38460.00	1237.03	3.012048e+05	1.000839e+02	6.543393e+00	706.66	140.682425	4648	6.771e-02
300kHz_100dA_100Mss_bobN1M18-0012.txt	5.21	28.65	557.91	13.68	38460.00	1244.90	3.012048e+05	1.007217e+02	6.541126e+00	705.11	139.400555	4648	6.955e-02
300kHz_100dA_100Mss_bobN1M18-0013.txt	5.66	30.05	560.94	13.63	38460.00	1248.21	3.011400e+05	1.011156e+02	6.540205e+00	705.24	138.879953	4649	7.043e-02
300kHz_100dA_100Mss_bobN1M18-0014.txt	6.1	31.40	561.59	13.65	38460.00	1246.46	3.011400e+05	1.010128e+02	6.540717e+00	705.90	139.169701	4649	7.034e-02
300kHz_100dA_100Mss_bobN1M18-0015.txt	6.55	32.75	565.20	13.65	38460.00	1251.17	3.012048e+05	1.014831e+02	6.541135e+00	710.47	139.406482	4648	6.945e-02
300kHz_100dA_100Mss_bobN1M18-0016.txt	7.02	34.16	566.46	13.63	38460.00	1254.49	3.012048e+05	1.017376e+02	6.540336e+00	710.09	138.954723	4648	6.980e-02
300kHz_100dA_100Mss_bobN1M18-0017.txt	7.47	35.56	567.19	13.58	38460.00	1262.43	3.012048e+05	1.022585e+02	6.538066e+00	707.56	137.674427	4648	6.859e-02
300kHz_100dA_100Mss_bobN1M18-0018.txt	7.97	37.11	569.55	13.58	38460.00	1264.59	3.012048e+05	1.024869e+02	6.538624e+00	710.66	137.987703	4648	7.048e-02
300kHz_100dA_100Mss_bobN1M18-0019.txt	8.88	40.98	574.89	13.50	38460.00	1273.92	3.012048e+05	1.034097e+02	6.536596e+00	711.49	136.844632	4648	7.061e-02
300kHz_100dA_100Mss_bobN1M18-0020.txt	9.34	42.49	576.91	13.53	38460.00	1271.60	3.012048e+05	1.032916e+02	6.538118e+00	714.85	137.703226	4648	7.098e-02
300kHz_100dA_100Mss_bobN1M18-0021.txt	9.8	43.82	578.92	13.53	38460.00	1276.58	3.012048e+05	1.037203e+02	6.538218e+00	718.10	137.759607	4648	7.074e-02
300kHz_100dA_100Mss_bobN1M18-0022.txt	10.26	45.10	580.66	13.49	38460.00	1279.43	3.011400e+05	1.040259e+02	6.537624e+00	718.42	137.425305	4649	7.116e-02
300kHz_100dA_100Mss_bobN1M18-0023.txt	10.74	46.40	582.77	13.43	38460.00	1285.36	3.012048e+05	1.045810e+02	6.535742e+00	717.17	136.362943	4648	7.319e-02
300kHz_100dA_100Mss_bobN1M18-0024.txt	11.19	47.61	583.46	13.41	38460.00	1287.37	3.012048e+05	1.047091e+02	6.535461e+00	717.27	136.204827	4648	7.288e-02
300kHz_100dA_100Mss_bobN1M18-0025.txt	11.64	48.83	583.35	13.39	38460.00	1291.52	3.011400e+05	1.049852e+02	6.533746e+00	714.22	135.239344	4649	7.302e-02
300kHz_100dA_100Mss_bobN1M18-0026.txt	12.1	50.03	584.60	13.36	38460.00	1293.42	3.012048e+05	1.051826e+02	6.533506e+00	715.05	135.103919	4648	7.477e-02
300kHz_100dA_100Mss_bobN1M18-0027.txt	12.55	51.06	586.55	13.32	38460.00	1296.18	3.012048e+05	1.055144e+02	6.532496e+00	714.47	134.534718	4648	7.443e-02
300kHz_100dA_100Mss_bobN1M18-0028.txt	12.99	52.08	586.95	13.30	38460.00	1296.08	3.011400e+05	1.055417e+02	6.532339e+00	714.06	134.447721	4649	7.476e-02
300kHz_100dA_100Mss_bobN1M18-0029.txt	13.44	52.58	585.64	13.29	38460.00	1294.98	3.011400e+05	1.054492e+02	6.532077e+00	712.70	134.299913	4649	7.467e-02
300kHz_100dA_100Mss_bobN1M18-0030.txt	13.9	53.09	585.65	13.26	38460.00	1294.47	3.012048e+05	1.054451e+02	6.531040e+00	709.92	133.717920	4648	7.613e-02
300kHz_100dA_100Mss_bobN1M18-0031.txt	14.37	53.98	585.72	13.19	38460.00	1296.55	3.012048e+05	1.056534e+02	6.529224e+00	706.21	132.696880	4648	7.631e-02
300kHz_100dA_100Mss_bobN1M18-0032.txt	14.85	54.98	583.67	13.24	38460.00	1291.26	3.011400e+05	1.051797e+02	6.530693e+00	707.01	133.522787	4649	7.511e-02
300kHz_100dA_100Mss_bobN1M18-0033.txt	15.31	55.89	584.84	13.20	38460.00	1293.48	3.012048e+05	1.054503e+02	6.529717e+00	706.24	132.974449	4648	7.669e-02
300kHz_100dA_100Mss_bobN1M18-0034.txt	15.78	56.78	584.34	13.17	38460.00	1293.87	3.012048e+05	1.054572e+02	6.528921e+00	704.05	132.526941	4648	7.651e-02
300kHz_100dA_100Mss_bobN1M18-0035.txt	16.25	57.68	583.71	13.11	38460.00	1294.35	3.012048e+05	1.055481e+02	6.527089e+00	699.51	131.499109	4648	7.724e-02
300kHz_100dA_100Mss_bobN1M18-0036.txt	16.7	58.53	582.63	13.08	38460.00	1291.21	3.011400e+05	1.053560e+02	6.526878e+00	697.50	131.379544	4649	7.685e-02
300kHz_100dA_100Mss_bobN1M18-0037.txt	17.14	59.34	581.04	13.05	38460.00	1290.23	3.012048e+05	1.052519e+02	6.525961e+00	694.39	130.865453	4648	7.542e-02
300kHz_100dA_100Mss_bobN1M18-0038.txt	18.04	60.85	579.17	13.04	38460.00	1286.66	3.011400e+05	1.050166e+02	6.525531e+00	691.48	130.624739	4649	7.694e-02
300kHz_100dA_100Mss_bobN1M18-0039.txt	18.52	61.42	578.12	13.00	38460.00	1285.72	3.012048e+05	1.048562e+02	6.524604e+00	687.98	130.104562	4648	7.755e-02
300kHz_100dA_100Mss_bobN1M18-0040.txt	18.98	61.98	576.97	12.93	38460.00	1288.02	3.011400e+05	1.050922e+02	6.522231e+00	682.74	128.776037	4649	7.544e-02
300kHz_100dA_100Mss_bobN1M18-0041.txt	19.43	62.60	577.30	12.95	38460.00	1286.43	3.012048e+05	1.049746e+02	6.522971e+00	684.19	129.190951	4648	7.389e-02
300kHz_100dA_100Mss_bobN1M18-0042.txt	19.9	63.26	577.21	12.95	38460.00	1283.88	3.011400e+05	1.048360e+02	6.523725e+00	685.25	129.613280	4649	7.565e-02
300kHz_100dA_100Mss_bobN1M18-0043.txt	20.36	63.69	577.46	12.87	38460.00	1288.78	3.012048e+05	1.052103e+02	6.521027e+00	680.27	128.102980	4648	7.613e-02
300kHz_100dA_100Mss_bobN1M18-0044.txt	20.82	64.06	577.17	12.86	38460.00	1289.78	3.012048e+05	1.053201e+02	6.520850e+00	680.49	128.003792	4648	7.517e-02
300kHz_100dA_100Mss_bobN1M18-0045.txt	21.28	64.40	575.85	12.88	38460.00	1287.70	3.011400e+05	1.050969e+02	6.521186e+00	679.84	128.191676	4649	7.569e-02
300kHz_100dA_100Mss_bobN1M18-0046.txt	21.73	64.71	575.34	12.82	38460.00	1290.65	3.012048e+05	1.053007e+02	6.519468e+00	676.48	127.230462	4648	7.490e-02
300kHz_100dA_100Mss_bobN1M18-0047.txt	22.19	65.05	577.69	12.81	38460.00	1291.77	3.011400e+05	1.055357e+02	6.519706e+00	678.51	127.363587	4649	7.478e-02
300kHz_100dA_100Mss_bobN1M18-0048.txt	22.66	65.43	577.46	12.75	38460.00	1296.51	3.011400e+05	1.059079e+02	6.517794e+00	675.50	126.295688	4649	7.599e-02
300kHz_100dA_100Mss_bobN1M18-0049.txt	23.11	65.71	578.04	12.70	38460.00	1297.62	3.012048e+05	1.060318e+02	6.516820e+00	673.68	125.752052	4648	7.770e-02
300kHz_100dA_100Mss_bobN1M18-0050.txt	23.56	65.76	577.04	12.75	38460.00	1294.49	3.012048e+05	1.057257e+02	6.518023e+00	675.13	126.423998	4648	7.614e-02
300kHz_100dA_100Mss_bobN1M18-0051.txt	24.0	65.80	577.08	12.73	38460.00	1295.53	3.011400e+05	1.058494e+02	6.517742e+00	674.98	126.266740	4649	7.608e-02
300kHz_100dA_100Mss_bobN1M18-0052.txt	24.49	65.95	577.73	12.69	38460.00	1297.40	3.011400e+05	1.060491e+02	6.516857e+00	673.75	125.772779	4649	7.645e-02
300kHz_100dA_100Mss_bobN1M18-0053.txt	24.95	66.08	577.02	12.68	38460.00	1299.72	3.012048e+05	1.061646e+02	6.515962e+00	672.09	125.273586	4648	7.725e-02
300kHz_100dA_100Mss_bobN1M18-0054.txt	25.41	66.26	575.81	12.64	38460.00	1299.55	3.012048e+05	1.061103e+02	6.514752e+00	668.32	124.598108	4648	7.755e-02
300kHz_100dA_100Mss_bobN1M18-0055.txt	25.87	66.45	575.33	12.64	38460.00	1301.86	3.011400e+05	1.062884e+02	6.514469e+00	668.50	124.440709	4649	7.694e-02
300kHz_100dA_100Mss_bobN1M18-0056.txt	26.32	66.66	576.44	12.63	38460.00	1299.78	3.011400e+05	1.062291e+02	6.514801e+00	669.07	124.626197	4649	7.649e-02
300kHz_100dA_100Mss_bobN1M18-0057.txt	27.24	67.12	576.71	12.61	38460.00	1302.34	3.011400e+05	1.064739e+02	6.514350e+00	669.32	124.373616	4649	7.741e-02
300kHz_100dA_100Mss_bobN1M18-0058.txt	27.7	67.35	577.44	12.55	38460.00	1305.94	3.011400e+05	1.067887e+02	6.512660e+00	666.48	123.432363	4649	7.868e-02
300kHz_100dA_100Mss_bobN1M18-0059.txt	28.15	67.58	576.45	12.53	38460.00	1307.69	3.012048e+05	1.068182e+02	6.511802e+00	664.36	122.954263	4648	7.891e-02
300kHz_100dA_100Mss_bobN1M18-0060.txt	28.6	67.80	577.35	12.55	38460.00	1308.75	3.011400e+05	1.069996e+02	6.512459e+00	667.22	123.320436	4649	7.875e-02
