# Temperatura_=_53.82092592592593
# Concentracion g/m^3_=_22500.0
# C_Vs_to_Am_M_A/Vsm_=_59384043850.047264
# pendiente_HvsI_1/m_=_3716.3
# ordenada_HvsI_A/m_=_1297.0
# frecuencia_Hz_=_301181.82774305507
# Promedio de 54 ciclos

Tiempo_(s)	Campo_(V.s)	Magnetizacion_(V.s)	Campo_(kA/m)	Magnetizacion_(A/m)
0.000000e+00	-5.389507e-09	-2.104431e-08	-3.823772e+01	-1.248534e+03
1.000000e-08	-5.387511e-09	-2.103308e-08	-3.822355e+01	-1.248214e+03
2.000000e-08	-5.383593e-09	-2.102157e-08	-3.819575e+01	-1.247771e+03
3.000000e-08	-5.378001e-09	-2.101124e-08	-3.815608e+01	-1.247175e+03
4.000000e-08	-5.370808e-09	-2.100042e-08	-3.810505e+01	-1.246379e+03
5.000000e-08	-5.361915e-09	-2.098456e-08	-3.804195e+01	-1.245335e+03
6.000000e-08	-5.351022e-09	-2.096722e-08	-3.796467e+01	-1.244017e+03
7.000000e-08	-5.338098e-09	-2.095663e-08	-3.787297e+01	-1.242431e+03
8.000000e-08	-5.323120e-09	-2.091208e-08	-3.776671e+01	-1.240618e+03
9.000000e-08	-5.305738e-09	-2.082432e-08	-3.764338e+01	-1.238648e+03
1.000000e-07	-5.286094e-09	-2.079882e-08	-3.750401e+01	-1.236594e+03
1.100000e-07	-5.264584e-09	-2.079545e-08	-3.735140e+01	-1.234512e+03
1.200000e-07	-5.241447e-09	-2.077248e-08	-3.718725e+01	-1.232423e+03
1.300000e-07	-5.217021e-09	-2.078650e-08	-3.701395e+01	-1.230301e+03
1.400000e-07	-5.191173e-09	-2.066128e-08	-3.683056e+01	-1.228084e+03
1.500000e-07	-5.163414e-09	-2.056846e-08	-3.663362e+01	-1.225691e+03
1.600000e-07	-5.133915e-09	-2.064925e-08	-3.642432e+01	-1.223044e+03
1.700000e-07	-5.102888e-09	-2.050374e-08	-3.620420e+01	-1.220093e+03
1.800000e-07	-5.069921e-09	-2.038267e-08	-3.597029e+01	-1.216826e+03
1.900000e-07	-5.034940e-09	-2.040383e-08	-3.572211e+01	-1.213271e+03
2.000000e-07	-4.998365e-09	-2.030204e-08	-3.546262e+01	-1.209481e+03
2.100000e-07	-4.960117e-09	-2.030893e-08	-3.519125e+01	-1.205515e+03
2.200000e-07	-4.920123e-09	-2.025317e-08	-3.490750e+01	-1.201418e+03
2.300000e-07	-4.878331e-09	-2.007437e-08	-3.461100e+01	-1.197208e+03
2.400000e-07	-4.834548e-09	-2.004319e-08	-3.430036e+01	-1.192875e+03
2.500000e-07	-4.788944e-09	-1.999642e-08	-3.397681e+01	-1.188390e+03
2.600000e-07	-4.741590e-09	-1.992250e-08	-3.364084e+01	-1.183715e+03
2.700000e-07	-4.692383e-09	-1.983569e-08	-3.329172e+01	-1.178825e+03
2.800000e-07	-4.641141e-09	-1.972497e-08	-3.292817e+01	-1.173712e+03
2.900000e-07	-4.587866e-09	-1.969867e-08	-3.255019e+01	-1.168389e+03
3.000000e-07	-4.532892e-09	-1.962593e-08	-3.216016e+01	-1.162885e+03
3.100000e-07	-4.476414e-09	-1.948373e-08	-3.175946e+01	-1.157227e+03
3.200000e-07	-4.418285e-09	-1.935324e-08	-3.134704e+01	-1.151434e+03
3.300000e-07	-4.358424e-09	-1.928425e-08	-3.092233e+01	-1.145505e+03
3.400000e-07	-4.297050e-09	-1.922331e-08	-3.048690e+01	-1.139421e+03
3.500000e-07	-4.234305e-09	-1.907563e-08	-3.004173e+01	-1.133152e+03
3.600000e-07	-4.170151e-09	-1.895647e-08	-2.958657e+01	-1.126664e+03
3.700000e-07	-4.104405e-09	-1.886488e-08	-2.912011e+01	-1.119933e+03
3.800000e-07	-4.036929e-09	-1.875457e-08	-2.864138e+01	-1.112950e+03
3.900000e-07	-3.967928e-09	-1.862305e-08	-2.815182e+01	-1.105720e+03
4.000000e-07	-3.897652e-09	-1.846151e-08	-2.765323e+01	-1.098260e+03
4.100000e-07	-3.826112e-09	-1.835638e-08	-2.714566e+01	-1.090589e+03
4.200000e-07	-3.753196e-09	-1.825657e-08	-2.662833e+01	-1.082721e+03
4.300000e-07	-3.678682e-09	-1.811420e-08	-2.609967e+01	-1.074660e+03
4.400000e-07	-3.602574e-09	-1.794460e-08	-2.555969e+01	-1.066401e+03
4.500000e-07	-3.525063e-09	-1.779492e-08	-2.500976e+01	-1.057935e+03
4.600000e-07	-3.446139e-09	-1.767590e-08	-2.444981e+01	-1.049251e+03
4.700000e-07	-3.365780e-09	-1.752054e-08	-2.387968e+01	-1.040344e+03
4.800000e-07	-3.284131e-09	-1.735055e-08	-2.330039e+01	-1.031212e+03
4.900000e-07	-3.201363e-09	-1.719253e-08	-2.271316e+01	-1.021862e+03
5.000000e-07	-3.117563e-09	-1.705150e-08	-2.211862e+01	-1.012297e+03
5.100000e-07	-3.032851e-09	-1.689272e-08	-2.151759e+01	-1.002521e+03
5.200000e-07	-2.947269e-09	-1.670475e-08	-2.091041e+01	-9.925308e+02
5.300000e-07	-2.860738e-09	-1.652567e-08	-2.029648e+01	-9.823195e+02
5.400000e-07	-2.773229e-09	-1.636251e-08	-1.967562e+01	-9.718786e+02
5.500000e-07	-2.684776e-09	-1.618984e-08	-1.904805e+01	-9.612014e+02
5.600000e-07	-2.595339e-09	-1.599288e-08	-1.841351e+01	-9.502861e+02
5.700000e-07	-2.504814e-09	-1.580029e-08	-1.777125e+01	-9.391360e+02
5.800000e-07	-2.413244e-09	-1.562317e-08	-1.712158e+01	-9.277576e+02
5.900000e-07	-2.320836e-09	-1.543534e-08	-1.646596e+01	-9.161566e+02
6.000000e-07	-2.227722e-09	-1.522387e-08	-1.580533e+01	-9.043342e+02
6.100000e-07	-2.133888e-09	-1.501027e-08	-1.513959e+01	-8.922850e+02
6.200000e-07	-2.039298e-09	-1.481131e-08	-1.446849e+01	-8.799977e+02
6.300000e-07	-1.943984e-09	-1.461108e-08	-1.379225e+01	-8.674581e+02
6.400000e-07	-1.848005e-09	-1.439124e-08	-1.311130e+01	-8.546540e+02
6.500000e-07	-1.751390e-09	-1.416490e-08	-1.242583e+01	-8.415780e+02
6.600000e-07	-1.654101e-09	-1.394617e-08	-1.173558e+01	-8.282297e+02
6.700000e-07	-1.556097e-09	-1.372321e-08	-1.104025e+01	-8.146137e+02
6.800000e-07	-1.457384e-09	-1.348401e-08	-1.033990e+01	-8.007361e+02
6.900000e-07	-1.358031e-09	-1.323854e-08	-9.635004e+00	-7.865991e+02
7.000000e-07	-1.258158e-09	-1.300208e-08	-8.926423e+00	-7.721975e+02
7.100000e-07	-1.157882e-09	-1.276450e-08	-8.214978e+00	-7.575176e+02
7.200000e-07	-1.057277e-09	-1.251225e-08	-7.501201e+00	-7.425390e+02
7.300000e-07	-9.563721e-10	-1.224850e-08	-6.785298e+00	-7.272384e+02
7.400000e-07	-8.551603e-10	-1.198521e-08	-6.067217e+00	-7.115947e+02
7.500000e-07	-7.536411e-10	-1.172034e-08	-5.346954e+00	-6.955919e+02
7.600000e-07	-6.518560e-10	-1.144299e-08	-4.624805e+00	-6.792199e+02
7.700000e-07	-5.498548e-10	-1.115719e-08	-3.901121e+00	-6.624720e+02
7.800000e-07	-4.476622e-10	-1.087104e-08	-3.176081e+00	-6.453392e+02
7.900000e-07	-3.453071e-10	-1.058441e-08	-2.449887e+00	-6.278043e+02
8.000000e-07	-2.428276e-10	-1.028360e-08	-1.722811e+00	-6.098367e+02
8.100000e-07	-1.402606e-10	-9.966391e-09	-9.951140e-01	-5.913887e+02
8.200000e-07	-3.763640e-11	-9.642700e-09	-2.670111e-01	-5.723959e+02
8.300000e-07	6.500851e-11	-9.315608e-09	4.612387e-01	-5.527799e+02
8.400000e-07	1.676276e-10	-8.975283e-09	1.189305e+00	-5.324534e+02
8.500000e-07	2.701842e-10	-8.615168e-09	1.916929e+00	-5.113269e+02
8.600000e-07	3.726497e-10	-8.243509e-09	2.643905e+00	-4.893146e+02
8.700000e-07	4.749842e-10	-7.862242e-09	3.369953e+00	-4.663393e+02
8.800000e-07	5.771554e-10	-7.460614e-09	4.094842e+00	-4.423347e+02
8.900000e-07	6.791237e-10	-7.032250e-09	4.818291e+00	-4.172449e+02
9.000000e-07	7.808367e-10	-6.585539e-09	5.539929e+00	-3.910188e+02
9.100000e-07	8.822769e-10	-6.126180e-09	6.259631e+00	-3.636003e+02
9.200000e-07	9.834333e-10	-5.647699e-09	6.977321e+00	-3.349157e+02
9.300000e-07	1.084283e-09	-5.139005e-09	7.692834e+00	-3.048590e+02
9.400000e-07	1.184809e-09	-4.601978e-09	8.406052e+00	-2.732798e+02
9.500000e-07	1.284978e-09	-4.040740e-09	9.116736e+00	-2.399779e+02
9.600000e-07	1.384713e-09	-3.447493e-09	9.824341e+00	-2.047086e+02
9.700000e-07	1.483887e-09	-2.812143e-09	1.052796e+01	-1.672019e+02
9.800000e-07	1.582375e-09	-2.132701e-09	1.122672e+01	-1.271955e+02
9.900000e-07	1.680149e-09	-1.411969e-09	1.192041e+01	-8.447729e+01
1.000000e-06	1.777249e-09	-6.431516e-10	1.260932e+01	-3.893159e+01
1.010000e-06	1.873702e-09	1.776792e-10	1.329364e+01	9.419624e+00
1.020000e-06	1.969495e-09	1.043758e-09	1.397327e+01	6.038984e+01
1.030000e-06	2.064607e-09	1.942418e-09	1.464807e+01	1.136214e+02
1.040000e-06	2.159026e-09	2.867303e-09	1.531797e+01	1.686021e+02
1.050000e-06	2.252733e-09	3.815390e-09	1.598281e+01	2.247026e+02
1.060000e-06	2.345740e-09	4.771819e-09	1.664268e+01	2.812288e+02
1.070000e-06	2.438065e-09	5.720333e-09	1.729771e+01	3.374800e+02
1.080000e-06	2.529575e-09	6.648507e-09	1.794696e+01	3.928026e+02
1.090000e-06	2.620027e-09	7.552719e-09	1.858870e+01	4.466328e+02
1.100000e-06	2.709345e-09	8.427470e-09	1.922240e+01	4.985224e+02
1.110000e-06	2.797634e-09	9.263492e-09	1.984879e+01	5.481474e+02
1.120000e-06	2.884970e-09	1.005386e-08	2.046843e+01	5.953016e+02
1.130000e-06	2.971356e-09	1.079974e-08	2.108132e+01	6.398800e+02
1.140000e-06	3.056786e-09	1.150425e-08	2.168743e+01	6.818577e+02
1.150000e-06	3.141291e-09	1.216601e-08	2.228699e+01	7.212682e+02
1.160000e-06	3.224804e-09	1.278658e-08	2.287949e+01	7.581843e+02
1.170000e-06	3.307143e-09	1.336842e-08	2.346368e+01	7.927040e+02
1.180000e-06	3.388250e-09	1.391294e-08	2.403912e+01	8.249400e+02
1.190000e-06	3.468113e-09	1.441804e-08	2.460574e+01	8.550137e+02
1.200000e-06	3.546700e-09	1.488539e-08	2.516330e+01	8.830509e+02
1.210000e-06	3.624036e-09	1.531938e-08	2.571198e+01	9.091799e+02
1.220000e-06	3.700075e-09	1.572536e-08	2.625147e+01	9.335293e+02
1.230000e-06	3.774602e-09	1.610552e-08	2.678023e+01	9.562274e+02
1.240000e-06	3.847544e-09	1.646095e-08	2.729774e+01	9.773999e+02
1.250000e-06	3.919061e-09	1.679355e-08	2.780514e+01	9.971677e+02
1.260000e-06	3.989238e-09	1.710495e-08	2.830303e+01	1.015645e+03
1.270000e-06	4.058117e-09	1.739521e-08	2.879172e+01	1.032935e+03
1.280000e-06	4.125632e-09	1.766486e-08	2.927073e+01	1.049129e+03
1.290000e-06	4.191531e-09	1.791615e-08	2.973827e+01	1.064306e+03
1.300000e-06	4.255811e-09	1.815320e-08	3.019433e+01	1.078534e+03
1.310000e-06	4.318662e-09	1.837924e-08	3.064024e+01	1.091870e+03
1.320000e-06	4.380135e-09	1.859090e-08	3.107638e+01	1.104369e+03
1.330000e-06	4.440254e-09	1.878733e-08	3.150292e+01	1.116083e+03
1.340000e-06	4.498774e-09	1.897130e-08	3.191811e+01	1.127066e+03
1.350000e-06	4.555495e-09	1.914389e-08	3.232054e+01	1.137371e+03
1.360000e-06	4.610561e-09	1.930524e-08	3.271122e+01	1.147048e+03
1.370000e-06	4.663982e-09	1.945538e-08	3.309023e+01	1.156141e+03
1.380000e-06	4.715502e-09	1.959689e-08	3.345576e+01	1.164683e+03
1.390000e-06	4.764970e-09	1.973197e-08	3.380673e+01	1.172696e+03
1.400000e-06	4.812593e-09	1.985887e-08	3.414461e+01	1.180193e+03
1.410000e-06	4.858602e-09	1.997610e-08	3.447103e+01	1.187184e+03
1.420000e-06	4.903050e-09	2.008390e-08	3.478638e+01	1.193685e+03
1.430000e-06	4.945721e-09	2.018342e-08	3.508912e+01	1.199719e+03
1.440000e-06	4.986477e-09	2.027650e-08	3.537829e+01	1.205323e+03
1.450000e-06	5.025512e-09	2.036432e-08	3.565523e+01	1.210540e+03
1.460000e-06	5.062930e-09	2.044700e-08	3.592071e+01	1.215416e+03
1.470000e-06	5.098643e-09	2.052569e-08	3.617408e+01	1.219988e+03
1.480000e-06	5.132405e-09	2.059946e-08	3.641362e+01	1.224277e+03
1.490000e-06	5.164275e-09	2.066695e-08	3.663973e+01	1.228289e+03
1.500000e-06	5.194468e-09	2.072870e-08	3.685394e+01	1.232012e+03
1.510000e-06	5.222984e-09	2.078531e-08	3.705626e+01	1.235431e+03
1.520000e-06	5.249583e-09	2.083794e-08	3.724497e+01	1.238534e+03
1.530000e-06	5.274118e-09	2.088523e-08	3.741905e+01	1.241320e+03
1.540000e-06	5.296804e-09	2.092701e-08	3.758000e+01	1.243809e+03
1.550000e-06	5.317806e-09	2.096536e-08	3.772901e+01	1.246029e+03
1.560000e-06	5.337066e-09	2.100035e-08	3.786566e+01	1.248014e+03
1.570000e-06	5.354372e-09	2.103103e-08	3.798843e+01	1.249790e+03
1.580000e-06	5.369682e-09	2.105690e-08	3.809706e+01	1.251366e+03
1.590000e-06	5.383050e-09	2.107838e-08	3.819190e+01	1.252735e+03
1.600000e-06	5.394284e-09	2.109651e-08	3.827161e+01	1.253875e+03
1.610000e-06	5.403334e-09	2.111088e-08	3.833581e+01	1.254763e+03
1.620000e-06	5.410454e-09	2.112060e-08	3.838633e+01	1.255386e+03
1.630000e-06	5.415810e-09	2.112711e-08	3.842433e+01	1.255753e+03
1.640000e-06	5.419335e-09	2.113031e-08	3.844933e+01	1.255891e+03
1.650000e-06	5.420838e-09	2.112890e-08	3.846000e+01	1.255842e+03
1.660000e-06	5.420426e-09	2.112742e-08	3.845708e+01	1.255646e+03
1.670000e-06	5.418348e-09	2.112586e-08	3.844233e+01	1.255329e+03
1.680000e-06	5.414650e-09	2.111714e-08	3.841610e+01	1.254890e+03
1.690000e-06	5.409100e-09	2.110475e-08	3.837672e+01	1.254298e+03
1.700000e-06	5.401648e-09	2.108879e-08	3.832385e+01	1.253509e+03
1.710000e-06	5.392562e-09	2.106805e-08	3.825939e+01	1.252473e+03
1.720000e-06	5.381840e-09	2.103563e-08	3.818331e+01	1.251163e+03
1.730000e-06	5.369230e-09	2.100179e-08	3.809385e+01	1.249584e+03
1.740000e-06	5.354596e-09	2.103655e-08	3.799002e+01	1.247778e+03
1.750000e-06	5.337847e-09	2.102120e-08	3.787119e+01	1.245810e+03
1.760000e-06	5.318635e-09	2.094985e-08	3.773488e+01	1.243757e+03
1.770000e-06	5.296841e-09	2.088287e-08	3.758026e+01	1.241674e+03
1.780000e-06	5.273118e-09	2.076385e-08	3.741194e+01	1.239584e+03
1.790000e-06	5.248309e-09	2.085998e-08	3.723593e+01	1.237463e+03
1.800000e-06	5.222413e-09	2.091367e-08	3.705220e+01	1.235249e+03
1.810000e-06	5.194665e-09	2.066360e-08	3.685533e+01	1.232862e+03
1.820000e-06	5.164921e-09	2.071338e-08	3.664430e+01	1.230224e+03
1.830000e-06	5.133522e-09	2.077274e-08	3.642153e+01	1.227282e+03
1.840000e-06	5.100225e-09	2.062087e-08	3.618530e+01	1.224025e+03
1.850000e-06	5.065169e-09	2.065998e-08	3.593658e+01	1.220479e+03
1.860000e-06	5.028475e-09	2.049952e-08	3.567624e+01	1.216694e+03
1.870000e-06	4.989811e-09	2.035919e-08	3.540193e+01	1.212732e+03
1.880000e-06	4.949396e-09	2.044869e-08	3.511519e+01	1.208637e+03
1.890000e-06	4.907311e-09	2.030605e-08	3.481660e+01	1.204430e+03
1.900000e-06	4.863591e-09	2.022562e-08	3.450641e+01	1.200101e+03
1.910000e-06	4.818258e-09	2.016778e-08	3.418478e+01	1.195620e+03
1.920000e-06	4.770907e-09	2.004923e-08	3.384884e+01	1.190951e+03
1.930000e-06	4.721717e-09	2.006266e-08	3.349984e+01	1.186067e+03
1.940000e-06	4.670906e-09	1.984336e-08	3.313934e+01	1.180961e+03
1.950000e-06	4.618191e-09	1.972190e-08	3.276534e+01	1.175644e+03
1.960000e-06	4.563538e-09	1.973001e-08	3.237758e+01	1.170144e+03
1.970000e-06	4.507082e-09	1.962246e-08	3.197704e+01	1.164490e+03
1.980000e-06	4.449106e-09	1.954068e-08	3.156571e+01	1.158700e+03
1.990000e-06	4.389706e-09	1.934907e-08	3.114427e+01	1.152774e+03
2.000000e-06	4.328664e-09	1.930228e-08	3.071119e+01	1.146695e+03
2.010000e-06	4.265949e-09	1.924140e-08	3.026624e+01	1.140432e+03
2.020000e-06	4.201669e-09	1.907029e-08	2.981018e+01	1.133951e+03
2.030000e-06	4.135989e-09	1.898249e-08	2.934419e+01	1.127227e+03
2.040000e-06	4.068912e-09	1.883799e-08	2.886828e+01	1.120252e+03
2.050000e-06	4.000292e-09	1.877792e-08	2.838144e+01	1.113029e+03
2.060000e-06	3.930077e-09	1.862911e-08	2.788328e+01	1.105576e+03
2.070000e-06	3.858378e-09	1.844738e-08	2.737458e+01	1.097910e+03
2.080000e-06	3.785364e-09	1.835387e-08	2.685656e+01	1.090048e+03
2.090000e-06	3.710953e-09	1.822068e-08	2.632863e+01	1.081992e+03
2.100000e-06	3.635075e-09	1.810918e-08	2.579028e+01	1.073739e+03
2.110000e-06	3.557652e-09	1.791522e-08	2.524097e+01	1.065279e+03
2.120000e-06	3.478730e-09	1.777993e-08	2.468104e+01	1.056602e+03
2.130000e-06	3.398594e-09	1.766821e-08	2.411248e+01	1.047701e+03
2.140000e-06	3.317338e-09	1.750277e-08	2.353599e+01	1.038576e+03
2.150000e-06	3.235041e-09	1.732864e-08	2.295210e+01	1.029232e+03
2.160000e-06	3.151720e-09	1.713971e-08	2.236095e+01	1.019673e+03
2.170000e-06	3.067278e-09	1.702045e-08	2.176185e+01	1.009903e+03
2.180000e-06	2.981576e-09	1.685715e-08	2.115380e+01	9.999194e+02
2.190000e-06	2.894655e-09	1.666421e-08	2.053712e+01	9.897148e+02
2.200000e-06	2.806746e-09	1.648066e-08	1.991342e+01	9.792807e+02
2.210000e-06	2.717897e-09	1.631956e-08	1.928305e+01	9.686106e+02
2.220000e-06	2.628176e-09	1.615438e-08	1.864648e+01	9.577023e+02
2.230000e-06	2.537668e-09	1.593329e-08	1.800434e+01	9.465590e+02
2.240000e-06	2.446331e-09	1.573327e-08	1.735632e+01	9.351872e+02
2.250000e-06	2.354099e-09	1.555747e-08	1.670195e+01	9.235927e+02
2.260000e-06	2.260996e-09	1.537998e-08	1.604140e+01	9.117768e+02
2.270000e-06	2.167031e-09	1.516140e-08	1.537473e+01	8.997344e+02
2.280000e-06	2.072173e-09	1.493423e-08	1.470173e+01	8.874544e+02
2.290000e-06	1.976530e-09	1.473662e-08	1.402316e+01	8.749227e+02
2.300000e-06	1.880222e-09	1.453365e-08	1.333987e+01	8.621267e+02
2.310000e-06	1.783343e-09	1.430145e-08	1.265253e+01	8.490590e+02
2.320000e-06	1.685930e-09	1.405956e-08	1.196140e+01	8.357189e+02
2.330000e-06	1.587960e-09	1.384328e-08	1.126631e+01	8.221110e+02
2.340000e-06	1.489439e-09	1.362749e-08	1.056732e+01	8.082412e+02
2.350000e-06	1.390426e-09	1.338170e-08	9.864842e+00	7.941120e+02
2.360000e-06	1.291008e-09	1.311912e-08	9.159488e+00	7.797186e+02
2.370000e-06	1.191217e-09	1.287492e-08	8.451486e+00	7.650475e+02
2.380000e-06	1.091035e-09	1.263764e-08	7.740707e+00	7.500785e+02
2.390000e-06	9.904508e-10	1.237562e-08	7.027079e+00	7.347884e+02
2.400000e-06	8.894805e-10	1.209713e-08	6.310711e+00	7.191558e+02
2.410000e-06	7.881199e-10	1.182982e-08	5.591574e+00	7.031646e+02
2.420000e-06	6.863449e-10	1.156951e-08	4.869497e+00	6.868045e+02
2.430000e-06	5.842239e-10	1.128696e-08	4.144964e+00	6.700687e+02
2.440000e-06	4.818742e-10	1.098487e-08	3.418810e+00	6.529484e+02
2.450000e-06	3.793487e-10	1.068719e-08	2.691407e+00	6.354269e+02
2.460000e-06	2.766497e-10	1.039752e-08	1.962774e+00	6.174740e+02
2.470000e-06	1.738102e-10	1.008886e-08	1.233144e+00	5.990427e+02
2.480000e-06	7.092264e-11	9.756963e-09	5.031729e-01	5.800692e+02
2.490000e-06	-3.196164e-11	9.422436e-09	-2.267749e-01	5.604754e+02
2.500000e-06	-1.348218e-10	9.090555e-09	-9.565519e-01	5.401745e+02
2.510000e-06	-2.376083e-10	8.741802e-09	-1.685806e+00	5.190766e+02
2.520000e-06	-3.402592e-10	8.363132e-09	-2.414098e+00	4.970959e+02
2.530000e-06	-4.427476e-10	7.973155e-09	-3.141237e+00	4.741547e+02
2.540000e-06	-5.450597e-10	7.577600e-09	-3.867125e+00	4.501865e+02
2.550000e-06	-6.470911e-10	7.159643e-09	-4.591021e+00	4.251349e+02
2.560000e-06	-7.487285e-10	6.708677e-09	-5.312122e+00	3.989488e+02
2.570000e-06	-8.499677e-10	6.239568e-09	-6.030398e+00	3.715725e+02
2.580000e-06	-9.508464e-10	5.766653e-09	-6.746116e+00	3.429333e+02
2.590000e-06	-1.051346e-09	5.272259e-09	-7.459144e+00	3.129265e+02
2.600000e-06	-1.151434e-09	4.739859e-09	-8.169251e+00	2.814034e+02
2.610000e-06	-1.251108e-09	4.173709e-09	-8.876427e+00	2.481655e+02
2.620000e-06	-1.350367e-09	3.584761e-09	-9.580653e+00	2.129696e+02
2.630000e-06	-1.449170e-09	2.963392e-09	-1.028164e+01	1.755461e+02
2.640000e-06	-1.547480e-09	2.291114e-09	-1.097914e+01	1.356316e+02
2.650000e-06	-1.645281e-09	1.570857e-09	-1.167302e+01	9.301149e+01
2.660000e-06	-1.742551e-09	8.109731e-10	-1.236314e+01	4.756587e+01
2.670000e-06	-1.839267e-09	9.611275e-12	-1.304932e+01	-6.887781e-01
2.680000e-06	-1.935401e-09	-8.424584e-10	-1.373138e+01	-5.157206e+01
2.690000e-06	-2.030955e-09	-1.739028e-09	-1.440932e+01	-1.047323e+02
2.700000e-06	-2.125876e-09	-2.661437e-09	-1.508277e+01	-1.596622e+02
2.710000e-06	-2.219982e-09	-3.598936e-09	-1.575044e+01	-2.157359e+02
2.720000e-06	-2.313117e-09	-4.548780e-09	-1.641122e+01	-2.722606e+02
2.730000e-06	-2.405278e-09	-5.501851e-09	-1.706508e+01	-3.285347e+02
2.740000e-06	-2.496539e-09	-6.436703e-09	-1.771257e+01	-3.839022e+02
2.750000e-06	-2.586923e-09	-7.340918e-09	-1.835382e+01	-4.377957e+02
2.760000e-06	-2.676386e-09	-8.215097e-09	-1.898855e+01	-4.897624e+02
2.770000e-06	-2.764913e-09	-9.057540e-09	-1.961664e+01	-5.394739e+02
2.780000e-06	-2.852551e-09	-9.857512e-09	-2.023841e+01	-5.867201e+02
2.790000e-06	-2.939231e-09	-1.060850e-08	-2.085340e+01	-6.313927e+02
2.800000e-06	-3.024753e-09	-1.131661e-08	-2.146016e+01	-6.734645e+02
2.810000e-06	-3.109048e-09	-1.198733e-08	-2.205822e+01	-7.129671e+02
2.820000e-06	-3.192225e-09	-1.261576e-08	-2.264835e+01	-7.499722e+02
2.830000e-06	-3.274351e-09	-1.319761e-08	-2.323102e+01	-7.845770e+02
2.840000e-06	-3.355422e-09	-1.373975e-08	-2.380621e+01	-8.168939e+02
2.850000e-06	-3.435432e-09	-1.425086e-08	-2.437386e+01	-8.470441e+02
2.860000e-06	-3.514210e-09	-1.472984e-08	-2.493279e+01	-8.751534e+02
2.870000e-06	-3.591451e-09	-1.517306e-08	-2.548079e+01	-9.013497e+02
2.880000e-06	-3.667134e-09	-1.558383e-08	-2.601775e+01	-9.257619e+02
2.890000e-06	-3.741433e-09	-1.597057e-08	-2.654489e+01	-9.485183e+02
2.900000e-06	-3.814412e-09	-1.633486e-08	-2.706267e+01	-9.697445e+02
2.910000e-06	-3.886114e-09	-1.667099e-08	-2.757138e+01	-9.895620e+02
2.920000e-06	-3.956422e-09	-1.698088e-08	-2.807020e+01	-1.008085e+03
2.930000e-06	-4.025135e-09	-1.727261e-08	-2.855771e+01	-1.025417e+03
2.940000e-06	-4.092347e-09	-1.755016e-08	-2.903457e+01	-1.041650e+03
2.950000e-06	-4.158198e-09	-1.780934e-08	-2.950177e+01	-1.056864e+03
2.960000e-06	-4.222678e-09	-1.804796e-08	-2.995925e+01	-1.071126e+03
2.970000e-06	-4.285732e-09	-1.827184e-08	-3.040661e+01	-1.084495e+03
2.980000e-06	-4.347141e-09	-1.848565e-08	-3.084229e+01	-1.097024e+03
2.990000e-06	-4.406857e-09	-1.868588e-08	-3.126597e+01	-1.108767e+03
3.000000e-06	-4.465077e-09	-1.887000e-08	-3.167903e+01	-1.119776e+03
3.010000e-06	-4.521841e-09	-1.904268e-08	-3.208177e+01	-1.130106e+03
3.020000e-06	-4.577024e-09	-1.920842e-08	-3.247328e+01	-1.139806e+03
3.030000e-06	-4.630345e-09	-1.936447e-08	-3.285158e+01	-1.148921e+03
3.040000e-06	-4.681706e-09	-1.950882e-08	-3.321598e+01	-1.157483e+03
3.050000e-06	-4.731191e-09	-1.964401e-08	-3.356707e+01	-1.165516e+03
3.060000e-06	-4.778686e-09	-1.977385e-08	-3.390403e+01	-1.173033e+03
3.070000e-06	-4.824344e-09	-1.989465e-08	-3.422797e+01	-1.180044e+03
3.080000e-06	-4.868483e-09	-2.000378e-08	-3.454113e+01	-1.186563e+03
3.090000e-06	-4.911146e-09	-2.010350e-08	-3.484382e+01	-1.192615e+03
3.100000e-06	-4.952288e-09	-2.019807e-08	-3.513571e+01	-1.198234e+03
3.110000e-06	-4.991815e-09	-2.028937e-08	-3.541615e+01	-1.203466e+03
3.120000e-06	-5.029488e-09	-2.037299e-08	-3.568344e+01	-1.208355e+03
3.130000e-06	-5.065239e-09	-2.044748e-08	-3.593709e+01	-1.212938e+03
3.140000e-06	-5.099242e-09	-2.051763e-08	-3.617833e+01	-1.217239e+03
3.150000e-06	-5.131549e-09	-2.058636e-08	-3.640754e+01	-1.221263e+03
3.160000e-06	-5.161993e-09	-2.064900e-08	-3.662354e+01	-1.224998e+03
3.170000e-06	-5.190447e-09	-2.070562e-08	-3.682542e+01	-1.228429e+03
3.180000e-06	-5.217078e-09	-2.075809e-08	-3.701436e+01	-1.231545e+03
3.190000e-06	-5.241964e-09	-2.080720e-08	-3.719092e+01	-1.234344e+03
3.200000e-06	-5.264996e-09	-2.085031e-08	-3.735433e+01	-1.236844e+03
3.210000e-06	-5.286021e-09	-2.088586e-08	-3.750350e+01	-1.239075e+03
3.220000e-06	-5.305152e-09	-2.091788e-08	-3.763923e+01	-1.241069e+03
3.230000e-06	-5.322569e-09	-2.094882e-08	-3.776280e+01	-1.242853e+03
3.240000e-06	-5.338117e-09	-2.097672e-08	-3.787311e+01	-1.244438e+03
3.250000e-06	-5.351475e-09	-2.099949e-08	-3.796788e+01	-1.245816e+03
3.260000e-06	-5.362671e-09	-2.101732e-08	-3.804732e+01	-1.246966e+03
3.270000e-06	-5.372010e-09	-2.103230e-08	-3.811358e+01	-1.247865e+03
3.280000e-06	-5.379528e-09	-2.104372e-08	-3.816692e+01	-1.248499e+03
3.290000e-06	-5.385038e-09	-2.105055e-08	-3.820601e+01	-1.248876e+03
3.300000e-06	-5.388582e-09	-2.105423e-08	-3.823115e+01	-1.249023e+03
3.310000e-06	-5.390377e-09	-2.105714e-08	-3.824388e+01	-1.248981e+03
3.320000e-06	-5.390414e-09	-2.105420e-08	-3.824415e+01	-1.248792e+03
