# Configuracion:
# Concentracion g/m^3_=_22500.0
# C_Vs_to_Am_M_A/Vsm_=_59384043850.047264
# pendiente_HvsI_1/m_=_3716.3
# ordenada_HvsI_A/m_=_1297.0
# frecuencia_ref_Hz_=_301750.54101252405
# 
Resultados:
# tau_ns_=_(7.60+/-0.49)e+01
# dphi_rad_=_6.43+/-0.01
# SAR_W/g_=_753.63+/-45.28
# Hc_kA/m_=_13.11+/-0.57
# Mr_A/m_=_676.31+/-9.41
# Magnetizacion_max_=_1518.42+/-18.02
# Suceptibilidad_a_M=0_=_(1.002+/-0.035)e-01

Nombre_archivo	Time_m_(s)	Temperatura_(ºC)	Mr_(A/m)	Hc_(kA/m)	Campo_max_(A/m)	Mag_max_(A/m)	f0	mag0	dphi0	SAR_(W/g)	Tau_(ns)	N	xi_M_0
300kHz_150dA_100Mss_bobN1M18-0008.txt	7.85	23.19	660.22	14.33	57041.50	1503.93	3.017892e+05	1.271827e+02	6.442825e+00	824.49	84.922955	4639	8.997e-02
300kHz_150dA_100Mss_bobN1M18-0009.txt	8.31	24.67	682.12	14.18	57041.50	1539.56	3.017892e+05	1.304815e+02	6.441783e+00	840.40	84.359414	4639	9.280e-02
300kHz_150dA_100Mss_bobN1M18-0010.txt	8.76	26.52	686.70	14.19	57041.50	1528.45	3.017892e+05	1.298484e+02	6.442375e+00	839.42	84.680422	4639	9.428e-02
300kHz_150dA_100Mss_bobN1M18-0011.txt	9.21	27.90	690.93	14.14	57041.50	1533.28	3.017241e+05	1.303531e+02	6.441959e+00	840.32	84.455123	4640	9.216e-02
300kHz_150dA_100Mss_bobN1M18-0012.txt	9.7	28.83	696.44	14.00	57041.50	1543.02	3.017892e+05	1.313388e+02	6.440027e+00	836.64	83.409767	4639	9.397e-02
300kHz_150dA_100Mss_bobN1M18-0013.txt	10.16	30.06	699.99	14.02	57041.50	1545.62	3.017892e+05	1.315529e+02	6.440360e+00	839.77	83.589759	4639	9.823e-02
300kHz_150dA_100Mss_bobN1M18-0014.txt	10.61	31.90	700.09	13.91	57041.50	1539.38	3.017241e+05	1.312939e+02	6.439085e+00	831.19	82.900525	4640	9.707e-02
300kHz_150dA_100Mss_bobN1M18-0015.txt	11.06	33.71	697.84	13.95	57041.50	1533.65	3.017892e+05	1.307263e+02	6.439768e+00	831.37	83.269262	4639	9.578e-02
300kHz_150dA_100Mss_bobN1M18-0016.txt	11.51	35.28	694.82	13.79	57041.50	1528.98	3.017892e+05	1.304347e+02	6.437513e+00	817.67	82.049384	4639	9.771e-02
300kHz_150dA_100Mss_bobN1M18-0017.txt	11.97	36.90	690.68	13.57	57041.50	1519.82	3.017892e+05	1.298557e+02	6.434565e+00	798.60	80.456791	4639	9.975e-02
300kHz_150dA_100Mss_bobN1M18-0018.txt	12.44	37.97	686.66	13.63	57041.50	1513.72	3.017892e+05	1.292567e+02	6.434916e+00	796.75	80.646919	4639	9.800e-02
300kHz_150dA_100Mss_bobN1M18-0019.txt	13.39	40.21	682.66	13.52	57041.50	1503.86	3.017892e+05	1.284621e+02	6.433636e+00	785.22	79.955644	4639	9.918e-02
300kHz_150dA_100Mss_bobN1M18-0020.txt	13.85	41.41	681.16	13.58	57041.50	1499.17	3.017892e+05	1.280350e+02	6.434230e+00	785.68	80.276996	4639	9.914e-02
300kHz_150dA_100Mss_bobN1M18-0021.txt	14.3	42.19	680.08	13.41	57041.50	1498.60	3.017241e+05	1.281299e+02	6.432010e+00	774.63	79.078992	4640	1.020e-01
300kHz_150dA_100Mss_bobN1M18-0022.txt	14.78	42.81	678.92	13.37	57041.50	1494.70	3.017892e+05	1.278299e+02	6.431564e+00	770.68	78.838439	4639	1.012e-01
300kHz_150dA_100Mss_bobN1M18-0023.txt	15.23	43.35	677.32	13.43	57041.50	1487.44	3.017892e+05	1.272152e+02	6.432272e+00	770.60	79.220137	4639	1.005e-01
300kHz_150dA_100Mss_bobN1M18-0024.txt	15.71	43.88	676.74	13.42	57041.50	1488.46	3.017892e+05	1.272857e+02	6.431970e+00	769.48	79.057450	4639	9.986e-02
300kHz_150dA_100Mss_bobN1M18-0025.txt	16.16	44.31	677.44	13.36	57041.50	1491.77	3.017892e+05	1.275666e+02	6.431200e+00	767.22	78.641851	4639	1.009e-01
300kHz_150dA_100Mss_bobN1M18-0026.txt	16.61	44.63	677.00	13.29	57041.50	1494.86	3.017892e+05	1.278421e+02	6.429951e+00	762.43	77.969597	4639	9.844e-02
300kHz_150dA_100Mss_bobN1M18-0027.txt	17.07	44.98	676.93	13.27	57041.50	1493.67	3.017241e+05	1.277659e+02	6.429812e+00	761.10	77.894748	4640	9.923e-02
300kHz_150dA_100Mss_bobN1M18-0028.txt	17.54	45.55	677.26	13.28	57041.50	1495.44	3.017892e+05	1.278865e+02	6.429725e+00	761.53	77.849173	4639	9.871e-02
300kHz_150dA_100Mss_bobN1M18-0029.txt	18.01	46.11	676.61	13.18	57041.50	1497.62	3.017892e+05	1.281222e+02	6.428162e+00	754.86	77.006431	4639	9.941e-02
300kHz_150dA_100Mss_bobN1M18-0030.txt	18.47	46.62	675.51	13.10	57041.50	1499.15	3.017892e+05	1.282522e+02	6.426852e+00	748.84	76.299961	4639	9.969e-02
300kHz_150dA_100Mss_bobN1M18-0031.txt	18.92	47.11	675.96	13.18	57041.50	1495.87	3.017892e+05	1.279534e+02	6.428108e+00	753.58	76.976774	4639	1.030e-01
300kHz_150dA_100Mss_bobN1M18-0032.txt	19.41	47.69	675.20	13.16	57041.50	1497.53	3.017241e+05	1.281070e+02	6.427817e+00	752.82	76.820259	4640	9.728e-02
300kHz_150dA_100Mss_bobN1M18-0033.txt	19.87	48.24	675.24	13.01	57041.50	1505.45	3.017892e+05	1.287434e+02	6.425149e+00	742.86	75.383443	4639	1.012e-01
300kHz_150dA_100Mss_bobN1M18-0034.txt	20.32	48.62	674.69	13.04	57041.50	1504.80	3.017892e+05	1.286619e+02	6.425520e+00	744.31	75.584113	4639	1.010e-01
300kHz_150dA_100Mss_bobN1M18-0035.txt	20.78	48.95	674.66	13.05	57041.50	1503.57	3.017892e+05	1.285751e+02	6.425758e+00	745.05	75.712983	4639	1.007e-01
300kHz_150dA_100Mss_bobN1M18-0036.txt	21.23	49.26	673.16	12.88	57041.50	1511.58	3.017892e+05	1.292372e+02	6.422978e+00	734.38	74.216441	4639	9.894e-02
300kHz_150dA_100Mss_bobN1M18-0037.txt	21.7	49.59	673.24	12.89	57041.50	1511.40	3.017892e+05	1.292070e+02	6.423029e+00	734.47	74.244029	4639	9.876e-02
300kHz_150dA_100Mss_bobN1M18-0038.txt	22.6	50.28	673.00	12.80	57041.50	1512.71	3.017892e+05	1.293543e+02	6.421972e+00	729.79	73.673924	4639	1.004e-01
300kHz_150dA_100Mss_bobN1M18-0039.txt	23.05	50.67	672.17	12.80	57041.50	1514.07	3.017892e+05	1.294187e+02	6.421521e+00	727.80	73.431711	4639	9.948e-02
300kHz_150dA_100Mss_bobN1M18-0040.txt	23.54	51.36	671.98	12.84	57041.50	1515.82	3.017241e+05	1.295581e+02	6.421864e+00	730.21	73.616070	4640	1.001e-01
300kHz_150dA_100Mss_bobN1M18-0041.txt	24.02	52.03	671.43	12.81	57041.50	1513.63	3.017892e+05	1.293844e+02	6.421629e+00	728.17	73.490066	4639	9.960e-02
300kHz_150dA_100Mss_bobN1M18-0042.txt	24.49	52.83	671.90	12.73	57041.50	1517.77	3.017241e+05	1.297665e+02	6.420613e+00	724.83	72.943753	4640	1.026e-01
300kHz_150dA_100Mss_bobN1M18-0043.txt	24.96	53.63	670.71	12.66	57041.50	1520.15	3.017892e+05	1.299344e+02	6.419280e+00	718.93	72.227197	4639	1.015e-01
300kHz_150dA_100Mss_bobN1M18-0044.txt	25.43	54.60	670.83	12.60	57041.50	1525.19	3.017892e+05	1.303504e+02	6.418394e+00	716.57	71.750676	4639	1.033e-01
300kHz_150dA_100Mss_bobN1M18-0045.txt	25.88	55.55	670.00	12.61	57041.50	1522.78	3.017892e+05	1.301478e+02	6.418359e+00	715.27	71.732039	4639	1.022e-01
300kHz_150dA_100Mss_bobN1M18-0046.txt	26.35	56.78	669.76	12.66	57041.50	1525.27	3.017892e+05	1.302633e+02	6.418750e+00	717.96	71.942716	4639	9.967e-02
300kHz_150dA_100Mss_bobN1M18-0047.txt	26.84	58.15	669.79	12.63	57041.50	1528.12	3.017892e+05	1.304988e+02	6.418409e+00	717.46	71.758956	4639	1.012e-01
300kHz_150dA_100Mss_bobN1M18-0048.txt	27.3	59.50	669.50	12.54	57041.50	1527.70	3.017892e+05	1.305628e+02	6.417210e+00	711.49	71.115281	4639	1.031e-01
300kHz_150dA_100Mss_bobN1M18-0049.txt	27.75	60.85	669.20	12.45	57041.50	1535.46	3.017892e+05	1.311504e+02	6.415597e+00	706.14	70.248453	4639	1.038e-01
300kHz_150dA_100Mss_bobN1M18-0050.txt	28.2	62.24	668.82	12.55	57041.50	1530.98	3.017892e+05	1.307395e+02	6.417018e+00	711.43	71.012433	4639	1.033e-01
300kHz_150dA_100Mss_bobN1M18-0051.txt	28.68	63.78	668.18	12.51	57041.50	1532.44	3.017892e+05	1.308559e+02	6.416269e+00	708.11	70.610546	4639	1.041e-01
300kHz_150dA_100Mss_bobN1M18-0052.txt	29.15	65.25	667.65	12.56	57041.50	1531.16	3.017892e+05	1.306955e+02	6.416688e+00	709.45	70.835997	4639	1.030e-01
300kHz_150dA_100Mss_bobN1M18-0053.txt	29.59	66.57	668.45	12.45	57041.50	1535.76	3.017892e+05	1.311418e+02	6.415505e+00	705.60	70.200005	4639	1.037e-01
300kHz_150dA_100Mss_bobN1M18-0054.txt	30.1	68.10	667.44	12.42	57041.50	1540.87	3.017241e+05	1.315395e+02	6.414606e+00	702.81	69.717345	4640	1.059e-01
300kHz_150dA_100Mss_bobN1M18-0055.txt	30.58	69.54	666.53	12.32	57041.50	1544.13	3.017892e+05	1.318327e+02	6.413056e+00	696.27	68.885278	4639	1.059e-01
300kHz_150dA_100Mss_bobN1M18-0056.txt	31.04	70.91	666.65	12.41	57041.50	1539.23	3.017892e+05	1.313639e+02	6.414353e+00	700.68	69.581855	4639	1.048e-01
300kHz_150dA_100Mss_bobN1M18-0057.txt	31.95	73.46	666.35	12.44	57041.50	1542.38	3.017892e+05	1.315699e+02	6.414536e+00	702.76	69.680384	4639	1.041e-01
300kHz_150dA_100Mss_bobN1M18-0058.txt	32.4	74.64	666.07	12.37	57041.50	1546.56	3.017892e+05	1.319158e+02	6.413394e+00	698.51	69.066891	4639	1.052e-01
300kHz_150dA_100Mss_bobN1M18-0059.txt	32.86	75.84	665.45	12.26	57041.50	1551.28	3.017892e+05	1.323421e+02	6.411807e+00	692.27	68.214751	4639	1.068e-01
