# Configuracion:
# Concentracion g/m^3_=_22500.0
# C_Vs_to_Am_M_A/Vsm_=_59384043850.047264
# pendiente_HvsI_1/m_=_3716.3
# ordenada_HvsI_A/m_=_1297.0
# frecuencia_ref_Hz_=_301784.7997196169
# 
Resultados:
# tau_ns_=_(7.54+/-0.47)e+01
# dphi_rad_=_6.43+/-0.01
# SAR_W/g_=_768.80+/-50.21
# Hc_kA/m_=_13.05+/-0.55
# Mr_A/m_=_692.18+/-14.14
# Magnetizacion_max_=_1560.62+/-14.24
# Suceptibilidad_a_M=0_=_(1.016+/-0.030)e-01

Nombre_archivo	Time_m_(s)	Temperatura_(ºC)	Mr_(A/m)	Hc_(kA/m)	Campo_max_(A/m)	Mag_max_(A/m)	f0	mag0	dphi0	SAR_(W/g)	Tau_(ns)	N	xi_M_0
300kHz_150dA_100Mss_bobN1M18-0011.txt	11.12	26.07	701.98	14.07	57041.50	1575.67	3.017892e+05	1.337822e+02	6.440734e+00	856.01	83.788722	4639	9.429e-02
300kHz_150dA_100Mss_bobN1M18-0012.txt	11.58	27.86	706.71	14.10	57041.50	1579.57	3.017892e+05	1.341666e+02	6.440986e+00	859.83	83.925411	4639	9.665e-02
300kHz_150dA_100Mss_bobN1M18-0013.txt	12.04	29.66	709.52	14.04	57041.50	1582.09	3.017892e+05	1.344757e+02	6.440269e+00	857.93	83.538344	4639	9.375e-02
300kHz_150dA_100Mss_bobN1M18-0014.txt	12.5	31.50	711.10	13.93	57041.50	1581.70	3.017892e+05	1.345929e+02	6.438907e+00	851.29	82.801823	4639	9.553e-02
300kHz_150dA_100Mss_bobN1M18-0015.txt	12.95	33.30	712.22	13.87	57041.50	1583.91	3.017892e+05	1.348188e+02	6.438261e+00	849.21	82.452430	4639	9.676e-02
300kHz_150dA_100Mss_bobN1M18-0016.txt	13.41	35.10	712.47	13.82	57041.50	1582.75	3.017241e+05	1.348312e+02	6.437243e+00	843.58	81.902410	4640	9.913e-02
300kHz_150dA_100Mss_bobN1M18-0017.txt	13.86	36.85	712.31	13.73	57041.50	1583.63	3.017892e+05	1.349437e+02	6.436024e+00	837.83	81.244021	4639	9.963e-02
300kHz_150dA_100Mss_bobN1M18-0018.txt	14.31	38.42	711.39	13.75	57041.50	1576.02	3.017892e+05	1.343297e+02	6.436750e+00	837.95	81.636812	4639	9.905e-02
300kHz_150dA_100Mss_bobN1M18-0019.txt	15.22	41.34	706.88	13.68	57041.50	1562.66	3.017892e+05	1.333119e+02	6.435531e+00	825.05	80.977399	4639	1.002e-01
300kHz_150dA_100Mss_bobN1M18-0020.txt	15.67	42.64	704.34	13.52	57041.50	1561.60	3.017892e+05	1.333124e+02	6.433057e+00	811.76	79.641997	4639	1.015e-01
300kHz_150dA_100Mss_bobN1M18-0021.txt	16.13	43.72	702.50	13.49	57041.50	1557.86	3.017241e+05	1.330080e+02	6.432683e+00	807.72	79.441620	4640	1.032e-01
300kHz_150dA_100Mss_bobN1M18-0022.txt	16.59	44.13	700.80	13.43	57041.50	1553.40	3.017241e+05	1.326958e+02	6.431934e+00	801.82	79.038296	4640	1.000e-01
300kHz_150dA_100Mss_bobN1M18-0023.txt	17.04	44.57	699.43	13.49	57041.50	1549.66	3.017892e+05	1.323264e+02	6.432535e+00	802.97	79.363285	4639	1.015e-01
300kHz_150dA_100Mss_bobN1M18-0024.txt	17.53	45.45	697.59	13.31	57041.50	1551.91	3.017892e+05	1.325753e+02	6.429703e+00	789.34	77.835398	4639	1.000e-01
300kHz_150dA_100Mss_bobN1M18-0025.txt	17.98	46.26	698.00	13.33	57041.50	1548.67	3.017892e+05	1.323310e+02	6.430323e+00	791.19	78.169341	4639	1.038e-01
300kHz_150dA_100Mss_bobN1M18-0026.txt	18.43	46.73	697.41	13.36	57041.50	1550.09	3.017892e+05	1.323971e+02	6.430231e+00	791.10	78.119775	4639	1.036e-01
300kHz_150dA_100Mss_bobN1M18-0027.txt	18.87	47.17	697.06	13.27	57041.50	1551.17	3.017241e+05	1.325974e+02	6.429116e+00	786.16	77.518803	4640	1.012e-01
300kHz_150dA_100Mss_bobN1M18-0028.txt	19.32	47.59	697.19	13.19	57041.50	1551.47	3.017892e+05	1.326414e+02	6.428080e+00	781.05	76.961131	4639	1.014e-01
300kHz_150dA_100Mss_bobN1M18-0029.txt	19.76	47.98	696.47	13.19	57041.50	1551.11	3.017892e+05	1.326082e+02	6.427898e+00	779.88	76.863476	4639	1.008e-01
300kHz_150dA_100Mss_bobN1M18-0030.txt	20.22	48.35	695.76	13.11	57041.50	1553.55	3.017241e+05	1.328411e+02	6.426499e+00	773.58	76.109427	4640	9.888e-02
300kHz_150dA_100Mss_bobN1M18-0031.txt	20.67	48.67	695.80	13.05	57041.50	1557.59	3.017892e+05	1.331410e+02	6.425473e+00	769.98	75.556219	4639	1.032e-01
300kHz_150dA_100Mss_bobN1M18-0032.txt	21.13	48.98	695.11	13.17	57041.50	1551.71	3.017241e+05	1.326314e+02	6.427230e+00	776.27	76.503169	4640	9.860e-02
300kHz_150dA_100Mss_bobN1M18-0033.txt	21.57	49.24	695.20	13.08	57041.50	1552.15	3.017241e+05	1.327263e+02	6.426275e+00	771.71	75.988400	4640	1.013e-01
300kHz_150dA_100Mss_bobN1M18-0034.txt	22.06	49.51	694.58	13.05	57041.50	1553.50	3.017241e+05	1.328333e+02	6.425485e+00	768.09	75.563041	4640	9.962e-02
300kHz_150dA_100Mss_bobN1M18-0035.txt	22.52	49.55	694.12	13.03	57041.50	1557.14	3.017892e+05	1.330550e+02	6.424878e+00	766.28	75.237250	4639	1.030e-01
300kHz_150dA_100Mss_bobN1M18-0036.txt	22.97	49.60	693.78	13.00	57041.50	1556.97	3.017241e+05	1.330776e+02	6.424541e+00	764.44	75.055890	4640	9.986e-02
300kHz_150dA_100Mss_bobN1M18-0037.txt	23.41	49.31	693.30	12.98	57041.50	1558.07	3.017892e+05	1.331396e+02	6.424114e+00	762.66	74.826334	4639	9.931e-02
300kHz_150dA_100Mss_bobN1M18-0038.txt	24.32	48.68	691.91	12.90	57041.50	1558.28	3.017241e+05	1.332247e+02	6.423066e+00	757.35	74.263186	4640	1.024e-01
300kHz_150dA_100Mss_bobN1M18-0039.txt	24.78	48.35	690.95	12.87	57041.50	1561.24	3.017241e+05	1.334217e+02	6.422253e+00	754.09	73.825680	4640	1.020e-01
300kHz_150dA_100Mss_bobN1M18-0040.txt	25.24	48.20	690.73	12.76	57041.50	1561.58	3.017241e+05	1.335655e+02	6.420712e+00	746.59	72.995682	4640	1.031e-01
300kHz_150dA_100Mss_bobN1M18-0041.txt	25.7	48.20	691.15	12.76	57041.50	1564.56	3.017241e+05	1.337375e+02	6.420964e+00	748.91	73.132501	4640	1.034e-01
300kHz_150dA_100Mss_bobN1M18-0042.txt	26.16	48.30	690.41	12.76	57041.50	1566.47	3.017241e+05	1.338666e+02	6.420451e+00	746.86	72.857879	4640	1.038e-01
300kHz_150dA_100Mss_bobN1M18-0043.txt	26.63	48.58	690.41	12.75	57041.50	1564.74	3.017241e+05	1.337335e+02	6.420482e+00	746.29	72.875338	4640	1.043e-01
300kHz_150dA_100Mss_bobN1M18-0044.txt	27.11	48.86	690.03	12.72	57041.50	1566.33	3.017241e+05	1.338675e+02	6.419891e+00	743.84	72.555934	4640	1.033e-01
300kHz_150dA_100Mss_bobN1M18-0045.txt	27.56	49.08	689.19	12.64	57041.50	1569.34	3.017892e+05	1.340901e+02	6.418647e+00	738.49	71.884941	4639	1.039e-01
300kHz_150dA_100Mss_bobN1M18-0046.txt	28.01	49.30	688.29	12.60	57041.50	1571.85	3.017241e+05	1.343359e+02	6.417802e+00	735.10	71.431359	4640	1.051e-01
300kHz_150dA_100Mss_bobN1M18-0047.txt	28.46	49.30	688.18	12.55	57041.50	1572.27	3.017892e+05	1.343495e+02	6.417147e+00	731.78	71.079257	4639	1.041e-01
300kHz_150dA_100Mss_bobN1M18-0048.txt	28.91	49.30	687.89	12.58	57041.50	1574.52	3.017892e+05	1.344920e+02	6.417345e+00	733.63	71.186408	4639	1.049e-01
300kHz_150dA_100Mss_bobN1M18-0049.txt	29.36	49.91	687.40	12.48	57041.50	1579.42	3.017892e+05	1.349087e+02	6.415876e+00	727.89	70.397435	4639	1.055e-01
300kHz_150dA_100Mss_bobN1M18-0050.txt	29.84	50.73	681.26	12.46	57041.50	1564.34	3.017892e+05	1.336424e+02	6.415663e+00	719.91	70.283363	4639	1.049e-01
300kHz_150dA_100Mss_bobN1M18-0051.txt	30.3	51.63	679.11	12.50	57041.50	1559.68	3.017241e+05	1.332403e+02	6.415976e+00	719.28	70.453046	4640	1.049e-01
300kHz_150dA_100Mss_bobN1M18-0052.txt	30.75	52.58	678.34	12.38	57041.50	1565.66	3.017892e+05	1.337443e+02	6.413918e+00	711.03	69.348040	4639	1.059e-01
300kHz_150dA_100Mss_bobN1M18-0053.txt	31.2	53.78	679.06	12.37	57041.50	1571.03	3.017892e+05	1.341239e+02	6.413852e+00	712.68	69.312142	4639	1.060e-01
300kHz_150dA_100Mss_bobN1M18-0054.txt	31.65	55.31	666.40	12.25	57041.50	1546.30	3.017892e+05	1.320713e+02	6.411936e+00	691.54	68.283264	4639	1.019e-01
300kHz_150dA_100Mss_bobN1M18-0055.txt	32.1	56.99	663.95	12.34	57041.50	1532.81	3.017892e+05	1.309388e+02	6.413465e+00	693.71	69.104200	4639	1.046e-01
300kHz_150dA_100Mss_bobN1M18-0056.txt	32.56	59.24	658.96	12.23	57041.50	1531.31	3.017892e+05	1.307520e+02	6.411500e+00	682.33	68.049975	4639	1.011e-01
300kHz_150dA_100Mss_bobN1M18-0057.txt	33.46	63.10	656.11	12.14	57041.50	1528.70	3.017892e+05	1.305472e+02	6.410185e+00	674.32	67.344873	4639	1.046e-01
300kHz_150dA_100Mss_bobN1M18-0058.txt	33.92	64.80	652.00	12.15	57041.50	1523.49	3.017241e+05	1.300692e+02	6.410297e+00	672.29	67.405456	4640	1.018e-01
