# Temperatura_=_53.358269230769224
# Concentracion g/m^3_=_22500.0
# C_Vs_to_Am_M_A/Vsm_=_59384043850.047264
# pendiente_HvsI_1/m_=_3716.3
# ordenada_HvsI_A/m_=_1297.0
# frecuencia_Hz_=_301225.89605069184
# Promedio de 52 ciclos

Tiempo_(s)	Campo_(V.s)	Magnetizacion_(V.s)	Campo_(kA/m)	Magnetizacion_(A/m)
0.000000e+00	-5.354803e-09	-2.150723e-08	-3.822794e+01	-1.276016e+03
1.000000e-08	-5.353401e-09	-2.149688e-08	-3.821793e+01	-1.275699e+03
2.000000e-08	-5.350026e-09	-2.148897e-08	-3.819384e+01	-1.275263e+03
3.000000e-08	-5.344904e-09	-2.148205e-08	-3.815727e+01	-1.274724e+03
4.000000e-08	-5.338200e-09	-2.146989e-08	-3.810941e+01	-1.274065e+03
5.000000e-08	-5.329906e-09	-2.145420e-08	-3.805020e+01	-1.273235e+03
6.000000e-08	-5.319687e-09	-2.143416e-08	-3.797725e+01	-1.272164e+03
7.000000e-08	-5.307380e-09	-2.141849e-08	-3.788939e+01	-1.270793e+03
8.000000e-08	-5.293219e-09	-2.140653e-08	-3.778830e+01	-1.269091e+03
9.000000e-08	-5.276777e-09	-2.134579e-08	-3.767092e+01	-1.267076e+03
1.000000e-07	-5.257919e-09	-2.126276e-08	-3.753629e+01	-1.264809e+03
1.100000e-07	-5.237091e-09	-2.124007e-08	-3.738760e+01	-1.262379e+03
1.200000e-07	-5.214515e-09	-2.123557e-08	-3.722643e+01	-1.259874e+03
1.300000e-07	-5.190504e-09	-2.123064e-08	-3.705501e+01	-1.257354e+03
1.400000e-07	-5.165284e-09	-2.122731e-08	-3.687497e+01	-1.254831e+03
1.500000e-07	-5.138317e-09	-2.106550e-08	-3.668245e+01	-1.252267e+03
1.600000e-07	-5.109394e-09	-2.100846e-08	-3.647598e+01	-1.249588e+03
1.700000e-07	-5.079022e-09	-2.109852e-08	-3.625915e+01	-1.246711e+03
1.800000e-07	-5.047006e-09	-2.095133e-08	-3.603059e+01	-1.243569e+03
1.900000e-07	-5.012817e-09	-2.085052e-08	-3.578651e+01	-1.240136e+03
2.000000e-07	-4.976889e-09	-2.083153e-08	-3.553002e+01	-1.236430e+03
2.100000e-07	-4.939458e-09	-2.075521e-08	-3.526280e+01	-1.232499e+03
2.200000e-07	-4.900214e-09	-2.077816e-08	-3.498264e+01	-1.228403e+03
2.300000e-07	-4.859322e-09	-2.067658e-08	-3.469071e+01	-1.224187e+03
2.400000e-07	-4.816482e-09	-2.049479e-08	-3.438488e+01	-1.219861e+03
2.500000e-07	-4.771675e-09	-2.047817e-08	-3.406500e+01	-1.215401e+03
2.600000e-07	-4.725184e-09	-2.041828e-08	-3.373310e+01	-1.210755e+03
2.700000e-07	-4.676913e-09	-2.032602e-08	-3.338849e+01	-1.205869e+03
2.800000e-07	-4.626735e-09	-2.020654e-08	-3.303028e+01	-1.200700e+03
2.900000e-07	-4.574446e-09	-2.009147e-08	-3.265698e+01	-1.195240e+03
3.000000e-07	-4.520273e-09	-2.005868e-08	-3.227024e+01	-1.189514e+03
3.100000e-07	-4.464561e-09	-1.994608e-08	-3.187252e+01	-1.183567e+03
3.200000e-07	-4.407344e-09	-1.978672e-08	-3.146405e+01	-1.177449e+03
3.300000e-07	-4.348389e-09	-1.966637e-08	-3.104317e+01	-1.171193e+03
3.400000e-07	-4.287789e-09	-1.962171e-08	-3.061054e+01	-1.164806e+03
3.500000e-07	-4.225817e-09	-1.953637e-08	-3.016812e+01	-1.158266e+03
3.600000e-07	-4.162461e-09	-1.936248e-08	-2.971582e+01	-1.151533e+03
3.700000e-07	-4.097676e-09	-1.923752e-08	-2.925333e+01	-1.144569e+03
3.800000e-07	-4.031194e-09	-1.913767e-08	-2.877871e+01	-1.137350e+03
3.900000e-07	-3.963020e-09	-1.902067e-08	-2.829202e+01	-1.129877e+03
4.000000e-07	-3.893503e-09	-1.888151e-08	-2.779574e+01	-1.122172e+03
4.100000e-07	-3.822748e-09	-1.872272e-08	-2.729062e+01	-1.114268e+03
4.200000e-07	-3.750753e-09	-1.861505e-08	-2.677664e+01	-1.106193e+03
4.300000e-07	-3.677349e-09	-1.850138e-08	-2.625261e+01	-1.097955e+03
4.400000e-07	-3.602295e-09	-1.834554e-08	-2.571680e+01	-1.089541e+03
4.500000e-07	-3.525708e-09	-1.817595e-08	-2.517005e+01	-1.080921e+03
4.600000e-07	-3.447774e-09	-1.803435e-08	-2.461368e+01	-1.072061e+03
4.700000e-07	-3.368439e-09	-1.790841e-08	-2.404731e+01	-1.062936e+03
4.800000e-07	-3.287726e-09	-1.773436e-08	-2.347110e+01	-1.053544e+03
4.900000e-07	-3.205790e-09	-1.755723e-08	-2.288616e+01	-1.043904e+03
5.000000e-07	-3.122745e-09	-1.739707e-08	-2.229330e+01	-1.034049e+03
5.100000e-07	-3.038705e-09	-1.725303e-08	-2.169333e+01	-1.024012e+03
5.200000e-07	-2.953831e-09	-1.708063e-08	-2.108742e+01	-1.013810e+03
5.300000e-07	-2.868097e-09	-1.688158e-08	-2.047537e+01	-1.003439e+03
5.400000e-07	-2.781393e-09	-1.670445e-08	-1.985639e+01	-9.928723e+02
5.500000e-07	-2.693749e-09	-1.653936e-08	-1.923069e+01	-9.820701e+02
5.600000e-07	-2.605205e-09	-1.635416e-08	-1.859858e+01	-9.709975e+02
5.700000e-07	-2.515659e-09	-1.614231e-08	-1.795931e+01	-9.596355e+02
5.800000e-07	-2.425021e-09	-1.594762e-08	-1.731224e+01	-9.479892e+02
5.900000e-07	-2.333390e-09	-1.576662e-08	-1.665809e+01	-9.360839e+02
6.000000e-07	-2.240986e-09	-1.556688e-08	-1.599842e+01	-9.239544e+02
6.100000e-07	-2.147907e-09	-1.534542e-08	-1.533393e+01	-9.116301e+02
6.200000e-07	-2.054098e-09	-1.513096e-08	-1.466423e+01	-8.991216e+02
6.300000e-07	-1.959547e-09	-1.493149e-08	-1.398923e+01	-8.864164e+02
6.400000e-07	-1.864328e-09	-1.471673e-08	-1.330946e+01	-8.734823e+02
6.500000e-07	-1.768513e-09	-1.448008e-08	-1.262544e+01	-8.602799e+02
6.600000e-07	-1.672080e-09	-1.424689e-08	-1.193700e+01	-8.467763e+02
6.700000e-07	-1.574968e-09	-1.402767e-08	-1.124372e+01	-8.329567e+02
6.800000e-07	-1.477156e-09	-1.379747e-08	-1.054544e+01	-8.188280e+02
6.900000e-07	-1.378673e-09	-1.354735e-08	-9.842373e+00	-8.044128e+02
7.000000e-07	-1.279581e-09	-1.329540e-08	-9.134954e+00	-7.897376e+02
7.100000e-07	-1.179986e-09	-1.305336e-08	-8.423942e+00	-7.748189e+02
7.200000e-07	-1.080001e-09	-1.280468e-08	-7.710154e+00	-7.596535e+02
7.300000e-07	-9.796941e-10	-1.253807e-08	-6.994059e+00	-7.442162e+02
7.400000e-07	-8.790880e-10	-1.226592e-08	-6.275832e+00	-7.284662e+02
7.500000e-07	-7.781977e-10	-1.199990e-08	-5.555576e+00	-7.123588e+02
7.600000e-07	-6.770490e-10	-1.173077e-08	-4.833475e+00	-6.958580e+02
7.700000e-07	-5.756890e-10	-1.144430e-08	-4.109866e+00	-6.789441e+02
7.800000e-07	-4.741432e-10	-1.114815e-08	-3.384931e+00	-6.616134e+02
7.900000e-07	-3.724240e-10	-1.085546e-08	-2.658757e+00	-6.438702e+02
8.000000e-07	-2.705900e-10	-1.056069e-08	-1.931765e+00	-6.257133e+02
8.100000e-07	-1.686604e-10	-1.024454e-08	-1.204089e+00	-6.071225e+02
8.200000e-07	-6.664559e-11	-9.912505e-09	-4.758054e-01	-5.880494e+02
8.300000e-07	3.539802e-11	-9.580097e-09	2.526841e-01	-5.684167e+02
8.400000e-07	1.374155e-10	-9.245096e-09	9.809873e-01	-5.481246e+02
8.500000e-07	2.393780e-10	-8.892730e-09	1.708897e+00	-5.270637e+02
8.600000e-07	3.412641e-10	-8.519700e-09	2.436262e+00	-5.051283e+02
8.700000e-07	4.430320e-10	-8.136988e-09	3.162783e+00	-4.822280e+02
8.800000e-07	5.446497e-10	-7.742221e-09	3.888232e+00	-4.582920e+02
8.900000e-07	6.460933e-10	-7.321497e-09	4.612438e+00	-4.332670e+02
9.000000e-07	7.473164e-10	-6.871137e-09	5.335070e+00	-4.071074e+02
9.100000e-07	8.482882e-10	-6.406114e-09	6.055908e+00	-3.797624e+02
9.200000e-07	9.489943e-10	-5.929761e-09	6.774850e+00	-3.511599e+02
9.300000e-07	1.049404e-09	-5.426762e-09	7.491678e+00	-3.211924e+02
9.400000e-07	1.149480e-09	-4.891852e-09	8.206117e+00	-2.897061e+02
9.500000e-07	1.249172e-09	-4.329987e-09	8.917817e+00	-2.564950e+02
9.600000e-07	1.348406e-09	-3.739469e-09	9.626249e+00	-2.213054e+02
9.700000e-07	1.447073e-09	-3.107165e-09	1.033064e+01	-1.838490e+02
9.800000e-07	1.545069e-09	-2.424373e-09	1.103023e+01	-1.438306e+02
9.900000e-07	1.642351e-09	-1.696743e-09	1.172472e+01	-1.009861e+02
1.000000e-06	1.738973e-09	-9.257285e-10	1.241451e+01	-5.512967e+01
1.010000e-06	1.834991e-09	-1.018133e-10	1.309998e+01	-6.202300e+00
1.020000e-06	1.930402e-09	7.788523e-10	1.378112e+01	4.568678e+01
1.030000e-06	2.025166e-09	1.704705e-09	1.445764e+01	1.002362e+02
1.040000e-06	2.119249e-09	2.660042e-09	1.512930e+01	1.569529e+02
1.050000e-06	2.212650e-09	3.641209e-09	1.579609e+01	2.151808e+02
1.060000e-06	2.305382e-09	4.641273e-09	1.645810e+01	2.741537e+02
1.070000e-06	2.397439e-09	5.640957e-09	1.711530e+01	3.330646e+02
1.080000e-06	2.488669e-09	6.618895e-09	1.776659e+01	3.911383e+02
1.090000e-06	2.578809e-09	7.567832e-09	1.841010e+01	4.476943e+02
1.100000e-06	2.667804e-09	8.486218e-09	1.904543e+01	5.021895e+02
1.110000e-06	2.755818e-09	9.364851e-09	1.967377e+01	5.542363e+02
1.120000e-06	2.842951e-09	1.019217e-08	2.029581e+01	6.035956e+02
1.130000e-06	2.929144e-09	1.096986e-08	2.091114e+01	6.501534e+02
1.140000e-06	3.014377e-09	1.170578e-08	2.151962e+01	6.938890e+02
1.150000e-06	3.098707e-09	1.239854e-08	2.212166e+01	7.348439e+02
1.160000e-06	3.182046e-09	1.304247e-08	2.271661e+01	7.730982e+02
1.170000e-06	3.264178e-09	1.363972e-08	2.330295e+01	8.087566e+02
1.180000e-06	3.345070e-09	1.419717e-08	2.388044e+01	8.419421e+02
1.190000e-06	3.424786e-09	1.471723e-08	2.444953e+01	8.727937e+02
1.200000e-06	3.503265e-09	1.519787e-08	2.500979e+01	9.014640e+02
1.210000e-06	3.580492e-09	1.564186e-08	2.556112e+01	9.281147e+02
1.220000e-06	3.656463e-09	1.605785e-08	2.610347e+01	9.529085e+02
1.230000e-06	3.730926e-09	1.644871e-08	2.663506e+01	9.760009e+02
1.240000e-06	3.803781e-09	1.681292e-08	2.715518e+01	9.975338e+02
1.250000e-06	3.875247e-09	1.714889e-08	2.766538e+01	1.017632e+03
1.260000e-06	3.945385e-09	1.746222e-08	2.816609e+01	1.036405e+03
1.270000e-06	4.014235e-09	1.775704e-08	2.865761e+01	1.053951e+03
1.280000e-06	4.081793e-09	1.803255e-08	2.913991e+01	1.070362e+03
1.290000e-06	4.147737e-09	1.828785e-08	2.961068e+01	1.085723e+03
1.300000e-06	4.212046e-09	1.852834e-08	3.006978e+01	1.100119e+03
1.310000e-06	4.274943e-09	1.875887e-08	3.051881e+01	1.113626e+03
1.320000e-06	4.336457e-09	1.897451e-08	3.095796e+01	1.126312e+03
1.330000e-06	4.396680e-09	1.917224e-08	3.138789e+01	1.138232e+03
1.340000e-06	4.455339e-09	1.935756e-08	3.180665e+01	1.149431e+03
1.350000e-06	4.512158e-09	1.953501e-08	3.221229e+01	1.159949e+03
1.360000e-06	4.567332e-09	1.970298e-08	3.260618e+01	1.169819e+03
1.370000e-06	4.620903e-09	1.985702e-08	3.298862e+01	1.179078e+03
1.380000e-06	4.672628e-09	1.999998e-08	3.335788e+01	1.187765e+03
1.390000e-06	4.722274e-09	2.013637e-08	3.371231e+01	1.195918e+03
1.400000e-06	4.770054e-09	2.026560e-08	3.405341e+01	1.203572e+03
1.410000e-06	4.816241e-09	2.038553e-08	3.438314e+01	1.210755e+03
1.420000e-06	4.860917e-09	2.049617e-08	3.470208e+01	1.217488e+03
1.430000e-06	4.903857e-09	2.060108e-08	3.500863e+01	1.223785e+03
1.440000e-06	4.944840e-09	2.069976e-08	3.530121e+01	1.229659e+03
1.450000e-06	4.984103e-09	2.078982e-08	3.558151e+01	1.235128e+03
1.460000e-06	5.021740e-09	2.087239e-08	3.585019e+01	1.240216e+03
1.470000e-06	5.057751e-09	2.095118e-08	3.610728e+01	1.244956e+03
1.480000e-06	5.091844e-09	2.102756e-08	3.635067e+01	1.249381e+03
1.490000e-06	5.123988e-09	2.109834e-08	3.658014e+01	1.253519e+03
1.500000e-06	5.154483e-09	2.116399e-08	3.679785e+01	1.257384e+03
1.510000e-06	5.183347e-09	2.122517e-08	3.700391e+01	1.260978e+03
1.520000e-06	5.210347e-09	2.128074e-08	3.719666e+01	1.264288e+03
1.530000e-06	5.235252e-09	2.132909e-08	3.737446e+01	1.267298e+03
1.540000e-06	5.258273e-09	2.137209e-08	3.753881e+01	1.269999e+03
1.550000e-06	5.279604e-09	2.141385e-08	3.769109e+01	1.272397e+03
1.560000e-06	5.299231e-09	2.145305e-08	3.783121e+01	1.274515e+03
1.570000e-06	5.316934e-09	2.148705e-08	3.795759e+01	1.276388e+03
1.580000e-06	5.332638e-09	2.151543e-08	3.806970e+01	1.278051e+03
1.590000e-06	5.346449e-09	2.154030e-08	3.816830e+01	1.279528e+03
1.600000e-06	5.358220e-09	2.156217e-08	3.825233e+01	1.280820e+03
1.610000e-06	5.367767e-09	2.157777e-08	3.832049e+01	1.281910e+03
1.620000e-06	5.375313e-09	2.158693e-08	3.837436e+01	1.282767e+03
1.630000e-06	5.381088e-09	2.159494e-08	3.841559e+01	1.283363e+03
1.640000e-06	5.385145e-09	2.160252e-08	3.844455e+01	1.283687e+03
1.650000e-06	5.387197e-09	2.160548e-08	3.845920e+01	1.283753e+03
1.660000e-06	5.387226e-09	2.160277e-08	3.845941e+01	1.283603e+03
1.670000e-06	5.385591e-09	2.160056e-08	3.844774e+01	1.283287e+03
1.680000e-06	5.382388e-09	2.159491e-08	3.842487e+01	1.282850e+03
1.690000e-06	5.377407e-09	2.158541e-08	3.838931e+01	1.282311e+03
1.700000e-06	5.370465e-09	2.156909e-08	3.833975e+01	1.281653e+03
1.710000e-06	5.361827e-09	2.154995e-08	3.827809e+01	1.280824e+03
1.720000e-06	5.351617e-09	2.153034e-08	3.820520e+01	1.279756e+03
1.730000e-06	5.339636e-09	2.149575e-08	3.811967e+01	1.278388e+03
1.740000e-06	5.325627e-09	2.146423e-08	3.801966e+01	1.276690e+03
1.750000e-06	5.309611e-09	2.150628e-08	3.790532e+01	1.274677e+03
1.760000e-06	5.291336e-09	2.148251e-08	3.777485e+01	1.272412e+03
1.770000e-06	5.270363e-09	2.139923e-08	3.762513e+01	1.269982e+03
1.780000e-06	5.247145e-09	2.130743e-08	3.745938e+01	1.267476e+03
1.790000e-06	5.222596e-09	2.115906e-08	3.728412e+01	1.264954e+03
1.800000e-06	5.197181e-09	2.125822e-08	3.710268e+01	1.262430e+03
1.810000e-06	5.170274e-09	2.126648e-08	3.691059e+01	1.259866e+03
1.820000e-06	5.141176e-09	2.107166e-08	3.670287e+01	1.257188e+03
1.830000e-06	5.110389e-09	2.114809e-08	3.648308e+01	1.254312e+03
1.840000e-06	5.077883e-09	2.109796e-08	3.625101e+01	1.251174e+03
1.850000e-06	5.043411e-09	2.098408e-08	3.600492e+01	1.247744e+03
1.860000e-06	5.007476e-09	2.099436e-08	3.574838e+01	1.244040e+03
1.870000e-06	4.969641e-09	2.074851e-08	3.547827e+01	1.240111e+03
1.880000e-06	4.929878e-09	2.072086e-08	3.519441e+01	1.236015e+03
1.890000e-06	4.888544e-09	2.084398e-08	3.489932e+01	1.231798e+03
1.900000e-06	4.845465e-09	2.066976e-08	3.459178e+01	1.227473e+03
1.910000e-06	4.800914e-09	2.058615e-08	3.427374e+01	1.223013e+03
1.920000e-06	4.754497e-09	2.046524e-08	3.394236e+01	1.218370e+03
1.930000e-06	4.706017e-09	2.042015e-08	3.359626e+01	1.213485e+03
1.940000e-06	4.656008e-09	2.043451e-08	3.323925e+01	1.208320e+03
1.950000e-06	4.604255e-09	2.018153e-08	3.286978e+01	1.202863e+03
1.960000e-06	4.550526e-09	2.014224e-08	3.248622e+01	1.197139e+03
1.970000e-06	4.494918e-09	2.013783e-08	3.208923e+01	1.191193e+03
1.980000e-06	4.437634e-09	2.001185e-08	3.168028e+01	1.185075e+03
1.990000e-06	4.378990e-09	1.986377e-08	3.126162e+01	1.178820e+03
2.000000e-06	4.318836e-09	1.967228e-08	3.083218e+01	1.172434e+03
2.010000e-06	4.256988e-09	1.969608e-08	3.039065e+01	1.165895e+03
2.020000e-06	4.193494e-09	1.957768e-08	2.993737e+01	1.159164e+03
2.030000e-06	4.128541e-09	1.938745e-08	2.947367e+01	1.152201e+03
2.040000e-06	4.062238e-09	1.928795e-08	2.900033e+01	1.144985e+03
2.050000e-06	3.994495e-09	1.916490e-08	2.851671e+01	1.137514e+03
2.060000e-06	3.925202e-09	1.911852e-08	2.802203e+01	1.129811e+03
2.070000e-06	3.854300e-09	1.889744e-08	2.751587e+01	1.121908e+03
2.080000e-06	3.782047e-09	1.872448e-08	2.700005e+01	1.113834e+03
2.090000e-06	3.708501e-09	1.863757e-08	2.647500e+01	1.105597e+03
2.100000e-06	3.633534e-09	1.850648e-08	2.593981e+01	1.097185e+03
2.110000e-06	3.557115e-09	1.836441e-08	2.539426e+01	1.088566e+03
2.120000e-06	3.479072e-09	1.814895e-08	2.483712e+01	1.079708e+03
2.130000e-06	3.399681e-09	1.804767e-08	2.427034e+01	1.070586e+03
2.140000e-06	3.319171e-09	1.790893e-08	2.369558e+01	1.061196e+03
2.150000e-06	3.237573e-09	1.771722e-08	2.311305e+01	1.051558e+03
2.160000e-06	3.154984e-09	1.752401e-08	2.252345e+01	1.041704e+03
2.170000e-06	3.071366e-09	1.736105e-08	2.192650e+01	1.031668e+03
2.180000e-06	2.986622e-09	1.724985e-08	2.132151e+01	1.021468e+03
2.190000e-06	2.900571e-09	1.704306e-08	2.070720e+01	1.011098e+03
2.200000e-06	2.813389e-09	1.683336e-08	2.008481e+01	1.000533e+03
2.210000e-06	2.725263e-09	1.665702e-08	1.945567e+01	9.897329e+02
2.220000e-06	2.636249e-09	1.650832e-08	1.882020e+01	9.786629e+02
2.230000e-06	2.546438e-09	1.631245e-08	1.817904e+01	9.673037e+02
2.240000e-06	2.455832e-09	1.607355e-08	1.753221e+01	9.556599e+02
2.250000e-06	2.364419e-09	1.588763e-08	1.687960e+01	9.437566e+02
2.260000e-06	2.272155e-09	1.571196e-08	1.622093e+01	9.316288e+02
2.270000e-06	2.179077e-09	1.550275e-08	1.555645e+01	9.193057e+02
2.280000e-06	2.085125e-09	1.525451e-08	1.488573e+01	9.067986e+02
2.290000e-06	1.990275e-09	1.504057e-08	1.420859e+01	8.940951e+02
2.300000e-06	1.894676e-09	1.485714e-08	1.352611e+01	8.811633e+02
2.310000e-06	1.798468e-09	1.463604e-08	1.283928e+01	8.679636e+02
2.320000e-06	1.701744e-09	1.437955e-08	1.214877e+01	8.544631e+02
2.330000e-06	1.604473e-09	1.414145e-08	1.145435e+01	8.406466e+02
2.340000e-06	1.506611e-09	1.393065e-08	1.075572e+01	8.265208e+02
2.350000e-06	1.408230e-09	1.369310e-08	1.005337e+01	8.121080e+02
2.360000e-06	1.309443e-09	1.342059e-08	9.348135e+00	7.974350e+02
2.370000e-06	1.210309e-09	1.315996e-08	8.640414e+00	7.825185e+02
2.380000e-06	1.110824e-09	1.292796e-08	7.930188e+00	7.673554e+02
2.390000e-06	1.010976e-09	1.267719e-08	7.217371e+00	7.519210e+02
2.400000e-06	9.107725e-10	1.239018e-08	6.502022e+00	7.361745e+02
2.410000e-06	8.102164e-10	1.210502e-08	5.784152e+00	7.200712e+02
2.420000e-06	7.092816e-10	1.184475e-08	5.063579e+00	7.035749e+02
2.430000e-06	6.079911e-10	1.157219e-08	4.340468e+00	6.866656e+02
2.440000e-06	5.064549e-10	1.126359e-08	3.615602e+00	6.693394e+02
2.450000e-06	4.047439e-10	1.095073e-08	2.889488e+00	6.516008e+02
2.460000e-06	3.028427e-10	1.065841e-08	2.162016e+00	6.334486e+02
2.470000e-06	2.007715e-10	1.036141e-08	1.433331e+00	6.148629e+02
2.480000e-06	9.862301e-11	1.002823e-08	7.040929e-01	5.957961e+02
2.490000e-06	-3.532090e-12	9.681561e-09	-2.519191e-02	5.761709e+02
2.500000e-06	-1.056824e-10	9.347423e-09	-7.544429e-01	5.558879e+02
2.510000e-06	-2.077835e-10	9.008686e-09	-1.483342e+00	5.348376e+02
2.520000e-06	-3.097161e-10	8.634122e-09	-2.211038e+00	5.129144e+02
2.530000e-06	-4.114632e-10	8.233327e-09	-2.937410e+00	4.900273e+02
2.540000e-06	-5.130643e-10	7.836172e-09	-3.662739e+00	4.661056e+02
2.550000e-06	-6.144374e-10	7.429082e-09	-4.386441e+00	4.410954e+02
2.560000e-06	-7.154647e-10	6.983579e-09	-5.107674e+00	4.149515e+02
2.570000e-06	-8.161149e-10	6.506397e-09	-5.826216e+00	3.876230e+02
2.580000e-06	-9.164095e-10	6.027015e-09	-6.542219e+00	3.590385e+02
2.590000e-06	-1.016352e-09	5.541051e-09	-7.255706e+00	3.290911e+02
2.600000e-06	-1.115914e-09	5.014631e-09	-7.966480e+00	2.976275e+02
2.610000e-06	-1.215089e-09	4.446841e-09	-8.674491e+00	2.644427e+02
2.620000e-06	-1.313898e-09	3.856786e-09	-9.379893e+00	2.292834e+02
2.630000e-06	-1.412316e-09	3.240892e-09	-1.008250e+01	1.918619e+02
2.640000e-06	-1.510273e-09	2.572433e-09	-1.078181e+01	1.518826e+02
2.650000e-06	-1.607696e-09	1.841668e-09	-1.147732e+01	1.090805e+02
2.660000e-06	-1.704578e-09	1.068469e-09	-1.216896e+01	6.326825e+01
2.670000e-06	-1.800938e-09	2.578017e-10	-1.285687e+01	1.438454e+01
2.680000e-06	-1.896748e-09	-6.057978e-10	-1.354086e+01	-3.746424e+01
2.690000e-06	-1.991963e-09	-1.525504e-09	-1.422060e+01	-9.197967e+01
2.700000e-06	-2.086494e-09	-2.479925e-09	-1.489546e+01	-1.486715e+02
2.710000e-06	-2.180179e-09	-3.449459e-09	-1.556428e+01	-2.068857e+02
2.720000e-06	-2.272897e-09	-4.435618e-09	-1.622619e+01	-2.658570e+02
2.730000e-06	-2.364659e-09	-5.434033e-09	-1.688128e+01	-3.247784e+02
2.740000e-06	-2.455562e-09	-6.419950e-09	-1.753023e+01	-3.828734e+02
2.750000e-06	-2.545636e-09	-7.370151e-09	-1.817327e+01	-4.394597e+02
2.760000e-06	-2.634802e-09	-8.284469e-09	-1.880983e+01	-4.939918e+02
2.770000e-06	-2.723056e-09	-9.167224e-09	-1.943988e+01	-5.460795e+02
2.780000e-06	-2.810485e-09	-1.000666e-08	-2.006403e+01	-5.954818e+02
2.790000e-06	-2.897007e-09	-1.078879e-08	-2.068171e+01	-6.420832e+02
2.800000e-06	-2.982337e-09	-1.151935e-08	-2.129088e+01	-6.858617e+02
2.810000e-06	-3.066411e-09	-1.221209e-08	-2.189109e+01	-7.268584e+02
2.820000e-06	-3.149396e-09	-1.286439e-08	-2.248352e+01	-7.651529e+02
2.830000e-06	-3.231351e-09	-1.346735e-08	-2.306860e+01	-8.008498e+02
2.840000e-06	-3.312248e-09	-1.402511e-08	-2.364612e+01	-8.340718e+02
2.850000e-06	-3.392097e-09	-1.455085e-08	-2.421616e+01	-8.649576e+02
2.860000e-06	-3.470793e-09	-1.504236e-08	-2.477797e+01	-8.936598e+02
2.870000e-06	-3.547971e-09	-1.548969e-08	-2.532895e+01	-9.203398e+02
2.880000e-06	-3.623558e-09	-1.590009e-08	-2.586856e+01	-9.451605e+02
2.890000e-06	-3.697764e-09	-1.628826e-08	-2.639832e+01	-9.682777e+02
2.900000e-06	-3.770641e-09	-1.665753e-08	-2.691859e+01	-9.898333e+02
2.910000e-06	-3.842271e-09	-1.700065e-08	-2.742996e+01	-1.009953e+03
2.920000e-06	-3.912544e-09	-1.731734e-08	-2.793164e+01	-1.028745e+03
2.930000e-06	-3.981200e-09	-1.761669e-08	-2.842177e+01	-1.046310e+03
2.940000e-06	-4.048368e-09	-1.789931e-08	-2.890128e+01	-1.062737e+03
2.950000e-06	-4.114209e-09	-1.815825e-08	-2.937132e+01	-1.078114e+03
2.960000e-06	-4.178673e-09	-1.839473e-08	-2.983154e+01	-1.092525e+03
2.970000e-06	-4.241756e-09	-1.861909e-08	-3.028188e+01	-1.106045e+03
2.980000e-06	-4.303184e-09	-1.883625e-08	-3.072042e+01	-1.118744e+03
2.990000e-06	-4.362887e-09	-1.904119e-08	-3.114664e+01	-1.130675e+03
3.000000e-06	-4.421144e-09	-1.923058e-08	-3.156253e+01	-1.141886e+03
3.010000e-06	-4.477957e-09	-1.940896e-08	-3.196812e+01	-1.152414e+03
3.020000e-06	-4.533238e-09	-1.957772e-08	-3.236278e+01	-1.162295e+03
3.030000e-06	-4.586671e-09	-1.973387e-08	-3.274424e+01	-1.171564e+03
3.040000e-06	-4.638122e-09	-1.987606e-08	-3.311154e+01	-1.180261e+03
3.050000e-06	-4.687793e-09	-2.001089e-08	-3.346615e+01	-1.188422e+03
3.060000e-06	-4.735472e-09	-2.014238e-08	-3.380653e+01	-1.196084e+03
3.070000e-06	-4.781267e-09	-2.026744e-08	-3.413346e+01	-1.203276e+03
3.080000e-06	-4.825554e-09	-2.038290e-08	-3.444962e+01	-1.210016e+03
3.090000e-06	-4.868361e-09	-2.049318e-08	-3.475522e+01	-1.216321e+03
3.100000e-06	-4.909660e-09	-2.059639e-08	-3.505005e+01	-1.222202e+03
3.110000e-06	-4.949411e-09	-2.068921e-08	-3.533384e+01	-1.227677e+03
3.120000e-06	-4.987338e-09	-2.077103e-08	-3.560460e+01	-1.232772e+03
3.130000e-06	-5.023308e-09	-2.084669e-08	-3.586139e+01	-1.237518e+03
3.140000e-06	-5.057536e-09	-2.092195e-08	-3.610575e+01	-1.241949e+03
3.150000e-06	-5.090082e-09	-2.099485e-08	-3.633809e+01	-1.246092e+03
3.160000e-06	-5.120828e-09	-2.106133e-08	-3.655758e+01	-1.249963e+03
3.170000e-06	-5.149557e-09	-2.112161e-08	-3.676269e+01	-1.253562e+03
3.180000e-06	-5.176436e-09	-2.117907e-08	-3.695457e+01	-1.256877e+03
3.190000e-06	-5.201601e-09	-2.123162e-08	-3.713423e+01	-1.259893e+03
3.200000e-06	-5.224987e-09	-2.127497e-08	-3.730118e+01	-1.262600e+03
3.210000e-06	-5.246359e-09	-2.131009e-08	-3.745376e+01	-1.265004e+03
3.220000e-06	-5.265783e-09	-2.134371e-08	-3.759242e+01	-1.267127e+03
3.230000e-06	-5.283544e-09	-2.137738e-08	-3.771922e+01	-1.269005e+03
3.240000e-06	-5.299535e-09	-2.140795e-08	-3.783338e+01	-1.270672e+03
3.250000e-06	-5.313355e-09	-2.143254e-08	-3.793204e+01	-1.272153e+03
3.260000e-06	-5.324944e-09	-2.145493e-08	-3.801478e+01	-1.273449e+03
3.270000e-06	-5.334662e-09	-2.147506e-08	-3.808415e+01	-1.274543e+03
3.280000e-06	-5.342611e-09	-2.149059e-08	-3.814090e+01	-1.275405e+03
3.290000e-06	-5.348583e-09	-2.149861e-08	-3.818354e+01	-1.276007e+03
3.300000e-06	-5.352550e-09	-2.150315e-08	-3.821186e+01	-1.276336e+03
3.310000e-06	-5.354768e-09	-2.150803e-08	-3.822769e+01	-1.276408e+03
